4495453	1
84801	1
38032272	1
7783902	1
4237791	1
44467221	1
25643673	1
6235766	1
1801493	1
36365454	1
15774682	1
27483463	1
12470774	1
12797031	1
643577	1
15079781	1
578585	1
371650	1
809513	1
2385228	1
26279072	1
3312353	1
1682862	1
17145715	1
6516917	1
15230086	1
2636138	1
17784595	1
3147301	1
41864013	1
48211038	1
11381666	1
4463128	1
358124	1
3853398	1
15497189	1
34885429	1
4653545	1
11527045	1
15212569	1
36563993	1
2364655	1
5829092	1
20226	1
7684716	1
4744127	1
2003205	1
1692123	1
26555029	1
9448305	1
33346654	1
7086010	1
3434005	1
1675860	1
15933133	1
30292946	1
1914327	1
19640708	1
32372087	1
2667131	1
8280311	1
17301342	1
6247672	1
336048	1
24627576	1
1676183	1
15541842	1
3426959	1
2070044	1
16211726	1
21468389	1
34252354	1
15541190	1
682323	1
36358824	1
15521869	1
152915	1
2311527	1
383384	1
867442	1
298782	1
33192102	1
38101530	1
8132979	1
15535796	1
268342	1
11436273	1
21445041	1
1764480	1
529558	1
24544456	1
849263	1
221421	1
1405413	1
12240767	1
106439	1
6141509	1
235972	1
32738199	1
7908389	1
169252	1
108062	1
33945431	1
5207960	1
16355457	1
11712728	1
18627909	1
957684	1
500409	1
9448041	1
489616	1
2311435	1
15637083	1
17173785	1
36262279	1
229411	1
2549916	1
13673205	1
1372482	1
21182986	1
7921795	1
10202480	1
7478155	1
7757372	1
44529949	1
361850	1
26463372	1
1108887	1
22942781	1
1026281	1
15607673	1
36488534	1
15539160	1
147969	1
620197	1
2099769	1
9650103	1
214903	1
7235	1
1223320	1
7948365	1
1038194	1
4071233	1
5963137	1
18423681	1
842468	1
8218926	1
9010873	1
25410592	1
25087975	1
9663343	1
2632423	1
2522162	1
17973170	1
98570	1
7399353	1
490409	1
8992727	1
856724	1
5796937	1
8549939	1
16142326	1
2568343	1
19132553	1
145078	1
20591901	1
4527926	1
8549727	1
1985695	1
9449290	1
16108977	1
106357	1
8329632	1
35251459	1
3219163	1
30864894	1
19359142	1
7900183	1
283975	1
4466445	1
1829274	1
12133070	1
8294619	1
703706	1
1217989	1
15467248	1
7919851	1
330637	1
5017761	1
15522861	1
12346498	1
6247680	1
2349781	1
1500906	1
47169342	1
8549686	1
247885	1
14436365	1
11983898	1
11915088	1
3122627	1
25300989	1
9685209	1
15877021	1
309277	1
3764719	1
4019618	1
6027734	1
14354023	1
24213663	1
11539394	1
5063270	1
7475017	1
21183206	1
4601090	1
13875970	1
1169396	1
5925958	1
1530725	1
13264613	1
26448201	1
3116215	1
35220554	1
4433161	1
25667175	1
2671219	1
48600179	1
26340745	1
299331	1
4079808	1
2399644	1
25726687	1
13892980	1
19011958	1
766569	1
1510400	1
16274118	1
606749	1
1039334	1
1697072	1
7921801	1
23195624	1
2627311	1
20764500	1
19291904	1
32704082	1
5044085	1
22416614	1
1863678	1
2883155	1
3474073	1
908545	1
4803331	1
1599704	1
1143048	1
16598205	1
28208	1
13938992	1
2319364	1
9428728	1
2036805	1
42131175	1
42927	1
18397283	1
6075107	1
1431110	1
31464318	1
3476299	1
20642186	1
4445730	1
30468604	1
2226803	1
44013193	1
413361	1
107832	1
8368329	1
4104794	1
434184	1
2804352	1
2801877	1
18307806	1
5431601	1
21660012	1
1734604	1
34775904	1
11974540	1
18725747	1
6703701	1
34310877	1
1148123	1
1894791	1
22753513	1
7243500	1
1279782	1
105767	1
11994125	1
31639596	1
20558321	1
48152646	1
44521468	1
1296396	1
15144080	1
11608698	1
38565382	1
7085291	1
8855590	1
4074732	1
9329251	1
562363	1
6158885	1
498335	1
1202295	1
31276608	1
12482115	1
26526850	1
6111676	1
2356927	1
842854	1
2396159	1
22019875	1
29375727	1
301060	1
3086879	1
4099118	1
2058532	1
19705832	1
3475979	1
5043591	1
2597875	1
824490	1
16973582	1
108132	1
1623960	1
8890866	1
6247689	1
1803473	1
4433187	1
8500309	1
2773497	1
2326755	1
1238913	1
6977393	1
48160833	1
4433169	1
92666	1
5275403	1
2214831	1
1682875	1
9448922	1
8095683	1
9428952	1
32552538	1
7092083	1
12227283	1
8112908	1
698821	1
6209871	1
10118126	1
2837437	1
3475264	1
420031	1
14431773	1
6135781	1
2923197	1
40893595	1
7440486	1
29797429	1
232298	1
20572118	1
2145469	1
393939	1
7466418	1
14447231	1
27347949	1
42645635	1
8787039	1
108035	1
6156492	1
8250038	1
25433448	1
15219867	1
11078601	1
17104602	1
5932264	1
14571265	1
1650533	1
345873	1
5695926	1
5954417	1
3748188	1
13188516	1
20623741	1
80777	1
3474007	1
23203844	1
11950550	1
7030878	1
1399704	1
10239171	1
25046336	1
12714836	1
22174560	1
3105538	1
29322001	1
2858630	1
2859911	1
6247681	1
12502251	1
107825	1
2109877	1
3473907	1
13350801	1
267928	1
23070	1
2200247	1
5462493	1
541471	1
58483	1
675241	1
9432521	1
3276958	1
4966419	1
5220049	1
18653	1
21261753	1
6489827	1
2176664	1
33303307	1
2252266	1
34530188	1
196313	1
2573	1
14412525	1
16018825	1
1088087	1
4542994	1
1379777	1
143441	1
3831907	1
7401856	1
4680411	1
1659118	1
3475413	1
362701	1
15592443	1
3960460	1
108118	1
6730034	1
568130	1
14716825	1
25744518	1
809515	1
8371056	1
15230175	1
1454296	1
3775356	1
10443301	1
2099938	1
25779546	1
602018	1
5134242	1
108030	1
11767655	1
2220720	1
30945438	1
10128110	1
6073647	1
901189	1
322244	1
15765802	1
16689785	1
33840675	1
16001072	1
3396696	1
4433190	1
4728342	1
35337345	1
27399567	1
4433162	1
7081255	1
229419	1
1228886	1
4298593	1
15535670	1
28038594	1
14465548	1
2587138	1
14891665	1
143465	1
56148	1
17143781	1
156347	1
7669540	1
1586243	1
16966659	1
1025772	1
747155	1
7793911	1
4054749	1
299067	1
13896875	0
510323	0
11171998	0
7529000	0
484113	0
13472870	0
6091539	0
17997961	0
31813157	0
723050	0
25122894	0
3484057	0
26192917	0
3737825	0
25024836	0
15596285	0
42834486	0
12157083	0
21033180	0
9032200	0
31625881	0
33720517	0
9854020	0
22116893	0
428706	0
16225496	0
13763327	0
8611318	0
969187	0
25008962	0
24981665	0
34666331	0
41782367	0
19519004	0
32515284	0
19231947	0
44344999	0
35278810	0
27475005	0
12223368	0
845360	0
12648	0
33723705	0
52121	0
47735087	0
14585667	0
12134243	0
5707227	0
3637884	0
3643019	0
9355452	0
3238462	0
7568693	0
27355732	0
925525	0
10096452	0
6559970	0
39801851	0
2278796	0
2024077	0
4061619	0
12772579	0
2597915	0
2933211	0
27697227	0
5902890	0
15894419	0
7273583	0
11301115	0
213497	0
32695725	0
6348261	0
453420	0
25455405	0
42861870	0
15218190	0
43457607	0
3878498	0
19239383	0
1381556	0
23676478	0
4279944	0
32655791	0
48555647	0
15148870	0
4301963	0
10432304	0
5986768	0
35350851	0
22545433	0
72132	0
6838385	0
23202134	0
311822	0
29637351	0
2500737	0
11637896	0
4561935	0
1634765	0
32146119	0
34320274	0
5027972	0
15003254	0
20871737	0
1942361	0
894516	0
14506516	0
14198364	0
4098021	0
33086082	0
8264562	0
40205655	0
10707715	0
21130117	0
9088305	0
15363621	0
28860882	0
31850659	0
27129863	0
39936673	0
3575471	0
1249101	0
2212472	0
17700607	0
33162258	0
3387968	0
1210288	0
22572095	0
44071013	0
48681075	0
23596951	0
7456133	0
8571874	0
5995253	0
17350485	0
3552547	0
11598437	0
4268921	0
5418209	0
488401	0
35739253	0
26095305	0
24279329	0
15169148	0
2141684	0
21285475	0
1115025	0
842966	0
1570005	0
16084974	0
12296588	0
5045926	0
479363	0
20972783	0
26362720	0
22644879	0
95580	0
3227110	0
10727885	0
11755581	0
31007571	0
384750	0
4189438	0
34813129	0
18866574	0
1457003	0
17443506	0
6710199	0
17180961	0
4669375	0
400119	0
737608	0
9334586	0
10938277	0
27082796	0
2646656	0
36811642	0
21049559	0
22291285	0
40286554	0
48154528	0
41597535	0
16301827	0
5726266	0
1208626	0
2112026	0
8014802	0
38711438	0
6779513	0
3803226	0
14511389	0
1890576	0
47609359	0
41570651	0
2893310	0
3490144	0
27121038	0
64248	0
12137243	0
15335517	0
11278195	0
49321422	0
10540965	0
91561	0
5548563	0
7393339	0
353016	0
5205036	0
25420982	0
22792208	0
4377979	0
6142206	0
6246526	0
10306414	0
14046580	0
14505719	0
5888380	0
14710391	0
12625653	0
1362769	0
139366	0
32654855	0
287007	0
1346921	0
23529374	0
2036036	0
35551441	0
40281562	0
10453984	0
33249236	0
3776373	0
2389099	0
18421352	0
12576085	0
134114	0
4411016	0
512972	0
39727949	0
25583384	0
1600378	0
4481878	0
23661668	0
22360621	0
41432147	0
2117970	0
13054177	0
12686050	0
864347	0
654592	0
32874207	0
38443402	0
5706562	0
6434424	0
6097590	0
32310672	0
2674763	0
25030969	0
9267342	0
20894712	0
15098153	0
111141	0
822831	0
43801555	0
2428262	0
9368786	0
23840769	0
2944813	0
6818899	0
12806268	0
30467162	0
5854212	0
5413813	0
2085928	0
135893	0
11924384	0
2231531	0
23860812	0
16763733	0
33055742	0
48737871	0
1482008	0
6463356	0
610293	0
1677351	0
14790700	0
10294122	0
53916	0
16106301	0
44673295	0
9653893	0
22828235	0
2178558	0
14212070	0
122418	0
37503412	0
1602729	0
207211	0
5119141	0
38182167	0
24410784	0
22018149	0
3061544	0
6396655	0
110582	0
129994	0
20903086	0
1798777	0
8238759	0
44410789	0
8433469	0
1531933	0
33773022	0
16132932	0
706128	0
1963410	0
29089968	0
28244286	0
46883773	0
21508618	0
7153541	0
28012395	0
1218817	0
19184153	0
12664223	0
1027159	0
13067842	0
33887035	0
999990	0
30624418	0
3698454	0
1424038	0
12637853	0
828759	0
637048	0
1531689	0
19910768	0
209935	0
39763482	0
5161747	0
28381339	0
260424	0
41770786	0
26275619	0
313766	0
1991054	0
3070846	0
2933051	0
35983729	0
30471003	0
111229	0
42211463	0
38059642	0
15647978	0
268904	0
26986044	0
5746956	0
128458	0
4274556	0
7968508	0
37066684	0
27510681	0
11177107	0
128300	0
17179018	0
1580706	0
1953739	0
12544758	0
33883380	0
48707885	0
17367596	0
37764509	0
1167714	0
12125128	0
6085515	0
25980218	0
187479	0
4028199	0
2988177	0
7435292	0
21923745	0
33502104	0
1889235	0
24174595	0
1981845	0
22569687	0
10367463	0
4759391	0
29153540	0
2808365	0
10520817	0
22195707	0
15237252	0
7624730	0
2086069	0
12736731	0
6927277	0
6199032	0
27784271	0
24033345	0
14739030	0
1350706	0
3647059	0
5070350	0
7642112	0
32967433	0
46931249	0
18328611	0
17346283	0
2490232	0
874165	0
2837439	0
21387150	0
199665	0
1164602	0
4088115	0
104927	0
292920	0
20127736	0
17016768	0
30330725	0
7479552	0
6217619	0
910217	0
24748025	0
3992446	0
19283753	0
16918272	0
28646877	0
11045945	0
31134278	0
5684757	0
41179620	0
42759626	0
2875121	0
18724795	0
5308953	0
21776045	0
26993720	0
3989513	0
559980	0
394866	0
204408	0
4543171	0
4637227	0
22160221	0
25700827	0
27114437	0
10253176	0
18005000	0
3823859	0
14392	0
28557854	0
1137753	0
130610	0
38498	0
22395346	0
33371221	0
36590349	0
13548970	0
9551529	0
2555627	0
3911670	0
37900445	0
7802119	0
1622714	0
4407312	0
29898540	0
6824186	0
2802876	0
1988296	0
1577844	0
39968545	0
33021051	0
3737894	0
3725062	0
169114	0
25131202	0
4427523	0
19612238	0
2914807	0
5911216	0
8342002	0
6233723	0
40600379	0
10285378	0
15811322	0
6085466	0
29642402	0
214948	0
25813801	0
18865101	0
25493244	0
3093650	0
13666161	0
260374	0
28780369	0
10945807	0
104984	0
1656243	0
29185143	0
