5962043	1
721437	1
10672	1
9892629	1
900532	1
1995393	1
3500956	1
217489	1
2499183	1
24906905	1
72891	1
3507912	1
6189848	1
1934516	1
2619469	1
33001305	1
48907519	1
15571	1
2152227	1
4411812	1
234978	1
1958691	1
1878140	1
4244261	1
859537	1
3520067	1
2915386	1
4113951	1
913572	1
19717127	1
753644	1
1778270	1
2372828	1
4772235	1
1161456	1
4774214	1
6086298	1
1934018	1
562363	1
168482	1
1679379	1
278651	1
74375	1
2017360	1
11843506	1
4160731	1
72878	1
612710	1
39204231	1
6704389	1
1162444	1
219692	1
512006	1
2375096	1
9946	1
5564124	1
358365	1
11352002	1
2352512	1
1571010	1
12740179	1
930476	1
95187	1
227649	1
380483	1
1279816	1
13857717	1
97641	1
948653	1
15978758	1
1336172	1
1238511	1
6149493	1
2731583	1
2262647	1
1450958	1
231283	1
2130120	1
288189	1
5541456	1
3201753	1
449874	1
102226	1
2081558	1
22041771	1
23746411	1
1760727	1
84271	1
1350511	1
11217925	1
243389	1
155667	1
20197943	1
9710127	1
24580262	1
158377	1
21073	1
18899569	1
12686962	1
72879	1
2299	1
149743	1
13709055	1
23507839	1
1593874	1
4582648	1
16035391	1
3061544	1
63402	1
1123365	1
40136821	1
233824	1
3018482	1
1769993	1
8706294	1
1642899	1
246228	1
36839467	1
5595222	1
4477	1
4254794	1
704497	1
4714488	1
2995504	1
28733135	1
859816	1
1932648	1
7828036	1
9998539	1
6422393	1
1345744	1
607797	1
21471997	1
542511	1
4637936	1
21608907	1
27924708	1
8934604	1
309867	1
91345	1
189764	1
684951	1
194311	1
737517	1
1290057	1
21979290	1
664861	1
5138153	1
92402	1
1530067	1
2743279	1
7023603	1
2435125	1
3245847	1
37951511	1
214478	1
13060731	1
1479650	1
1169713	1
79591	1
14987655	1
8391726	1
4303865	1
1384166	1
1116685	1
12088279	1
2314766	1
41130604	1
31668340	1
1958528	1
30876119	1
331439	1
871709	1
148922	1
26329	1
1626207	1
1264057	1
408903	1
496020	1
325230	1
26993796	1
4195047	1
2117222	1
876251	1
1371130	1
1292057	1
1097304	1
99961	1
14144944	1
34190958	1
34355660	1
3450382	1
587159	1
37595741	1
60589	1
16175	1
1570217	1
7208295	1
721002	1
1042715	1
29834070	1
2889289	1
254036	1
1906344	1
7937572	1
10260924	1
14020657	1
11245612	1
34205445	1
1347553	1
3388233	1
1546753	1
1189487	1
864191	1
37535	1
1527882	1
1247005	1
475545	1
948312	1
10467092	1
24507	1
407890	1
11650372	1
31266750	1
391547	1
926791	1
961504	1
5569734	1
1468510	1
3375081	1
1896884	1
1611051	1
1952529	1
772287	1
310570	1
24914508	1
39414849	1
3431415	1
19583036	1
1788366	1
4518068	1
235309	1
2741945	1
4031561	1
743491	1
105972	1
3402049	1
6821588	1
1975753	1
8087628	1
73139	1
850536	1
33759615	1
45330	1
9721922	1
18018200	1
1223579	1
27084812	1
4332746	1
3801600	1
1963613	1
2024907	1
11700544	1
1127174	1
176945	1
32153326	1
635081	1
8391819	1
1818915	1
75920	1
408709	1
2413258	1
9134518	1
99434	1
106366	1
1735239	1
240308	1
1733960	1
1544788	1
12154728	1
35771113	1
9019239	1
43983	1
648294	1
3448063	1
1870457	1
444138	1
4787442	1
567888	1
1954966	1
22155294	1
424217	1
39812904	1
196388	1
702722	1
972202	1
1434011	1
1215165	1
43794	1
17172501	1
44863750	1
5603774	1
2320036	1
148397	1
1666592	1
4936993	1
5498285	1
62755	1
2377331	1
845097	1
666644	1
23945378	1
14284681	1
408127	1
1324771	1
3044843	1
277463	1
274330	1
2560285	1
323251	1
23339	1
1522436	1
1721669	1
8236703	1
21806557	1
21558539	1
34287836	1
15739888	1
1766985	1
220160	1
19287950	1
27621093	1
13259888	1
24687662	1
1679365	1
14678185	1
11862690	1
5331356	1
765176	1
27129863	1
494643	1
1858964	1
7075822	1
155721	1
100506	1
31446537	1
3276162	1
4894320	1
853064	1
19042900	1
386895	1
44070430	1
171993	1
4254070	1
2105418	1
217241	1
28631	1
37782	1
1779343	1
3047418	1
11730272	1
22887334	1
212126	1
4439091	1
134026	1
2982073	1
4561	1
6593489	1
261904	1
3303845	1
40806357	1
1244895	1
44309	1
1053905	1
2332880	1
34578410	1
1647981	1
75758	1
8346322	1
167154	1
898237	1
7365905	1
7018398	1
230691	1
756385	1
61866	1
318094	1
6018311	1
4534043	1
1306683	1
209416	1
265883	1
18329	1
2374738	1
12442987	1
336332	1
9548488	1
440135	1
8507389	1
2507914	1
3463913	1
21131695	1
780268	1
170026	1
669224	1
1530054	1
9658774	1
186089	1
22518740	1
5315130	1
54219	1
2153806	1
1793301	1
11909709	1
6033520	1
3827918	1
2841497	1
51333	1
3052849	1
15864477	1
323078	1
11220807	1
965798	1
35618972	1
1731607	1
17014177	1
770311	1
2314834	1
5056265	1
592243	1
9619156	1
2562643	1
1918074	1
6115598	1
2744153	1
40260281	1
7150361	1
1313984	1
12469530	1
11238	1
1235065	1
30877049	1
6375201	1
5676652	1
1251101	1
38622259	1
159119	1
41205798	1
609475	1
757212	1
19549707	1
51745	1
251916	1
12935111	1
12968200	1
639185	1
7998376	1
14230578	1
6707631	1
1060790	1
5948462	1
17272102	1
765165	1
8384327	1
161091	1
3570921	1
4298062	1
675504	1
102685	1
440467	1
3186407	1
1408926	1
2982761	1
111471	1
3076383	1
2921412	1
26157154	1
252147	1
7033912	1
5103653	1
1699539	1
4986640	1
2293402	1
1499196	1
311037	1
9210500	1
2253411	1
727542	1
5487221	1
29558742	1
3414185	1
20139344	1
73126	1
3143138	1
4225203	1
153856	1
2526958	1
1368672	1
846083	1
123462	1
25649789	0
185880	0
7058592	0
569306	0
20710296	0
24970416	0
597892	0
20477672	0
30386583	0
3898538	0
6916629	0
338450	0
31889797	0
12872230	0
26832587	0
1780664	0
3052746	0
21304766	0
18396037	0
34228740	0
24702247	0
1416778	0
3915650	0
4752499	0
6099172	0
19178895	0
3454669	0
1739070	0
1282590	0
5900446	0
23625890	0
12173004	0
848952	0
33137645	0
6826645	0
151005	0
12819059	0
8901865	0
2684697	0
21688483	0
26674840	0
3958696	0
22805591	0
27922055	0
16292907	0
1885018	0
14001614	0
33327429	0
2015550	0
166858	0
10165981	0
3236934	0
41715733	0
25829507	0
573985	0
8779670	0
1977031	0
1868687	0
23233476	0
8282686	0
22086041	0
110140	0
5035757	0
3402697	0
23553390	0
132140	0
9286720	0
49331945	0
5721535	0
4253714	0
35796017	0
36839701	0
3767935	0
1811799	0
28900922	0
5200149	0
11996656	0
12267514	0
30727718	0
26640091	0
14515177	0
5650474	0
3070084	0
14501077	0
23538697	0
15264705	0
23640169	0
128997	0
14141897	0
354860	0
12444821	0
28848470	0
5553568	0
22885419	0
34556482	0
3463739	0
1159065	0
4052543	0
21588915	0
19316974	0
134885	0
522346	0
25064524	0
10967434	0
28046406	0
159858	0
12560804	0
44889641	0
7197092	0
31354456	0
43231847	0
3414366	0
9308424	0
21596923	0
19665856	0
8197735	0
12915526	0
2668457	0
9226799	0
21309609	0
664170	0
518203	0
24375939	0
27091124	0
8044294	0
23181795	0
1097827	0
101197	0
675048	0
33382398	0
1973041	0
13475	0
9844043	0
14942118	0
28165549	0
29473885	0
455863	0
1232822	0
2351920	0
3108410	0
4337966	0
21322097	0
190423	0
11745854	0
1477062	0
858208	0
39575782	0
21431900	0
13589568	0
6576642	0
655887	0
39456235	0
43301332	0
6442221	0
20547235	0
3256077	0
44006596	0
10610623	0
36148672	0
5139124	0
34756336	0
1065254	0
15041517	0
20372148	0
17210438	0
186914	0
166028	0
2110	0
1918495	0
6023595	0
704933	0
5607528	0
187407	0
4798633	0
2650666	0
10259218	0
12924021	0
1717941	0
24436948	0
30865174	0
42862954	0
39946167	0
9836751	0
29700154	0
50485	0
7417596	0
9601299	0
13063124	0
7913866	0
30871703	0
7417292	0
18289775	0
8366527	0
2424494	0
34650809	0
21273306	0
48654119	0
297801	0
41271316	0
1886621	0
124391	0
2594280	0
2641359	0
15914005	0
2364264	0
16756723	0
1768020	0
12667259	0
1304111	0
48869775	0
40013336	0
14269898	0
10733052	0
3459846	0
8337396	0
30435576	0
1495782	0
1935622	0
743640	0
6621337	0
8498274	0
30708714	0
10578333	0
35659911	0
2839635	0
715817	0
6796067	0
25058540	0
13019149	0
15993824	0
2852536	0
1634683	0
3913225	0
35219333	0
114644	0
10420606	0
30441810	0
15758614	0
37282764	0
7260238	0
242590	0
36418935	0
29585814	0
43362009	0
1834343	0
1924488	0
10436317	0
6478653	0
25359148	0
10911216	0
13251478	0
2780121	0
24933156	0
180093	0
3627158	0
7057312	0
6180505	0
10909885	0
32234942	0
11613338	0
1922119	0
1555985	0
15151906	0
5967864	0
29463782	0
17206213	0
47755244	0
26745800	0
24763817	0
4169610	0
5795807	0
46429802	0
6751625	0
6397498	0
7619949	0
3939118	0
14967438	0
17474207	0
41747576	0
22335757	0
13962240	0
23306740	0
1481366	0
8918042	0
6899356	0
1878967	0
1331	0
948326	0
6291352	0
6702023	0
9208485	0
22424616	0
39387888	0
5809609	0
611355	0
5036336	0
16728077	0
6132144	0
3881207	0
19625443	0
5680454	0
25407863	0
37960	0
111918	0
32483152	0
25387556	0
11207905	0
6680367	0
9635708	0
41993603	0
13286221	0
48731591	0
108510	0
19695497	0
9185888	0
419548	0
6560220	0
17550771	0
37495106	0
24820197	0
40546176	0
45311580	0
43275603	0
47300092	0
4445680	0
2225851	0
13085228	0
27718165	0
9069649	0
350325	0
19963478	0
2965345	0
2530422	0
3721727	0
2638175	0
1500024	0
4850366	0
8787039	0
6967547	0
6823050	0
410173	0
11775016	0
5908378	0
3035357	0
7372801	0
19252433	0
47744153	0
174750	0
599936	0
18530168	0
28349423	0
24139089	0
29235504	0
1976348	0
16400038	0
26300940	0
15200752	0
30760533	0
586268	0
3631891	0
96678	0
23570465	0
126018	0
1069326	0
31855729	0
6060006	0
2113473	0
17452266	0
43008352	0
11994108	0
31627164	0
1683189	0
35650195	0
18488805	0
1150500	0
1455904	0
1362836	0
24965496	0
14891462	0
116968	0
9515	0
47342559	0
35701430	0
34514643	0
239469	0
5305601	0
30862556	0
6437494	0
4321694	0
1888566	0
4344802	0
15437063	0
13662292	0
21005152	0
204994	0
15685470	0
9631020	0
26862474	0
37792874	0
37243709	0
241390	0
795350	0
25268328	0
14996273	0
6415660	0
43555351	0
2753178	0
4275174	0
2897615	0
21622866	0
115169	0
13881413	0
109564	0
5511747	0
7325054	0
12902477	0
4686700	0
844614	0
723895	0
4262960	0
12043324	0
980799	0
9772548	0
19768901	0
18287344	0
1971772	0
18260142	0
3868274	0
14360032	0
6052688	0
6391574	0
9081605	0
2170168	0
41490289	0
10164899	0
128607	0
36081763	0
134122	0
7444085	0
20537996	0
43452945	0
26313061	0
2727889	0
22967187	0
117288	0
38090689	0
31498171	0
14844781	0
2120070	0
107755	0
36894273	0
21801896	0
32499403	0
23829391	0
9247200	0
17783018	0
389380	0
20140298	0
16818691	0
38134776	0
15133148	0
65574	0
36644930	0
20425992	0
32966548	0
4240618	0
5817589	0
24089782	0
12452663	0
2369567	0
39350389	0
764101	0
28262522	0
3044306	0
14812435	0
46408645	0
1060433	0
172540	0
380451	0
1597478	0
37041207	0
2446733	0
13643031	0
14399156	0
2306217	0
3009952	0
3610152	0
22610861	0
37861982	0
136359	0
1330484	0
11737061	0
8260781	0
39182024	0
30698525	0
936385	0
34775176	0
3963618	0
33214072	0
1710365	0
