119297	1
20859726	1
32561072	1
6147488	1
15607787	1
125044	1
137629	1
630604	1
23518760	1
5769309	1
2705497	1
18440829	1
2987891	1
25414907	1
8898545	1
96102	1
1009236	1
4319562	1
2244265	1
36503606	1
7124465	1
32612429	1
3021829	1
2296524	1
248957	1
172065	1
306032	1
14631674	1
5209702	1
398798	1
57932	1
391324	1
91246	1
26254168	1
171528	1
125041	1
50268	1
133464	1
1348572	1
150613	1
285588	1
38585	1
901562	1
125201	1
9449865	1
2233285	1
535856	1
23571013	1
11854854	1
125560	1
375984	1
1656306	1
433228	1
4107089	1
255205	1
4108301	1
132991	1
9569960	1
9911528	1
8056631	1
41973	1
57244	1
25901460	1
178833	1
198232	1
31856274	1
140546	1
451535	1
154819	1
18933240	1
1131910	1
126259	1
293888	1
3651442	1
149347	1
17711199	1
2449680	1
3046529	1
24453040	1
131367	1
1322404	1
116903	1
771690	1
4771648	1
3411409	1
126263	1
2609153	1
9472088	1
13688058	1
26531073	1
95005	1
149917	1
2752080	1
17626078	1
1208613	1
11085502	1
125043	1
856083	1
1450093	1
887503	1
18438401	1
21351999	1
21084097	1
15720870	1
125581	1
247725	1
946890	1
7915215	1
172334	1
13734215	1
637282	1
27912280	1
240827	1
112373	1
366105	1
491919	1
25372127	1
46684	1
300887	1
33812	1
5839992	1
195840	1
1198088	1
31835248	1
4165545	1
46389	1
451536	1
46852	1
15406121	1
4771780	1
2527172	1
142280	1
33971	1
51613	1
816426	1
4708779	1
407790	1
112410	1
1350077	1
3925427	1
125542	1
2852611	1
23487343	1
14255495	1
1929498	1
494581	1
1386159	1
4510137	1
38397198	1
558060	1
86406	1
201375	1
38284363	1
27222778	1
301933	1
1572527	1
219974	1
28238505	1
5024569	1
710783	1
14410430	1
17955344	1
93263	1
241578	1
2783555	1
154660	1
4864978	1
617348	1
20188509	1
3139354	1
2548547	1
259478	1
129045	1
1468404	1
5688436	1
6596217	1
764000	1
1129368	1
627762	1
2316601	1
2010854	1
4558157	1
21459943	1
36634680	1
126245	1
3339428	1
133388	1
253174	1
36932711	1
43851801	1
129516	1
7707591	1
4180432	1
48848792	1
20971993	1
8827022	1
19609857	1
17367057	1
18441164	1
2919440	1
2700867	1
5023832	1
7127832	1
47953182	1
24033246	1
5201531	1
2949977	1
2153743	1
153222	1
349602	1
153200	1
24390798	1
1348479	1
221625	1
4199932	1
3665127	1
162896	1
132949	1
2696551	1
4857987	1
132984	1
4304395	1
111060	1
7749572	1
25828161	1
25545935	1
18656258	1
182340	1
154115	1
7784232	1
1268467	1
4119422	1
2965737	1
2627855	1
2423225	1
12230956	1
1333670	1
18534409	1
5976626	1
117766	1
23191324	1
12307185	1
4748846	1
30549538	1
76747	1
679247	1
19741856	1
133424	1
6549088	1
675667	1
784912	1
125020	1
26762634	1
31346488	1
91293	1
18426208	1
149360	1
17253257	1
157619	1
134245	1
399199	1
616842	1
157672	1
91917	1
99613	1
48757	1
285337	1
14758675	1
918556	1
27150499	1
1293697	1
9467275	1
3946756	1
27612618	1
264756	1
637270	1
47620	1
5293711	1
132397	1
190999	1
9867745	1
1193896	1
668697	1
33679734	1
1746848	1
5288997	1
590000	1
23498564	1
4918401	1
16083197	1
128091	1
4582227	1
131069	1
3907634	1
1666113	1
1752101	1
111051	1
7161679	1
322159	1
1620623	1
125639	1
585395	1
1155748	1
2537250	1
4707003	1
518586	1
93342	1
126260	1
3380304	1
21325184	1
112374	1
137472	1
3792888	1
25040773	1
9807663	1
1474349	1
4211519	1
739383	1
34370983	1
21877168	1
187118	1
100515	1
18433321	1
498538	1
1035036	1
103183	1
96108	1
2609639	1
864341	1
4643441	1
133474	1
21874655	1
150228	1
93664	1
57447	1
4698689	1
4710299	1
311482	1
151019	1
2220552	1
259959	1
16003568	1
25838490	1
466266	1
1287459	1
1348627	1
6183295	1
131534	1
228428	1
93314	1
37964004	1
483690	1
6542638	1
156857	1
249457	1
86580	1
2917610	1
32602158	1
1238634	1
13829640	1
28621059	1
42801635	1
3042047	1
6311844	1
585594	1
125532	1
7874054	1
27576753	1
4651250	1
124691	1
133045	1
2550021	1
2505331	1
6435661	1
344944	1
2809117	1
116386	1
8477134	1
2695663	1
4596148	1
25676539	1
16339	1
3532260	1
5454926	1
2488286	1
5414351	1
865333	1
30648435	1
1980089	1
52392	1
35776946	1
1633535	1
4539084	1
6968683	1
1689783	1
390622	1
18435	1
131047	1
230188	1
6959311	1
14544223	1
464272	1
23359584	1
9424712	1
1311131	1
116906	1
1744738	1
1698849	1
1664557	1
27773	1
131035	1
93341	1
2540160	1
94167	1
13745123	1
3603516	1
7104	1
1884470	1
2218898	1
26867844	1
26637933	1
200638	1
2133647	1
19039354	1
4717009	1
357032	1
50534	1
11526547	1
133401	1
150214	1
36645074	1
27667191	1
2810562	1
11922183	1
48548724	1
15402549	1
2235023	1
3861792	1
259657	1
7403649	1
2848289	1
48296	1
652321	1
4514091	1
378863	1
10117342	1
206258	1
133457	1
480621	1
25495046	1
150156	1
209348	1
1572498	1
25758881	1
411660	1
93273	1
31569930	1
1916440	1
3835142	1
36967476	1
99850	1
411679	1
273766	1
152674	1
14197	1
26784762	1
93250	1
10676390	1
553564	1
116331	1
248965	1
4692195	1
9145640	1
7134402	1
9607574	1
90938	1
4015636	1
560806	1
26830182	1
153044	1
95647	1
1666132	1
287936	1
125569	1
4619998	1
29748860	1
1718624	1
27076022	1
140782	1
2953969	1
1407631	1
342067	1
2006267	1
1934808	1
125248	1
27556770	1
15030688	1
131414	1
132356	1
763046	1
14951467	0
19799121	0
40232589	0
37932265	0
20128213	0
10783298	0
5849644	0
11484331	0
494336	0
34881200	0
4102629	0
34192494	0
18315775	0
6807246	0
36277806	0
33820691	0
10997114	0
42463323	0
2581644	0
457886	0
93507	0
42755014	0
1606561	0
6479919	0
5638034	0
27346394	0
48604521	0
13533294	0
2821638	0
1167513	0
108766	0
16352010	0
2280969	0
3578168	0
998413	0
5399032	0
22866867	0
2209983	0
10816557	0
9424626	0
133860	0
12817425	0
9249770	0
18977325	0
15192958	0
5808063	0
5347413	0
6861858	0
1403697	0
431026	0
24937614	0
14721941	0
310417	0
295094	0
45566137	0
28340325	0
23763864	0
15796197	0
132811	0
480121	0
15513544	0
23865223	0
23795392	0
9360092	0
732903	0
8711951	0
91749	0
35794134	0
45400740	0
4921438	0
31636176	0
163286	0
2453052	0
503169	0
10099131	0
8567914	0
7751258	0
24726168	0
16961201	0
1887835	0
25120747	0
1425295	0
10198459	0
5999645	0
4903370	0
11573275	0
28399415	0
2157729	0
4613899	0
2819457	0
44817531	0
11877827	0
527894	0
5657353	0
43851028	0
47259492	0
16703711	0
5983391	0
9713115	0
21600165	0
48741944	0
6064136	0
5801157	0
525886	0
106645	0
27544316	0
27791839	0
884625	0
7398725	0
1753825	0
827949	0
426996	0
26125257	0
127398	0
9610140	0
72357	0
6888022	0
13531240	0
8350241	0
22837218	0
6158000	0
2160632	0
2814369	0
24044294	0
133882	0
9806955	0
417011	0
178272	0
135125	0
255856	0
41701509	0
572954	0
3496672	0
19390338	0
285954	0
1929553	0
117189	0
10146726	0
1590617	0
6723273	0
1727643	0
9637998	0
1067293	0
28289110	0
1609893	0
1963625	0
25740608	0
40070868	0
1109293	0
28344789	0
32372087	0
31870863	0
5855569	0
2491095	0
2192178	0
7162338	0
9749154	0
29268148	0
2625463	0
3745809	0
1053268	0
17501474	0
22533820	0
5384138	0
18122260	0
36416239	0
9353426	0
12881847	0
27153402	0
41897467	0
37358861	0
1150844	0
26482579	0
13333022	0
1369063	0
43707905	0
920758	0
31800237	0
6749917	0
2361202	0
1802256	0
389977	0
2362587	0
34414128	0
3043478	0
396355	0
10537469	0
46435501	0
2861358	0
5947692	0
1704749	0
275377	0
31548239	0
33549404	0
20303544	0
453017	0
41328156	0
13830672	0
4449898	0
9495306	0
15898488	0
925789	0
25537494	0
36915138	0
993725	0
37448919	0
46819369	0
45619626	0
55491	0
360837	0
5521964	0
9385188	0
7905164	0
21480116	0
619137	0
6243276	0
110741	0
1820052	0
5984306	0
14591914	0
1835441	0
2421411	0
10324713	0
3978663	0
5186905	0
33068400	0
47399595	0
375710	0
5503948	0
4219571	0
20922826	0
47528163	0
26276259	0
1285249	0
9288505	0
27670038	0
24094831	0
3655194	0
1371078	0
3228981	0
30809428	0
794761	0
28710074	0
4476561	0
20502309	0
42814754	0
13751311	0
3771893	0
15647791	0
22131323	0
21280609	0
2189441	0
884963	0
953814	0
1780366	0
13976184	0
41539228	0
23642250	0
1133352	0
40015876	0
2544875	0
30277450	0
34146877	0
557000	0
856948	0
43048972	0
22289130	0
2867311	0
46620004	0
12502438	0
20753502	0
45181087	0
5807482	0
24676856	0
27964128	0
42567500	0
18632669	0
2191118	0
2172957	0
17272314	0
4768518	0
23652502	0
24451533	0
8083963	0
11199982	0
8883966	0
4529589	0
4407049	0
9391094	0
697128	0
13923195	0
2850982	0
71949	0
18531218	0
690479	0
21913055	0
17921570	0
31766884	0
3893742	0
8563448	0
6534198	0
6530744	0
2381490	0
7898653	0
10421066	0
3931932	0
36268383	0
2414106	0
2555832	0
5265794	0
10876194	0
49210443	0
13185352	0
13284806	0
1447954	0
29279665	0
6438862	0
22918973	0
32752710	0
30327000	0
5636171	0
712553	0
477753	0
33212870	0
2843744	0
3535484	0
1989495	0
5564304	0
10749143	0
879967	0
5542164	0
38482237	0
2651711	0
51314	0
383581	0
38350145	0
29214507	0
33279045	0
3294268	0
23540543	0
1131214	0
2846405	0
1400809	0
13458092	0
43404429	0
37965617	0
7382971	0
1854895	0
20547174	0
23532287	0
91210	0
4456059	0
6117536	0
2441005	0
12823760	0
44801986	0
22991105	0
43959353	0
27628806	0
47563118	0
189155	0
14757530	0
16705496	0
12453998	0
197973	0
26024107	0
24126373	0
26685654	0
25540977	0
33013169	0
402940	0
42081143	0
3439841	0
6757633	0
8737003	0
3482909	0
106848	0
20390145	0
3235707	0
1964301	0
22946183	0
12736595	0
10738099	0
3742059	0
31251716	0
43077892	0
135910	0
25004721	0
4703277	0
1065502	0
4295212	0
24006349	0
36749147	0
132143	0
13331017	0
3793009	0
10205999	0
25828814	0
22866501	0
392103	0
11158584	0
23754831	0
24513333	0
40593318	0
38395307	0
15792647	0
21093796	0
22061892	0
14855422	0
1124810	0
6719175	0
16655592	0
277361	0
34379452	0
32714852	0
20484568	0
8260868	0
184987	0
13479359	0
25253126	0
11397556	0
29271280	0
37267561	0
9993655	0
33864801	0
1962289	0
18707927	0
17727609	0
91910	0
12575465	0
3676374	0
3421276	0
6601878	0
28665157	0
2630891	0
18003328	0
135272	0
2242743	0
16113542	0
14962245	0
15501951	0
929163	0
974338	0
210255	0
43000567	0
16437742	0
1019134	0
5976675	0
33436343	0
5127113	0
38372822	0
22897531	0
35749663	0
5680845	0
40800834	0
14010520	0
5252165	0
21125577	0
1490395	0
17024268	0
30600042	0
24505300	0
1553679	0
6718663	0
40531766	0
1456550	0
11568585	0
33448813	0
186642	0
6690735	0
6212940	0
1999223	0
10018409	0
37288610	0
40440804	0
30863142	0
6150509	0
2067209	0
3689586	0
11755593	0
28171816	0
2149506	0
120272	0
6859441	0
26338951	0
5193849	0
3161216	0
194750	0
5365262	0
33449762	0
12538140	0
25556278	0
8642084	0
27036371	0
14097474	0
2661373	0
4359899	0
6884448	0
29563017	0
123787	0
