21019099	1
27828258	1
28068747	1
3946076	1
21324574	1
6113576	1
27700113	1
570815	1
29021076	1
714187	1
6038206	1
2747778	1
28861318	1
5328455	1
31122417	1
20786907	1
24520074	1
28544169	1
1655558	1
6168344	1
17443121	1
22999248	1
22835658	1
1730410	1
15498152	1
18240921	1
959015	1
19414347	1
724605	1
20411096	1
36192111	1
3000783	1
29383750	1
744128	1
4142032	1
1168906	1
27882039	1
1938873	1
830473	1
28218651	1
158300	1
58819	1
2628733	1
26591519	1
10920490	1
7651497	1
25725242	1
247463	1
29399450	1
27780267	1
12965604	1
17186559	1
25264537	1
28311443	1
32035721	1
5962318	1
27084674	1
2023767	1
1641288	1
18708454	1
183050	1
5104049	1
21034082	1
8909461	1
27630477	1
93676	1
3226239	1
25187672	1
17133026	1
73066	1
2579766	1
1645972	1
26158128	1
10468511	1
2600589	1
9922664	1
18083106	1
5326571	1
1238511	1
25947677	1
37618520	1
78443	1
8896753	1
32306954	1
2113531	1
1975961	1
4417115	1
10034668	1
18959	1
3967808	1
11887556	1
22170495	1
1535861	1
1084104	1
25129324	1
1518216	1
4471583	1
14767465	1
25547367	1
78343	1
34382297	1
151854	1
1024998	1
921304	1
29795597	1
26808336	1
17095291	1
28483859	1
4550596	1
4360742	1
28666671	1
26412366	1
4210616	1
23483182	1
23652051	1
7508468	1
7447706	1
5713543	1
22432223	1
10817026	1
2901559	1
24507778	1
44213633	1
26723018	1
20534393	1
1360488	1
28036740	1
17624419	1
26409328	1
17002853	1
8816632	1
24227646	1
22313111	1
31699806	1
16936274	1
10076365	1
901243	1
3612736	1
4301777	1
2863195	1
29210709	1
122433	1
22407875	1
328471	1
29254753	1
13411300	1
25468636	1
3970216	1
1093085	1
12571212	1
8618963	1
21381654	1
31591180	1
2983368	1
14040801	1
164477	1
26797617	1
6068814	1
3213075	1
30315684	1
28354407	1
372308	1
1595102	1
23027821	1
26913623	1
28380216	1
20771457	1
6793346	1
9568721	1
3518602	1
13913	1
29569384	1
26898301	1
37518137	1
11569044	1
15033706	1
3146089	1
28810589	1
666377	1
940024	1
2109459	1
1255446	1
512686	1
27265374	1
4346337	1
1328362	1
34364931	1
27109258	1
661703	1
29679367	1
468631	1
168429	1
27005795	1
29154803	1
22478157	1
892948	1
8540004	1
11942311	1
27876613	1
29148765	1
22445663	1
25871295	1
27356931	1
27634561	1
17963159	1
2565958	1
26280345	1
1847804	1
1078724	1
342825	1
26700109	1
27855068	1
29314104	1
3577771	1
24178862	1
24066368	1
2322625	1
2203295	1
7594118	1
1020904	1
1626358	1
402576	1
28774536	1
26424981	1
25940126	1
3831213	1
271876	1
32780729	1
31085041	1
35748856	1
25738090	1
27701445	1
27917074	1
652850	1
21011080	1
61404	1
10688166	1
6250151	1
993669	1
276244	1
28135485	1
10434481	1
27855549	1
1840670	1
26985397	1
48375799	1
24441987	1
2150678	1
29533458	1
1431898	1
26878593	1
21678052	1
4100984	1
4380925	1
3979988	1
24689168	1
20849052	1
13950816	1
43438951	1
606878	1
28184726	1
2627002	1
26383640	1
27655272	1
23975289	1
42909206	1
1429432	1
24951893	1
24864065	1
19541876	1
1285218	1
23438736	1
1492403	1
15008931	1
1837972	1
27286962	1
23039062	1
322524	1
27596291	1
26089335	1
25522248	1
440153	1
30645389	1
22988148	1
1347553	1
2380535	1
639599	1
17908468	1
8322109	1
19133401	1
27945593	1
20223490	1
10707946	1
1838411	1
26220679	1
20670569	1
28367241	1
21089759	1
5049029	1
251524	1
3630190	1
18309247	1
17146481	1
28391573	1
2475738	1
5079351	1
27875162	1
26191302	1
6213422	1
23435490	1
26227677	1
4946153	1
1882022	1
964756	1
18601640	1
174953	1
31077307	1
480943	1
18400651	1
23182097	1
615874	1
15968597	1
27365514	1
2437065	1
4218785	1
319618	1
28834563	1
7611482	1
27363328	1
25282459	1
416276	1
30982004	1
792732	1
3664395	1
21047187	1
414579	1
20897708	1
28816584	1
22687958	1
29673634	1
23290986	1
29061269	1
27177505	1
8352972	1
23230401	1
20672258	1
3339338	1
4610042	1
4786447	1
25351317	1
7216466	1
1019101	1
25728791	1
14594923	1
27594042	1
29684773	1
8155297	1
27448785	1
27227639	1
1592042	1
11237859	1
28425994	1
26796699	1
95098	1
26012082	1
2182477	1
12990241	1
29149863	1
27232530	1
16143599	1
15132050	1
20544661	1
393614	1
21242497	1
7657112	1
25800652	1
3150853	1
27695673	1
37430420	1
4562913	1
3104601	1
22112114	1
26578073	1
1085091	1
16341149	1
3032782	1
10491033	1
11032121	1
313998	1
28981056	1
28744821	1
25867898	1
22115183	1
321331	1
21267479	1
49537660	1
2777824	1
19843990	1
426255	1
25801593	1
25711199	1
29589801	1
43378	1
29528920	1
8225021	1
407686	1
2818427	1
1423327	1
1076642	1
1756788	1
6016867	1
9906301	1
7307003	1
374039	1
16243428	1
32687754	1
18010084	1
29254569	1
5066315	1
22851721	1
63283	1
9589287	1
1890480	1
24340763	1
1205820	1
23849465	1
1533111	1
935148	1
484019	1
26348521	1
23005187	1
20222491	1
6679345	1
19463280	1
573199	1
1166612	1
19839590	1
19081292	1
2445619	1
27825779	1
22576290	1
30707158	1
1637932	1
29296617	1
34253151	1
309134	1
28328373	1
1897987	1
27157990	1
10261376	1
3181419	1
809235	1
29258082	1
38148416	1
27707739	1
27448975	1
4377306	1
2934724	1
288704	1
22866272	1
27828959	1
3361801	1
22261832	1
20545329	1
502379	1
6045957	1
23214384	1
1818612	1
130730	1
4763847	1
22739064	1
28100063	1
3151346	1
24708146	1
13541210	1
2342363	1
27618869	1
33770875	1
3905362	1
19098264	1
10065403	1
21976996	1
7050159	1
3178754	1
2374761	1
1941216	1
3729941	1
20583840	1
27048113	1
30864612	1
34330360	1
23132121	1
27228974	1
2447369	1
2103	1
1284310	1
27692862	1
148051	1
6421922	1
42621	1
8609289	0
1765433	0
7258767	0
5555180	0
20725331	0
15611636	0
14420539	0
15024264	0
16302756	0
21828420	0
33013073	0
18722263	0
17843715	0
11016200	0
31079566	0
3821576	0
684797	0
2234403	0
2795534	0
371321	0
1964080	0
44847526	0
10039484	0
11698514	0
10694905	0
37243316	0
32071439	0
15810351	0
8900290	0
27695850	0
10318925	0
7991687	0
25530798	0
1437252	0
18723793	0
4881091	0
10724508	0
1203268	0
5532844	0
14697501	0
43823556	0
19806066	0
756375	0
26521467	0
6974072	0
33899575	0
8864060	0
3559745	0
2552616	0
2764929	0
1431727	0
134764	0
5287768	0
11696504	0
9369090	0
916382	0
46868612	0
44680833	0
43579814	0
21759521	0
14925134	0
2158585	0
1517110	0
6134289	0
5400949	0
2390565	0
959661	0
11248911	0
538103	0
1340755	0
2192344	0
6595991	0
17773978	0
16788938	0
24921645	0
38254570	0
20243540	0
9534686	0
10827017	0
2734446	0
3657393	0
27501663	0
2345828	0
11688820	0
22579133	0
7851946	0
29196886	0
14888039	0
1570279	0
634886	0
8514240	0
24621824	0
26823712	0
23143742	0
22918325	0
38975888	0
19511864	0
2984811	0
656154	0
22175440	0
6560335	0
47385957	0
29633398	0
15934062	0
6520612	0
10251273	0
31567095	0
274386	0
10059764	0
4445316	0
1968785	0
15183470	0
1978514	0
53189	0
9989310	0
11407212	0
6551653	0
5097285	0
6961743	0
11302603	0
9011940	0
23511279	0
18389302	0
553206	0
13859514	0
27897957	0
11523776	0
48441488	0
12476361	0
164614	0
175596	0
3134872	0
11542365	0
25742203	0
1311903	0
18569077	0
7533856	0
34367451	0
19558411	0
18690083	0
4869167	0
14613233	0
36525113	0
37235907	0
6645191	0
476817	0
15303476	0
29228632	0
26723154	0
19786944	0
8164656	0
700608	0
7898506	0
18753042	0
38850465	0
6733651	0
7552277	0
13961452	0
7781072	0
7819019	0
6120279	0
42675190	0
18798509	0
41033509	0
35841336	0
16340386	0
1132254	0
9187436	0
31877835	0
91710	0
95442	0
4556990	0
20967047	0
42031739	0
351015	0
46359661	0
32806120	0
34477851	0
14444906	0
6915766	0
4701864	0
2434745	0
13103935	0
18634447	0
2119517	0
3409452	0
3629510	0
5964766	0
9092893	0
25683711	0
415018	0
2462062	0
4577598	0
16696459	0
28119141	0
13563320	0
4216868	0
929053	0
2430225	0
7085152	0
14778619	0
1147698	0
12556	0
41116807	0
600846	0
4776071	0
8400593	0
5422257	0
13432715	0
4481167	0
5502316	0
1080859	0
5392300	0
3920757	0
5027100	0
38443850	0
46238094	0
4980100	0
18221955	0
28838258	0
8274278	0
42707155	0
118539	0
14628893	0
128200	0
34635	0
37625160	0
9263047	0
30212332	0
26148051	0
5814281	0
82925	0
38449667	0
11156022	0
1188021	0
194321	0
8704308	0
2491962	0
2222450	0
6068243	0
10074424	0
23860177	0
38332245	0
27290834	0
1234983	0
9210885	0
5017090	0
186493	0
425932	0
21524306	0
30663023	0
859755	0
9706333	0
8293236	0
24506246	0
4050950	0
2246637	0
327344	0
4738320	0
2016220	0
14852420	0
2450522	0
30864125	0
6301409	0
2046487	0
3128675	0
6868868	0
20540618	0
21019034	0
46425283	0
28562963	0
19487044	0
5046977	0
6755153	0
21413608	0
3828610	0
2581247	0
845633	0
30284304	0
13178693	0
28344382	0
567081	0
8824317	0
9166157	0
20914066	0
13071731	0
1114528	0
35220419	0
23546178	0
2194507	0
1955450	0
5546258	0
10305495	0
803696	0
33518395	0
13809255	0
24357130	0
21817867	0
35683205	0
2907122	0
10108681	0
4502631	0
9430828	0
32249992	0
2531105	0
10406397	0
2666246	0
8116757	0
6125777	0
7669549	0
15528129	0
107319	0
4335125	0
37918793	0
41468227	0
82255	0
24955039	0
4331144	0
123360	0
13972717	0
4295736	0
2942883	0
6946771	0
17236819	0
42340911	0
39124371	0
25667575	0
1571394	0
20678420	0
11717623	0
12112383	0
13722862	0
37122383	0
5019707	0
17784359	0
896511	0
2842674	0
47485480	0
5954669	0
27948579	0
915914	0
110017	0
649664	0
40061646	0
1873585	0
44042967	0
43103349	0
383955	0
7332186	0
49008617	0
2779745	0
22167685	0
43082253	0
3638030	0
7883763	0
364377	0
2355327	0
3754799	0
6412452	0
12151542	0
27994818	0
739384	0
26113684	0
12199138	0
2966340	0
17312329	0
20394670	0
35064069	0
20907331	0
42856396	0
12181139	0
34215	0
10763443	0
20967229	0
7852095	0
19393768	0
45326059	0
990475	0
11064731	0
8915407	0
34376937	0
217201	0
6245255	0
24487566	0
6601645	0
8687305	0
133232	0
37852442	0
6561419	0
6813769	0
5143412	0
4986127	0
324100	0
18719689	0
8771927	0
8668610	0
12917041	0
1691726	0
23942698	0
29692289	0
5278693	0
12946	0
467272	0
27528365	0
1618484	0
11285267	0
956001	0
1963178	0
46830446	0
18185597	0
9815013	0
2544601	0
46287705	0
285438	0
3730085	0
38277046	0
8336613	0
1524962	0
8244255	0
37143886	0
1104576	0
1558598	0
1467707	0
1775062	0
4876099	0
43286498	0
19012819	0
1343808	0
22012978	0
650913	0
511567	0
806443	0
3994073	0
22463188	0
24611507	0
40742609	0
1055073	0
8679863	0
2371823	0
20205816	0
1612072	0
27986651	0
45278116	0
60948	0
4898765	0
548127	0
25349650	0
5350145	0
35411492	0
9914297	0
38430806	0
1065577	0
9226979	0
36054006	0
1713738	0
48192097	0
12191480	0
22354180	0
7725180	0
1805783	0
41931608	0
35244347	0
298593	0
11592003	0
3575776	0
27714052	0
3942340	0
664132	0
36992032	0
32700679	0
20992763	0
5361626	0
24956122	0
921449	0
4736229	0
4928507	0
32043689	0
38335206	0
17291889	0
5642156	0
29403469	0
30859803	0
16187640	0
13572669	0
1946177	0
1543906	0
17495402	0
1747357	0
6991710	0
15126429	0
15715464	0
1242053	0
18800679	0
7029586	0
8904198	0
20804342	0
16624940	0
23880169	0
8882704	0
2840699	0
