420855	1
34116757	1
26811721	1
273845	1
3622493	1
2595119	1
1500490	1
516566	1
59020	1
30873141	1
27265015	1
3352991	1
27978123	1
644332	1
10244469	1
14207717	1
3506264	1
23646101	1
140843	1
1353601	1
734304	1
1693874	1
7397516	1
219311	1
2410846	1
1227661	1
1564041	1
1996199	1
489179	1
5580850	1
21532566	1
861952	1
29555091	1
211193	1
2951738	1
1703513	1
7515849	1
16648802	1
5648306	1
437258	1
2758904	1
11448454	1
962197	1
24261717	1
2757752	1
93281	1
411726	1
162108	1
751182	1
493057	1
21010798	1
8264447	1
128870	1
19031183	1
450380	1
737046	1
22021377	1
4673021	1
16850928	1
11587575	1
33488635	1
420203	1
5872926	1
597867	1
209942	1
6046282	1
4288571	1
827880	1
343177	1
53739	1
415710	1
749956	1
196270	1
656572	1
10316037	1
330752	1
1449108	1
581570	1
248786	1
20800362	1
4541722	1
4306068	1
340569	1
2830345	1
878643	1
339600	1
631136	1
1030217	1
761809	1
25961932	1
43284898	1
5573894	1
8674932	1
530322	1
258736	1
14003866	1
41518856	1
8529516	1
609514	1
9755474	1
2936571	1
937643	1
30702486	1
2213837	1
31498	1
400307	1
15161999	1
9384678	1
13229421	1
13635966	1
32178616	1
385864	1
1492809	1
2606480	1
42405967	1
1646186	1
38744396	1
559686	1
6788019	1
8473931	1
29353	1
10686699	1
544629	1
10355367	1
121550	1
12767519	1
416844	1
149365	1
5301768	1
46449685	1
34153346	1
1105762	1
612403	1
16892288	1
23193233	1
28694170	1
168465	1
17943151	1
632980	1
28003095	1
984468	1
36852949	1
9172743	1
788947	1
17446266	1
31916039	1
31126932	1
31113	1
332073	1
1786789	1
754962	1
23306893	1
21835290	1
2410821	1
45519602	1
13468827	1
15342372	1
156536	1
17896789	1
4678261	1
1804168	1
7243991	1
521409	1
34257312	1
1431040	1
668180	1
115529	1
6175226	1
13487	1
178437	1
354551	1
42222492	1
2434821	1
20438174	1
30227235	1
1623735	1
3195969	1
3598265	1
13656044	1
9111532	1
96089	1
393701	1
1192154	1
2347787	1
1230239	1
6283068	1
16266312	1
1687832	1
1260815	1
4128887	1
4404359	1
3345052	1
1125451	1
1701799	1
1748783	1
24316832	1
2027795	1
2064637	1
2545821	1
30505220	1
1225322	1
6847322	1
551168	1
13275	1
8322155	1
7244995	1
270578	1
45414893	1
44317092	1
3858979	1
82387	1
24716064	1
13751399	1
31212326	1
14206625	1
365242	1
57521	1
28275896	1
3846477	1
3263184	1
526221	1
1369690	1
9687763	1
13763918	1
4792249	1
580226	1
411381	1
2201413	1
9172531	1
610184	1
41347158	1
5321212	1
4179797	1
173411	1
1239988	1
21040414	1
23317298	1
1219663	1
7297804	1
17630011	1
14707022	1
7550097	1
32097	1
160059	1
73276	1
47236	1
33433	1
2232500	1
533450	1
3975857	1
14093515	1
3095859	1
621227	1
38720657	1
23002952	1
47094	1
2347801	1
7621902	1
920938	1
412561	1
12081129	1
15890549	1
3310832	1
9926186	1
3284333	1
3494655	1
987178	1
5334463	1
1176731	1
628366	1
25153210	1
251512	1
1838387	1
6264824	1
169366	1
10636232	1
2899940	1
1768856	1
13883490	1
3096132	1
1177035	1
411144	1
32554845	1
300279	1
166346	1
2695519	1
4912478	1
1221197	1
34336387	1
22967517	1
22506020	1
98039	1
505756	1
24610822	1
1353147	1
41405076	1
408887	1
7454885	1
33069295	1
2760275	1
15431287	1
21798666	1
1794715	1
2985382	1
33153875	1
9708949	1
1841250	1
4172231	1
12225091	1
2151	1
550845	1
4145723	1
1464221	1
20611019	1
81285	1
1318693	1
1798820	1
609582	1
9979948	1
68323	1
37600898	1
5971742	1
16977477	1
7391716	1
1370129	1
8744271	1
3689614	1
302102	1
39870681	1
21364360	1
6606991	1
1509413	1
2813003	1
594891	1
5417969	1
714965	1
2972816	1
15496839	1
23502528	1
50691	1
33070667	1
5656187	1
15565152	1
583525	1
375065	1
1486915	1
84507	1
3739310	1
22356183	1
264029	1
1483295	1
917815	1
2891113	1
4043692	1
208033	1
265836	1
2982039	1
1074252	1
4632630	1
27331990	1
15163175	1
345156	1
5236826	1
18786883	1
1362768	1
1817022	1
3163643	1
3010717	1
3065452	1
36703624	1
2670127	1
3499965	1
994552	1
1804426	1
17657668	1
2156999	1
10170537	1
212710	1
3796661	1
956575	1
44290471	1
91306	1
650431	1
548229	1
8925967	1
359999	1
672283	1
5113666	1
32912329	1
26658782	1
5547791	1
6694200	1
505486	1
47836725	1
2811248	1
597892	1
854617	1
809832	1
14086380	1
2075922	1
115538	1
935267	1
40206385	1
2934400	1
26470475	1
2950838	1
3387957	1
1093037	1
5724629	1
961811	1
403745	1
41804647	1
382000	1
925575	1
95544	1
5073006	1
28663227	1
3052515	1
3411930	1
2496566	1
1713353	1
6050658	1
336846	1
682586	1
174228	1
210307	1
40522806	1
29158613	1
6375558	1
2875175	1
33168794	1
20271557	1
6463356	1
9799581	1
7252334	1
29752373	1
2346310	1
31684533	1
6191831	1
488957	1
25226811	1
1951726	1
4107501	1
1437031	1
45704724	1
1621856	1
12388315	1
14328	1
7450689	1
915360	1
5196730	1
3195491	1
36035560	1
3347912	1
4957122	1
5250808	1
33507118	1
23726	1
8992454	1
26136129	1
2884321	1
17782370	1
10855	1
80782	1
30067900	1
1690351	1
8264982	1
865045	1
37254151	1
2207507	1
484747	1
2687271	1
21267479	1
1056173	1
21643665	1
9753924	1
7508695	1
8964584	1
5402129	1
25822	1
9570814	1
6362	1
1595649	1
20313694	1
169293	1
4732637	1
4213313	1
6273699	1
29729755	1
5308244	1
1167419	1
936143	1
31365941	1
37322012	1
1135185	1
86945	1
96697	1
1882299	1
31422903	1
8122	1
40136062	0
3670832	0
3215057	0
15773742	0
38475911	0
7323227	0
24561779	0
1347775	0
21107384	0
18250820	0
24013017	0
1389110	0
6789952	0
13152275	0
6057116	0
1719399	0
41996228	0
409526	0
1611549	0
4053759	0
5624077	0
3030233	0
33036864	0
5941891	0
40685145	0
13262665	0
16107105	0
12595790	0
8568681	0
1289090	0
18727469	0
25648676	0
1417971	0
42658453	0
23139474	0
21923333	0
2351494	0
39717296	0
5728928	0
131580	0
15812887	0
858701	0
18245897	0
42748595	0
9493400	0
1688998	0
976269	0
44727580	0
14633492	0
10821098	0
5747918	0
47779527	0
4716258	0
2019977	0
1502304	0
15057247	0
12871576	0
12467528	0
17092708	0
7218399	0
23717687	0
17402338	0
29434211	0
9053231	0
954326	0
1488277	0
11580093	0
6476097	0
7555417	0
4439838	0
8907031	0
1294633	0
3028577	0
22549371	0
12456126	0
22328185	0
15054771	0
19564359	0
28912377	0
15917872	0
2373142	0
18503940	0
9594086	0
2452737	0
343076	0
33523446	0
7333183	0
1580060	0
10036183	0
392725	0
3254928	0
3978881	0
21943894	0
27146037	0
4680601	0
4992316	0
6479708	0
1628283	0
27125302	0
152917	0
10158562	0
3293907	0
16725123	0
11981788	0
7795506	0
23602749	0
2292128	0
6947704	0
638438	0
6204551	0
1191093	0
6375897	0
23275823	0
1045304	0
2597904	0
31290755	0
139317	0
32420670	0
6702674	0
21417068	0
12872882	0
25089108	0
2749569	0
496963	0
38070464	0
37240376	0
1123176	0
37835340	0
38796910	0
22695930	0
14871931	0
4152766	0
6602261	0
41714770	0
19236158	0
3511505	0
4699409	0
1039313	0
3968524	0
15543584	0
21864157	0
35372436	0
15889437	0
22558465	0
1719227	0
30663130	0
1013754	0
18368914	0
3645156	0
932289	0
28218758	0
1407807	0
6837362	0
48980080	0
26457751	0
9865541	0
3226841	0
39755054	0
4953840	0
36477633	0
48787488	0
22154860	0
5830887	0
5577272	0
12842114	0
27344665	0
19309995	0
38348934	0
25870968	0
11803341	0
844875	0
7532099	0
2318542	0
8888660	0
15282782	0
1573257	0
1250453	0
3422685	0
29243344	0
22739666	0
4338822	0
5876567	0
9927680	0
13770597	0
26603891	0
18966871	0
9491427	0
13294095	0
13760692	0
46410340	0
8629986	0
3145012	0
4716598	0
511989	0
166477	0
26000046	0
154027	0
8127963	0
11846650	0
1209302	0
17135991	0
1105075	0
1762317	0
4834647	0
12681427	0
128066	0
22717711	0
10258498	0
47354684	0
13089000	0
42059215	0
11813365	0
262597	0
32167411	0
31223194	0
8998950	0
606295	0
6002905	0
3551591	0
3129202	0
21817619	0
44079031	0
27714581	0
37083264	0
22553537	0
4510600	0
2118701	0
20124245	0
903186	0
19340845	0
8941164	0
921782	0
9543472	0
9232952	0
1607064	0
40363991	0
36553854	0
891623	0
23793209	0
8029126	0
2246630	0
5213216	0
26603718	0
24743952	0
11889806	0
156210	0
33227162	0
9950762	0
319702	0
31834785	0
37784602	0
14474841	0
416356	0
18036911	0
10140510	0
21337274	0
33436563	0
10109063	0
3350737	0
23556274	0
3572064	0
535060	0
11058776	0
17549640	0
3569047	0
9142623	0
1801009	0
3114831	0
44079495	0
10183697	0
481553	0
33290686	0
18561790	0
20861261	0
5721463	0
43283771	0
33417003	0
40914831	0
587035	0
1440069	0
3225966	0
15974374	0
4132275	0
4366509	0
10207958	0
28947379	0
5984222	0
5181338	0
15186917	0
4057729	0
9704088	0
17038104	0
19222044	0
11142128	0
36662825	0
7074908	0
15720049	0
153399	0
7821492	0
952919	0
5111118	0
3240803	0
11503309	0
15646416	0
5296960	0
1656167	0
25604969	0
19357206	0
47777358	0
2280299	0
2114238	0
5318307	0
5653425	0
11626415	0
33236877	0
4723919	0
5728515	0
1919763	0
8128622	0
36581434	0
6000077	0
34048093	0
2035054	0
5224269	0
6133534	0
7028102	0
668628	0
46907042	0
1527191	0
43086099	0
33320281	0
42943615	0
4696443	0
33363507	0
20520422	0
24997218	0
21679097	0
18823861	0
27429	0
1701848	0
3360111	0
3087502	0
28251662	0
324616	0
27989577	0
1499799	0
16025466	0
7372570	0
1236359	0
6044579	0
8620070	0
16118819	0
9132472	0
6716515	0
1529377	0
20151823	0
16136285	0
13270363	0
5479985	0
18582120	0
567736	0
40746163	0
6183007	0
24935266	0
1377386	0
13054704	0
4059023	0
2544436	0
6306509	0
47278934	0
9317391	0
4131019	0
238933	0
285039	0
4395971	0
15707520	0
2174944	0
782106	0
11099265	0
7069500	0
10911835	0
6203946	0
9383296	0
2994444	0
2333760	0
44082583	0
17594896	0
3030717	0
12157275	0
2719376	0
31937031	0
5795629	0
22348404	0
124970	0
10761953	0
132573	0
16998992	0
1040772	0
63075	0
14624178	0
27645591	0
32650113	0
24007833	0
3298103	0
6461832	0
15083864	0
15740238	0
17614300	0
4421056	0
13105871	0
17547083	0
37205716	0
17215317	0
23289755	0
22790985	0
3506706	0
14231414	0
18312727	0
12143800	0
8595526	0
4626750	0
31362992	0
4759473	0
1933551	0
9202076	0
21620429	0
24818087	0
27380764	0
30708714	0
8373133	0
38036967	0
482343	0
150862	0
11694599	0
23954375	0
8841677	0
1221626	0
27896992	0
487953	0
15803127	0
28879464	0
4148033	0
7919691	0
16586737	0
21032076	0
3042660	0
39307925	0
16663120	0
15498909	0
4216574	0
994000	0
9702938	0
9654259	0
5652158	0
1646669	0
643277	0
30479576	0
5508608	0
496909	0
8026973	0
17886032	0
37159295	0
20702921	0
11491695	0
32654912	0
1887721	0
8821097	0
19442656	0
1966373	0
39457120	0
1414536	0
21666718	0
2180118	0
37358501	0
346809	0
4281822	0
16404807	0
1196439	0
2164098	0
1126591	0
5584801	0
602190	0
2661407	0
1038806	0
1930903	0
461940	0
22423378	0
15435619	0
37825245	0
27108192	0
28586795	0
13770933	0
3536055	0
6718557	0
23658432	0
71627	0
9404866	0
12434794	0
19362910	0
9233850	0
