926054	1
3644176	1
22308219	1
36103848	1
6369542	1
40831146	1
30275	1
5565544	1
161208	1
21489344	1
12764922	1
8761310	1
2113531	1
17945020	1
558490	1
496389	1
83735	1
3404477	1
2566917	1
751798	1
45604506	1
6727570	1
239216	1
1492870	1
35559083	1
15957583	1
210837	1
8931076	1
15821	1
24009948	1
1045258	1
280916	1
526264	1
2438798	1
35541567	1
277721	1
31092758	1
703488	1
4465761	1
592798	1
669261	1
5779688	1
11728202	1
1888983	1
2757414	1
468538	1
1748624	1
5585875	1
13762186	1
125563	1
5458198	1
19003753	1
1181490	1
12962499	1
49595495	1
70756	1
45467297	1
563047	1
3649046	1
45244180	1
26857099	1
3535920	1
8601568	1
1248264	1
21714981	1
24640712	1
2120492	1
27289250	1
914268	1
4722952	1
6898818	1
25399151	1
40232	1
35956903	1
183738	1
8436417	1
15489	1
17610386	1
591054	1
4601213	1
1267716	1
607444	1
2982138	1
1756737	1
23639597	1
6430372	1
17854570	1
657043	1
4236450	1
14420250	1
11089954	1
6974077	1
8986539	1
1075064	1
262800	1
28407279	1
1214949	1
20948197	1
3497579	1
3006756	1
1162511	1
39867752	1
1559551	1
300341	1
3095561	1
335104	1
12848397	1
10979020	1
9876372	1
1021051	1
388018	1
200142	1
750603	1
46365712	1
1842982	1
10097319	1
2328197	1
3129391	1
5782642	1
9170639	1
1605709	1
26539867	1
9734867	1
168241	1
1566564	1
40826789	1
1060842	1
1016686	1
1863290	1
11756543	1
1006985	1
15318692	1
6094058	1
1515694	1
2665272	1
58116	1
7861152	1
1024684	1
474123	1
1014733	1
2385047	1
178250	1
33168501	1
4759586	1
23861464	1
810543	1
5650073	1
12826684	1
10797842	1
1186406	1
15750266	1
3818454	1
401708	1
993669	1
2588826	1
2115879	1
541725	1
2790307	1
127169	1
3215913	1
34661198	1
1214406	1
231656	1
570028	1
33096336	1
44268430	1
230503	1
8208923	1
10686631	1
46919557	1
17682738	1
3151378	1
107595	1
261023	1
300808	1
1661137	1
1028910	1
15788831	1
2281391	1
26231406	1
5958428	1
408285	1
1945227	1
718668	1
6170550	1
10808	1
27713419	1
1240884	1
3964523	1
11507989	1
875942	1
1369838	1
159354	1
728080	1
30409229	1
17177491	1
6417790	1
39462175	1
7235964	1
1260864	1
9170426	1
3672308	1
708814	1
1232216	1
7656116	1
337472	1
6835122	1
133814	1
9865047	1
5232414	1
972216	1
28226461	1
183785	1
296345	1
20452868	1
23916	1
3583342	1
261259	1
1437675	1
5792015	1
6100733	1
654742	1
743773	1
13322071	1
305185	1
1867762	1
6514039	1
6978596	1
21621700	1
383147	1
574967	1
13754059	1
40842050	1
7227329	1
347139	1
8955131	1
287404	1
10978987	1
7197854	1
2112025	1
615341	1
1863351	1
2399644	1
44090100	1
5525709	1
2296541	1
517866	1
3735183	1
14904960	1
1057569	1
57957	1
3681052	1
889902	1
12308789	1
3354228	1
92715	1
7087167	1
986147	1
4261997	1
14620715	1
30253864	1
6802438	1
5639710	1
3055932	1
226142	1
327013	1
220533	1
673888	1
15136141	1
33654693	1
23817213	1
198947	1
1863368	1
18383500	1
3349303	1
165084	1
9400652	1
615184	1
14653354	1
299510	1
26783359	1
390740	1
20953257	1
1202670	1
2750377	1
208551	1
5802018	1
1561086	1
5154511	1
14119283	1
23077698	1
584256	1
1853483	1
30535126	1
42128577	1
1090635	1
27325067	1
1924012	1
349005	1
14829374	1
76040	1
160772	1
654933	1
13638200	1
3572964	1
2817162	1
11848079	1
965109	1
21041115	1
3458711	1
1066136	1
33496766	1
101721	1
1033953	1
1680363	1
576569	1
1260445	1
1353299	1
138399	1
861451	1
4003877	1
2531978	1
6976299	1
12510006	1
179935	1
1785191	1
23639669	1
5565580	1
45378135	1
3492579	1
14944088	1
852960	1
2638651	1
938564	1
6014560	1
2488239	1
2732546	1
1224520	1
24693042	1
11191303	1
462169	1
537229	1
13999312	1
1795394	1
24155746	1
25449774	1
19434915	1
13938992	1
28222279	1
12085775	1
1605061	1
10312823	1
615168	1
17944728	1
1919805	1
973932	1
22693762	1
5828402	1
167373	1
959136	1
621780	1
28835177	1
40821267	1
1042729	1
945501	1
12471403	1
74942	1
3764791	1
8938738	1
7447956	1
2083238	1
1014319	1
15248316	1
44093914	1
2505688	1
232669	1
5231097	1
4481199	1
288008	1
11961285	1
64610	1
737199	1
6194015	1
1648540	1
3316655	1
4056032	1
169321	1
500069	1
243553	1
3380883	1
33218172	1
12529914	1
26167567	1
10078282	1
59216	1
89602	1
1190098	1
4680612	1
10428936	1
13439139	1
3837259	1
1870977	1
4169723	1
26151110	1
32900945	1
564109	1
23123745	1
19003200	1
11626076	1
2359687	1
1632815	1
973768	1
12361060	1
5467273	1
4103995	1
16496	1
32465545	1
1178120	1
15492762	1
47474953	1
970606	1
1226894	1
1468416	1
3123893	1
240371	1
5428391	1
211165	1
26460871	1
27009718	1
16191273	1
1230304	1
12773525	1
1395063	1
48298275	1
3656186	1
2565242	1
42158017	1
1403284	1
9049541	1
11235762	1
22827957	1
191127	1
2249180	1
2093628	1
7687146	1
10811554	1
8029091	1
946114	1
478145	1
1053291	1
6621460	1
8524343	1
43860956	1
39247873	1
460464	1
26874436	1
2710601	1
1453426	1
1903318	1
1473158	1
2674520	1
41158054	1
31703341	1
43769651	1
31520015	1
5907	1
32425703	1
593885	1
565927	1
3715918	1
10721675	1
1393380	1
1421957	1
4945112	1
6332075	1
3473109	1
12594504	1
92582	1
24774001	1
85226	1
3450570	1
3646382	1
42500107	1
9020561	1
12714734	1
4978626	1
21037541	1
2029537	1
3188407	1
41244907	1
1176046	1
341399	1
273777	1
322147	1
12318787	1
7756151	1
2489195	1
11509601	1
12744621	1
3972238	1
13067011	0
4101507	0
6781660	0
52924	0
11671033	0
3058647	0
390615	0
5142060	0
3987995	0
91280	0
24694326	0
4843311	0
22832268	0
13048595	0
8823032	0
16689218	0
3071506	0
24818327	0
275743	0
23333003	0
20972506	0
2654618	0
1161220	0
9890626	0
7755769	0
7510610	0
2276696	0
23681464	0
41108555	0
30131984	0
8355880	0
24062452	0
2401058	0
15340979	0
7532323	0
15684319	0
24540901	0
39043225	0
21614725	0
35457842	0
23081268	0
729933	0
1547366	0
2798805	0
12511562	0
21181180	0
25117749	0
8837463	0
20280734	0
2400228	0
1478506	0
45225380	0
10305495	0
27005785	0
277197	0
18946730	0
41199058	0
313319	0
41145702	0
28071437	0
47667337	0
3817503	0
513906	0
339988	0
7351835	0
19324109	0
4065486	0
11957871	0
17206403	0
3914397	0
10943693	0
13308725	0
10849171	0
4211613	0
9492585	0
1795345	0
11842717	0
1568747	0
20781798	0
11039790	0
12136180	0
15902349	0
636303	0
15285	0
2397488	0
19376148	0
33432848	0
1784383	0
901744	0
8355871	0
4460442	0
4274357	0
37824943	0
1814443	0
34915870	0
1774043	0
966703	0
295139	0
3931654	0
5592887	0
12123529	0
93631	0
11245401	0
897815	0
36970187	0
34071534	0
3370093	0
39296737	0
25969927	0
1419414	0
7460049	0
22279667	0
1588329	0
5000397	0
8935825	0
229432	0
41886801	0
134648	0
23884324	0
4323546	0
483412	0
31407540	0
15987234	0
20234587	0
16040153	0
12142860	0
1535662	0
17850254	0
1525535	0
9363956	0
10865524	0
2985884	0
2418029	0
24700461	0
1251967	0
7645728	0
7141936	0
23647718	0
18973109	0
12049601	0
5795071	0
14537672	0
3833486	0
26200483	0
1170523	0
10078083	0
14102800	0
33188099	0
9136689	0
38251630	0
5979775	0
6714281	0
13749561	0
13773872	0
2846255	0
6713017	0
4982162	0
14468923	0
39860164	0
442087	0
14500943	0
3178060	0
4479654	0
133942	0
5613269	0
2573993	0
37618488	0
935669	0
27172315	0
1234532	0
5447042	0
29879031	0
13439987	0
41872463	0
30864005	0
3942426	0
6099763	0
36217757	0
15921837	0
39634257	0
2568306	0
16810947	0
3544993	0
5271798	0
8720274	0
43176674	0
33373091	0
17417408	0
33451704	0
8771853	0
6706119	0
48444895	0
8693157	0
18948194	0
7148145	0
635561	0
5105675	0
5572839	0
9028018	0
3467205	0
22962919	0
8400842	0
1062264	0
125031	0
6403788	0
32196980	0
6816792	0
991178	0
23755567	0
5140495	0
37959143	0
111746	0
5090230	0
116224	0
15897660	0
30887996	0
5342497	0
27280272	0
15877735	0
38668029	0
132078	0
6146723	0
35946156	0
30156331	0
33381014	0
11789738	0
6712479	0
3960690	0
16023988	0
18784115	0
25461851	0
28721017	0
3134442	0
9230147	0
3482895	0
12778601	0
19314742	0
6034824	0
1575017	0
9563906	0
10170747	0
1743039	0
13801803	0
39720783	0
19262363	0
39658198	0
2559931	0
15542484	0
2603115	0
1947500	0
5997597	0
33505908	0
7239234	0
23001160	0
26511801	0
19197172	0
3644123	0
6479392	0
8210833	0
19658495	0
32496749	0
1069951	0
22444127	0
25719576	0
30899341	0
34642492	0
2788182	0
6715824	0
46437250	0
30781473	0
3136191	0
1983858	0
3754673	0
3206350	0
2027219	0
7928	0
17443520	0
6051956	0
136069	0
42373095	0
11318619	0
78217	0
23838852	0
1647274	0
28094932	0
9608142	0
48192826	0
1203340	0
774520	0
1181987	0
184969	0
2938625	0
20402966	0
6935403	0
28458880	0
16462	0
26473644	0
23957246	0
24017942	0
3561236	0
5868205	0
30058709	0
5872022	0
1724434	0
13999888	0
1779424	0
36174552	0
24387394	0
26689598	0
1513689	0
1177329	0
21147623	0
21805520	0
5751884	0
14587524	0
4576770	0
10679888	0
41501290	0
194316	0
19996161	0
42882907	0
3864867	0
24593125	0
13739840	0
17646855	0
22133851	0
14603397	0
7931568	0
1170701	0
5443068	0
7681520	0
3390292	0
3855453	0
42223807	0
28889481	0
13651191	0
3708354	0
6065590	0
10097204	0
18565004	0
1109797	0
5421050	0
2437035	0
11467982	0
3859198	0
32070900	0
13079739	0
11772313	0
797540	0
25905962	0
11188851	0
429519	0
3025354	0
44736948	0
10007093	0
24056692	0
6262258	0
411102	0
3673131	0
2793470	0
19871207	0
12072328	0
298955	0
43790854	0
42977265	0
1574778	0
16654629	0
3850267	0
2923382	0
17786374	0
41662917	0
31990405	0
1708046	0
29375442	0
17654104	0
3025935	0
1216187	0
10565271	0
1029843	0
25896680	0
14096256	0
42969	0
52613	0
8981389	0
27673334	0
12942878	0
37575	0
12426893	0
1262993	0
25167641	0
318175	0
9273733	0
1911723	0
3155263	0
120327	0
13754544	0
24954848	0
1222778	0
3887749	0
3611205	0
33555979	0
6715086	0
1653648	0
24468710	0
464016	0
119155	0
12965882	0
36103659	0
728147	0
11014208	0
1267454	0
3182902	0
18516427	0
2354910	0
44150852	0
18256815	0
43517217	0
12703696	0
3827423	0
28904524	0
28615071	0
14250929	0
7816810	0
136183	0
14536809	0
747497	0
2447351	0
7384933	0
8742719	0
5117359	0
3391222	0
23512535	0
19737	0
29108419	0
12977935	0
8648929	0
5082560	0
8593623	0
852743	0
3546530	0
4545963	0
7916093	0
10107566	0
703352	0
1318477	0
2196608	0
29215606	0
25588200	0
23491706	0
1936646	0
5601415	0
12077544	0
45097639	0
4973468	0
13660479	0
1287363	0
31495960	0
17244774	0
8368842	0
30815085	0
48583634	0
42439312	0
22444903	0
2645222	0
13640904	0
17124944	0
27995100	0
18062477	0
18570582	0
11181397	0
19252066	0
20949362	0
28670879	0
9654175	0
4065006	0
22157440	0
36484254	0
40271704	0
16787301	0
17782453	0
4284231	0
3965750	0
14233244	0
93158	0
18502459	0
11181549	0
27920299	0
5972041	0
41061712	0
18164752	0
8793435	0
275509	0
584606	0
23936	0
390476	0
34956365	0
3336204	0
5512691	0
17766793	0
36188508	0
