324168	1
2223583	1
1500049	1
9726540	1
3062801	1
227514	1
1257702	1
7016697	1
4318564	1
147952	1
16639443	1
2134610	1
14834962	1
414474	1
18531319	1
25340711	1
41760484	1
25847591	1
4411422	1
1768172	1
1153351	1
2190234	1
33454588	1
39691217	1
2451198	1
4276099	1
13379355	1
559138	1
4102740	1
1709159	1
221558	1
2339215	1
1383644	1
5480431	1
1735014	1
28721017	1
36732959	1
795016	1
208546	1
22822555	1
6396602	1
27676616	1
6060651	1
12647222	1
657587	1
905485	1
38280609	1
101967	1
1934390	1
422631	1
2063362	1
34016024	1
1130445	1
24472582	1
27496841	1
22966109	1
36463251	1
46357629	1
33353272	1
358363	1
246391	1
1969893	1
1367429	1
63317	1
2601547	1
154183	1
24955974	1
1087766	1
6278212	1
4576652	1
22298	1
2483117	1
25082948	1
13347259	1
936979	1
33151661	1
6525384	1
32969322	1
12587019	1
1492222	1
13660701	1
21976071	1
42203	1
3157841	1
13853212	1
22373920	1
656740	1
2652490	1
241052	1
461359	1
4333783	1
10937850	1
292315	1
6059822	1
481803	1
48336867	1
18694937	1
2357239	1
1546642	1
3138140	1
22840223	1
21005065	1
8842748	1
9194640	1
448345	1
1695066	1
1923221	1
8970301	1
841292	1
12704589	1
40306087	1
2574239	1
3491316	1
1472882	1
286828	1
21370001	1
6829093	1
24441288	1
1985162	1
4349700	1
609879	1
12463859	1
19373302	1
6483476	1
3010	1
14450458	1
17931432	1
6713737	1
38493373	1
34307690	1
583232	1
392543	1
18951616	1
43910	1
807842	1
332388	1
12569261	1
31816238	1
870020	1
966181	1
164120	1
2772759	1
26969215	1
18939923	1
617328	1
25244825	1
5866665	1
1895752	1
11733884	1
5232179	1
9995883	1
3587390	1
266440	1
30240773	1
15853162	1
32286	1
180721	1
1434850	1
2005864	1
7752714	1
4151392	1
12263573	1
9049424	1
2218071	1
5631382	1
10668063	1
3919589	1
1708493	1
184463	1
1982414	1
761481	1
280916	1
1073796	1
1120779	1
6114344	1
2195523	1
39430358	1
1619140	1
43784198	1
6040781	1
3082834	1
8661992	1
1865671	1
11207684	1
5668573	1
6694761	1
35768080	1
3686048	1
1585138	1
505809	1
6534317	1
20804469	1
679699	1
52770	1
33159211	1
1858871	1
2295424	1
5313491	1
8251497	1
3309328	1
6554638	1
22418918	1
27292455	1
2851438	1
33691483	1
598007	1
7019405	1
46330326	1
2145572	1
29627254	1
366257	1
13451371	1
19213046	1
3407203	1
763024	1
151921	1
19207766	1
29259364	1
1037351	1
1545053	1
34844322	1
5518055	1
1863702	1
11310182	1
16836815	1
16446959	1
44617	1
13652450	1
602457	1
447066	1
13008208	1
6930884	1
27503321	1
352652	1
17923848	1
723216	1
35709149	1
163382	1
1447279	1
4177979	1
39512489	1
2548364	1
2312313	1
1924188	1
416779	1
12332254	1
2819447	1
1009913	1
8650	1
157155	1
15821617	1
15132050	1
97777	1
14203761	1
446782	1
42823928	1
213100	1
332386	1
13723435	1
37426425	1
32834825	1
7989139	1
3163873	1
921499	1
1971556	1
37984230	1
10885307	1
1265488	1
16165855	1
26294680	1
6512511	1
26771362	1
515925	1
11625504	1
2382611	1
113137	1
22660	1
9813702	1
3539707	1
7449162	1
68378	1
8828769	1
47615089	1
6204610	1
67749	1
23705979	1
2172622	1
41379426	1
246752	1
556552	1
3028097	1
3586391	1
25866442	1
915375	1
13333237	1
2237488	1
1323399	1
12259093	1
16823723	1
462501	1
7618310	1
20392742	1
2927189	1
39517105	1
2308719	1
7560644	1
1844659	1
40685710	1
8486156	1
5626991	1
37732653	1
1815259	1
2182594	1
21229261	1
43088	1
757467	1
3136556	1
1847945	1
683873	1
8693808	1
217851	1
26912066	1
25085619	1
3772538	1
15656982	1
3613092	1
900763	1
946449	1
240994	1
6396074	1
6537880	1
985021	1
1807307	1
548711	1
180618	1
10855291	1
6736175	1
2519359	1
670173	1
23271876	1
1858695	1
98784	1
2270244	1
3729778	1
157548	1
2806736	1
1561086	1
97769	1
156091	1
3985958	1
4367227	1
750555	1
19028	1
206724	1
4892468	1
10718366	1
2633338	1
11536383	1
16936244	1
1546526	1
2709635	1
4402533	1
22788427	1
239249	1
5544947	1
105389	1
1586375	1
1027924	1
46993133	1
40371104	1
2109614	1
12389194	1
9932063	1
1184127	1
1848257	1
16625445	1
2736100	1
4761500	1
26791738	1
27683913	1
215155	1
245694	1
6738289	1
1691972	1
39379390	1
31819536	1
4507768	1
38319213	1
5793222	1
11884505	1
11122011	1
4915293	1
14784353	1
52726	1
10739435	1
1947027	1
1498060	1
1119807	1
7937580	1
962882	1
12969030	1
7323189	1
271949	1
49243577	1
35524	1
980033	1
5968326	1
1820138	1
6190099	1
12765056	1
164659	1
30862444	1
13678407	1
4532496	1
2914446	1
7457795	1
2934078	1
393289	1
20447823	1
38083546	1
762109	1
12968125	1
11627636	1
1628568	1
26204187	1
16217750	1
3304811	1
9073363	1
868643	1
2045792	1
2843960	1
7855567	1
1781772	1
7974177	1
2343946	1
2664396	1
871923	1
3300226	1
1744208	1
1118679	1
3260069	1
2270985	1
242839	1
1147517	1
34330791	1
8430932	1
308831	1
9656423	1
3225687	1
319801	1
19694637	1
451690	1
15712155	1
579719	1
921466	1
16072698	1
28542734	1
1017565	1
519456	1
11099063	1
10898126	1
9997178	1
438638	1
6694435	1
13208397	1
1430043	1
7374312	1
588590	1
4417406	1
396306	1
21011162	1
2443200	1
965995	1
326309	1
1353924	1
19762927	1
19278722	1
22056357	1
15019942	1
524588	1
159001	1
23410444	1
188257	1
31633309	1
26365946	1
8419749	1
227347	1
19339264	1
7185522	1
1205991	1
87266	1
20808424	1
423623	1
2817400	1
1614042	1
5930961	1
568965	1
1371956	1
2187958	1
20256071	1
38848278	0
44970808	0
10977	0
12060165	0
24615095	0
39828911	0
5380983	0
22038730	0
8324670	0
6454520	0
14672328	0
1492207	0
11575736	0
2873001	0
31518693	0
46687602	0
41950998	0
34910061	0
21069191	0
6719215	0
41833528	0
3261717	0
10185486	0
6572353	0
1641423	0
6359959	0
3146975	0
15808373	0
7674602	0
20095615	0
12253465	0
6065164	0
34602299	0
15595116	0
6481948	0
7351994	0
23498354	0
44279596	0
17012977	0
6163296	0
11690782	0
42001260	0
3040640	0
19672813	0
881326	0
22590232	0
32265283	0
37271674	0
31089986	0
5814281	0
7688600	0
30861184	0
17946436	0
6498083	0
1763464	0
39106000	0
12765068	0
22665637	0
35612622	0
22186564	0
10512071	0
7262236	0
14620396	0
18073089	0
5618290	0
30717131	0
7461364	0
7896259	0
22056466	0
8665918	0
3357210	0
49031912	0
24700274	0
2149514	0
5617034	0
10794548	0
13635431	0
9008	0
9814254	0
14744394	0
6782874	0
8747222	0
48163957	0
21985780	0
4352915	0
21137729	0
9566522	0
1451639	0
1452576	0
15245395	0
18152712	0
13229674	0
6130657	0
31023760	0
14093003	0
47455893	0
35036246	0
37907017	0
12119815	0
969744	0
4163	0
34595702	0
3968159	0
22775709	0
33522	0
34613912	0
13753829	0
27264324	0
1528632	0
5143673	0
15083472	0
508655	0
8540583	0
6574818	0
16025458	0
6540977	0
2270641	0
116069	0
2835466	0
46622596	0
10603245	0
5149370	0
11915522	0
422620	0
11993308	0
116403	0
13054861	0
1000684	0
2513976	0
620841	0
10413577	0
5940247	0
403175	0
38274038	0
1634865	0
26122689	0
5539512	0
43292197	0
24495947	0
13268187	0
165926	0
10225856	0
39184456	0
3326709	0
42078791	0
128037	0
1412794	0
23082381	0
15873223	0
10290386	0
35425151	0
978723	0
5283977	0
4091272	0
2722925	0
5651812	0
17256419	0
741319	0
37259456	0
38868273	0
4465619	0
46827500	0
43099810	0
15205995	0
2901498	0
30593865	0
42290358	0
14843120	0
20069097	0
33254861	0
18691327	0
1831132	0
5341584	0
2754030	0
7701908	0
1654049	0
14935318	0
7471241	0
29484277	0
20157611	0
4073069	0
7031308	0
19268462	0
28120803	0
5075167	0
7493239	0
392811	0
31946877	0
18958686	0
11873411	0
30875958	0
29227109	0
4821353	0
22465944	0
377973	0
1935480	0
5049799	0
2073984	0
31801650	0
2396738	0
22027027	0
15813224	0
1337342	0
2647093	0
40067774	0
1347175	0
20529501	0
23815769	0
4593201	0
4946568	0
24192761	0
18985807	0
1284544	0
342650	0
20126671	0
7115586	0
7043264	0
11414968	0
7024159	0
6977349	0
21327037	0
30607970	0
19440723	0
37059555	0
27707739	0
6182355	0
109787	0
26288129	0
21828211	0
27410350	0
2607098	0
11789092	0
2316817	0
2792150	0
4282244	0
26003605	0
1457022	0
47278934	0
7720170	0
12808127	0
18310126	0
1617037	0
2842739	0
41423845	0
37955256	0
1130287	0
242128	0
18816915	0
837771	0
741205	0
27327227	0
16078707	0
12046369	0
6913637	0
45678431	0
30163244	0
5778119	0
2003490	0
8998254	0
7914953	0
2591706	0
14696402	0
2930197	0
29528983	0
31434405	0
3608631	0
23263697	0
8312180	0
319460	0
2372	0
5553289	0
10495297	0
36159753	0
42397767	0
4440433	0
33304824	0
35819725	0
5595769	0
4551550	0
43606281	0
9038929	0
32422541	0
969971	0
6703701	0
1225093	0
26639877	0
7858792	0
6050106	0
16617920	0
21532160	0
34144395	0
390737	0
2798842	0
43364288	0
3565861	0
43683811	0
135456	0
127524	0
1897702	0
41257955	0
22564041	0
3047030	0
340539	0
36639312	0
16918965	0
6582301	0
16192516	0
2660409	0
170375	0
23301436	0
553698	0
6753869	0
31285354	0
18573197	0
19825449	0
11740189	0
5482602	0
135767	0
112979	0
43099325	0
8470940	0
132108	0
39670	0
21954735	0
839547	0
32125561	0
1390924	0
19179489	0
23475312	0
24382716	0
13616081	0
35724101	0
26311766	0
127432	0
12525745	0
5319846	0
33503627	0
1544248	0
13538649	0
66512	0
2742073	0
35321205	0
19473324	0
46181962	0
2279202	0
45263628	0
14716154	0
493931	0
2669691	0
38237965	0
49050397	0
12262163	0
495255	0
17664057	0
15131067	0
2009086	0
1156084	0
39781223	0
1666454	0
6976138	0
20294237	0
193620	0
33498465	0
4105116	0
12994850	0
36859404	0
36660308	0
38599005	0
136712	0
579232	0
3479886	0
18095029	0
16101756	0
25526560	0
20261591	0
3050508	0
31779804	0
10623306	0
10578271	0
2350411	0
793223	0
4006721	0
314182	0
16115350	0
33269499	0
5258207	0
15345676	0
15839781	0
15827764	0
4505188	0
2970348	0
37842615	0
796365	0
19979404	0
20223490	0
422892	0
1977049	0
1484559	0
6043499	0
4376046	0
2250629	0
8416279	0
4798271	0
20120454	0
35786710	0
23556155	0
34702110	0
116888	0
9618505	0
5632971	0
38955508	0
39794808	0
1561378	0
2847295	0
16961913	0
24889044	0
31121727	0
14539251	0
309968	0
2154589	0
2944915	0
11674397	0
594351	0
31881364	0
6991710	0
20581144	0
29620878	0
30000550	0
10902823	0
18559995	0
25919740	0
12681752	0
17015903	0
908187	0
24533305	0
1691779	0
20937762	0
17103034	0
541802	0
4151682	0
33461978	0
1300586	0
4014291	0
5722152	0
242736	0
7604643	0
3482118	0
8175469	0
39814338	0
153259	0
1969441	0
31470429	0
11294284	0
29631969	0
5919425	0
5106372	0
22390375	0
37836829	0
16458653	0
4843479	0
5638374	0
5663983	0
1628058	0
2187181	0
2755700	0
41337332	0
1605890	0
7432268	0
945786	0
43297556	0
26461121	0
3130283	0
7467898	0
5956264	0
10436791	0
2569110	0
1753886	0
451708	0
3829818	0
10813297	0
5580398	0
268078	0
29126986	0
9635869	0
3921382	0
5803830	0
1308051	0
6167558	0
9963157	0
19172771	0
37541174	0
7832104	0
37544400	0
21098823	0
306304	0
9000696	0
45626799	0
24089782	0
2714555	0
4291225	0
