22182244	1
12710057	1
1301908	1
459285	1
412496	1
603648	1
2526213	1
31778235	1
29418609	1
4022053	1
850599	1
474291	1
3724488	1
1774803	1
34032039	1
2780022	1
474114	1
3369100	1
4920190	1
4468500	1
1810226	1
4413347	1
1158043	1
3591569	1
2050167	1
165261	1
604619	1
22611	1
15201785	1
101919	1
379740	1
37463534	1
5183633	1
2150128	1
6822337	1
2416926	1
33509666	1
2180333	1
567643	1
366377	1
5350431	1
2216926	1
34614629	1
20022512	1
13631475	1
1747267	1
192223	1
30108	1
1442313	1
1331395	1
47399318	1
22057144	1
8705391	1
4826985	1
1880355	1
1420703	1
1797421	1
9555242	1
4970175	1
406984	1
7680875	1
481130	1
30395	1
1719773	1
4564587	1
685663	1
34140121	1
497157	1
1630718	1
6430372	1
87172	1
524787	1
212607	1
534622	1
41847917	1
11326473	1
5121370	1
654818	1
1785123	1
556198	1
1973493	1
6713326	1
61498	1
975355	1
48935	1
4191560	1
3323484	1
95259	1
2401264	1
1708820	1
37467241	1
14909500	1
596313	1
87446	1
2592512	1
6742	1
3029013	1
16376	1
7408972	1
777032	1
25292691	1
13587223	1
17387208	1
1420939	1
2316493	1
502550	1
6154894	1
20818094	1
5223823	1
21762916	1
649748	1
7514186	1
42077131	1
197544	1
35825525	1
28406768	1
14531824	1
804611	1
3228895	1
656843	1
1090694	1
5916040	1
156006	1
737281	1
2393428	1
33544108	1
12731	1
3990403	1
21161363	1
1150827	1
4698876	1
6446036	1
36293867	1
434512	1
325434	1
2513894	1
207886	1
795963	1
106138	1
97085	1
2485977	1
2696578	1
302100	1
9202926	1
9721150	1
385745	1
10438375	1
15656426	1
2965	1
162870	1
1399962	1
88615	1
4812102	1
12216280	1
193154	1
13048595	1
652850	1
292062	1
730831	1
2821280	1
753281	1
3418844	1
29464821	1
939417	1
42613099	1
9578583	1
18418711	1
711138	1
70502	1
29062573	1
3823015	1
161438	1
25274135	1
1188179	1
8690155	1
28785756	1
2526295	1
434906	1
408475	1
656589	1
5718831	1
3391434	1
24110	1
37655465	1
213578	1
5880013	1
16275999	1
240058	1
23808	1
2022524	1
1303197	1
715826	1
152097	1
4120945	1
3501803	1
1739695	1
280993	1
3538069	1
1261294	1
406134	1
706047	1
1531949	1
11009689	1
3680117	1
91233	1
26136064	1
626488	1
1997149	1
2622151	1
18810752	1
2751845	1
153435	1
208068	1
43910	1
25335910	1
7078264	1
12298153	1
7873877	1
8713094	1
144467	1
1325119	1
18347602	1
423052	1
145626	1
8957	1
103078	1
21255	1
28594353	1
21494050	1
407215	1
4879077	1
568961	1
15072865	1
13441037	1
345878	1
2251617	1
1733067	1
1495343	1
1462980	1
36320233	1
9652391	1
33354216	1
12797125	1
22713558	1
2636254	1
8538677	1
1578240	1
31062408	1
33825	1
11055611	1
1587777	1
37876648	1
2420475	1
167422	1
670076	1
735151	1
27988559	1
785941	1
1345240	1
11354000	1
2194843	1
9104771	1
523537	1
105116	1
2887437	1
13332550	1
16059647	1
31744216	1
612871	1
48347038	1
170796	1
8612190	1
706315	1
3375002	1
1224126	1
1005927	1
399009	1
3880346	1
346979	1
19938620	1
29426	1
9275243	1
710837	1
18618239	1
1504852	1
1453163	1
305029	1
763024	1
13861681	1
31253	1
2624308	1
37375	1
1327001	1
13454873	1
20555109	1
371185	1
161907	1
893152	1
7297718	1
350841	1
4198722	1
3112798	1
14630483	1
48416	1
679749	1
578169	1
6786095	1
7194497	1
42437135	1
248095	1
80933	1
3676138	1
4807029	1
6534317	1
21527047	1
887388	1
2178636	1
23810745	1
421664	1
1134140	1
6426728	1
3151554	1
21238296	1
25169565	1
175537	1
1363173	1
17949860	1
1227312	1
4419183	1
32127	1
292186	1
707057	1
2372967	1
3755	1
4056492	1
5322492	1
19360024	1
763501	1
2195430	1
483269	1
22999532	1
705805	1
2617562	1
175320	1
1046823	1
1034732	1
2885830	1
33416043	1
32596827	1
30871195	1
27050110	1
4529378	1
11992684	1
20601709	1
3233540	1
2006930	1
994173	1
5381839	1
41134492	1
610445	1
29828989	1
13646550	1
3450583	1
1529681	1
8003470	1
1237220	1
1371078	1
235966	1
655364	1
34521467	1
630014	1
983014	1
5240530	1
248127	1
2919843	1
3607032	1
11231581	1
643545	1
1505350	1
5398607	1
5940706	1
4642205	1
1084470	1
723201	1
27843485	1
17560847	1
581260	1
727925	1
25595854	1
26655390	1
5335906	1
31662781	1
37760860	1
42730373	1
21694	1
17791853	1
10517123	1
168464	1
712576	1
21518722	1
33160756	1
42734040	1
3514612	1
199665	1
834604	1
63403	1
1450190	1
30631328	1
205400	1
3032696	1
963052	1
6264017	1
606142	1
2617971	1
711408	1
183769	1
2340781	1
1693061	1
11185534	1
526592	1
28945	1
4692883	1
25708664	1
1658942	1
84878	1
1086831	1
1770948	1
18546107	1
10630936	1
10846059	1
243680	1
506300	1
29661230	1
21443347	1
703963	1
2065644	1
242701	1
938478	1
1129403	1
900746	1
3394857	1
5936815	1
314475	1
2204212	1
8572395	1
463715	1
2502721	1
3636622	1
39123296	1
11520661	1
13056061	1
18005302	1
144014	1
48460560	1
177827	1
217886	1
37295019	1
53494	1
43350006	1
165705	1
514693	1
30709	1
75912	1
182502	1
5591271	1
161917	1
83532	1
14432540	1
1335361	1
1179614	1
6020970	1
1026760	1
5030380	1
1133433	1
8815613	1
152277	1
1983762	1
28260344	1
5521962	1
22682119	1
36847785	1
274519	1
576302	1
2600885	1
4660069	1
425574	1
1135	1
961559	1
156596	1
16347901	1
611855	1
24008332	1
2158110	1
58865	1
2894744	1
27954	1
4370768	1
364510	1
5662941	1
3498603	1
28628146	0
2845678	0
592899	0
6051383	0
41997393	0
18596827	0
44541913	0
6325863	0
8903455	0
3182116	0
8674184	0
19899393	0
709289	0
33862180	0
21693588	0
658054	0
6333192	0
17256613	0
19509772	0
29616656	0
31647047	0
16365519	0
37186778	0
18440558	0
4180253	0
15621975	0
11435753	0
2555674	0
787997	0
31489297	0
5958865	0
8066733	0
3577757	0
10579093	0
16791320	0
2955904	0
28099572	0
35989937	0
5685334	0
1030093	0
4719629	0
1599161	0
6822047	0
2664443	0
7070629	0
26517501	0
21690762	0
233567	0
26336351	0
8884474	0
18836230	0
28363006	0
2165437	0
3031499	0
346968	0
3047978	0
8297516	0
13327143	0
3011766	0
45418047	0
11922234	0
1889523	0
1371293	0
15196224	0
1022113	0
14967147	0
12961553	0
44056391	0
138615	0
25338708	0
3034758	0
31938114	0
673611	0
16083785	0
8442868	0
660966	0
31804912	0
11682309	0
35026894	0
1904341	0
8262599	0
27772795	0
1862974	0
1042866	0
2567696	0
442720	0
1223460	0
4721011	0
11023974	0
110820	0
19320188	0
43964106	0
5863613	0
24950479	0
29381422	0
4043032	0
8464167	0
6111974	0
11795627	0
10119433	0
5099304	0
22355029	0
29233447	0
14158748	0
1358419	0
1960311	0
48325579	0
10427275	0
5961451	0
11677648	0
2581607	0
31631087	0
15022050	0
41233465	0
70748	0
29497392	0
57146	0
41767302	0
151039	0
1730111	0
32131922	0
6391255	0
24325686	0
19832880	0
34984681	0
29017720	0
885785	0
23915136	0
1241992	0
15428764	0
4750370	0
2126833	0
28025193	0
1312469	0
489778	0
30026379	0
110791	0
11474317	0
30135244	0
3735022	0
38417414	0
16792272	0
3233023	0
3293676	0
1623762	0
11460036	0
9271590	0
9951555	0
1660979	0
6738006	0
21387306	0
15181627	0
4564385	0
7587268	0
27385785	0
6032244	0
37321004	0
18252545	0
36571475	0
36318637	0
34636221	0
42157125	0
43477213	0
133503	0
2377412	0
6458460	0
6473005	0
41993349	0
37865159	0
13171049	0
29678205	0
32439351	0
198685	0
24920119	0
35826762	0
17365655	0
36142867	0
2729421	0
1473813	0
3216512	0
31351345	0
7330783	0
12865419	0
40737705	0
31419147	0
1780624	0
40886760	0
41832844	0
27743359	0
3085996	0
17495023	0
5334429	0
40294897	0
33780340	0
13791962	0
20794166	0
1019809	0
617172	0
30440257	0
353893	0
47108497	0
21834423	0
21098577	0
9808977	0
12722542	0
5979108	0
5605350	0
8226839	0
34980437	0
2663340	0
2676036	0
35911885	0
639819	0
25805448	0
2874438	0
46708073	0
846767	0
11247200	0
28990887	0
15139867	0
11243159	0
41354180	0
6217454	0
17877335	0
32654940	0
1194108	0
1383392	0
7763566	0
36525423	0
9993892	0
8514262	0
34602	0
28143611	0
1609707	0
10613279	0
2913296	0
9183438	0
23601212	0
1079812	0
8135978	0
9799302	0
22405355	0
24158004	0
1394347	0
24876128	0
29305143	0
3097842	0
15179578	0
3303550	0
325714	0
149353	0
3101456	0
3558420	0
33160885	0
3769390	0
7036181	0
16235302	0
4280145	0
36394348	0
112018	0
12727737	0
1890439	0
2903466	0
3852091	0
4285703	0
12900647	0
95803	0
14914583	0
3047943	0
42821755	0
16013560	0
2316883	0
8288927	0
14656860	0
15112229	0
36449872	0
206635	0
25354990	0
22716173	0
34866548	0
16448501	0
1414613	0
39636747	0
16618116	0
11474188	0
13449884	0
36352566	0
30045851	0
5961218	0
6639892	0
1797891	0
4478649	0
4416525	0
4659327	0
10978453	0
137549	0
1608815	0
9040025	0
13187816	0
16001126	0
7852380	0
49584294	0
19219688	0
858540	0
27145837	0
123207	0
4771942	0
32659698	0
19715122	0
6687793	0
31742953	0
1583848	0
24213808	0
1222374	0
15358692	0
2118447	0
581914	0
10645725	0
10043768	0
36580753	0
25700502	0
6427578	0
14221896	0
10332040	0
18970802	0
22656111	0
7077803	0
12188586	0
19296568	0
1874941	0
1812065	0
38460503	0
4613653	0
1461165	0
8005996	0
1448865	0
45332224	0
45299382	0
12490738	0
13561623	0
31358916	0
12836093	0
16664627	0
35442210	0
41809066	0
926358	0
17768519	0
6224282	0
3735525	0
14633518	0
15568071	0
5397518	0
306377	0
101726	0
23300076	0
29963756	0
44424210	0
25788483	0
16562095	0
3961187	0
1696037	0
39957080	0
1823950	0
4521349	0
7736701	0
40049533	0
2313609	0
160370	0
18445220	0
116756	0
12522883	0
35887898	0
15898488	0
32249112	0
32224388	0
6074429	0
15430011	0
37207048	0
6825934	0
15063475	0
6241842	0
1949366	0
110041	0
32066445	0
34293308	0
1369805	0
30557312	0
8522145	0
35019445	0
7264487	0
17394539	0
7650818	0
26666439	0
3559745	0
106213	0
24422907	0
4885611	0
906209	0
587404	0
25916046	0
4107711	0
17811643	0
3115919	0
3648388	0
40240159	0
31961763	0
14330384	0
33604113	0
19798406	0
28891950	0
21920643	0
31110935	0
18805500	0
47725651	0
259646	0
31968872	0
21268935	0
490420	0
8870653	0
4012638	0
34369879	0
2816816	0
5504034	0
4214728	0
41207117	0
634772	0
16904399	0
3092322	0
1019717	0
2596229	0
15300718	0
127778	0
133275	0
33470343	0
44388848	0
2058911	0
5322215	0
963101	0
11397498	0
13922601	0
2638852	0
25422081	0
46456226	0
42798913	0
3885576	0
5138967	0
298774	0
5945580	0
247703	0
32437492	0
10266782	0
31348659	0
12224790	0
50052	0
6171524	0
31768055	0
14014116	0
12257653	0
4150605	0
21398749	0
13302994	0
25668062	0
63689	0
7329784	0
47682775	0
12245054	0
9981109	0
138949	0
14352002	0
47471132	0
20644279	0
42999578	0
852096	0
20600372	0
44000207	0
988812	0
656676	0
25001674	0
18508707	0
43072214	0
5740347	0
4996517	0
14443243	0
6473108	0
21327165	0
24194	0
25831067	0
22553158	0
18016586	0
30586863	0
2218770	0
1236238	0
34920689	0
2865172	0
4473683	0
37423310	0
13240649	0
6802205	0
24102124	0
5936030	0
