56931	1
32417268	1
2325284	1
637239	1
73640	1
2201777	1
5123687	1
3022317	1
20922452	1
7188513	1
4180976	1
21496243	1
1073796	1
569484	1
1294052	1
26675	1
21463129	1
10938967	1
1111391	1
1452234	1
661110	1
5873768	1
8965206	1
36179535	1
167310	1
1849260	1
5905170	1
6709302	1
172974	1
1993862	1
9401535	1
21231	1
7568839	1
9396626	1
10811256	1
143435	1
423922	1
303018	1
5664049	1
1417421	1
604439	1
1577903	1
4099898	1
18694175	1
1648734	1
2752755	1
2903506	1
35569161	1
3742549	1
4557148	1
1776934	1
151381	1
775324	1
3554336	1
1060842	1
8743695	1
9139273	1
8954605	1
5774254	1
43438972	1
1117064	1
3696020	1
30876455	1
39161457	1
7136148	1
2734331	1
44960945	1
289616	1
1203708	1
4568285	1
4431231	1
4371157	1
718645	1
509816	1
5793188	1
2330930	1
18953013	1
15171314	1
1829756	1
43966369	1
23928608	1
563772	1
592392	1
13574484	1
2147521	1
2571081	1
457817	1
3365649	1
1291071	1
8956640	1
369214	1
10155341	1
1740153	1
5185614	1
1540102	1
39397699	1
4459836	1
3961187	1
48429347	1
1645151	1
634944	1
2322629	1
944552	1
983771	1
504294	1
23186673	1
1911259	1
1619480	1
12202615	1
27417582	1
2557613	1
423810	1
1013630	1
18212180	1
463730	1
2644930	1
37287	1
1190590	1
6431571	1
99710	1
44003127	1
24639	1
25529916	1
3540635	1
863018	1
164007	1
14201972	1
349276	1
19943989	1
9879664	1
10024050	1
733979	1
5272440	1
4445	1
874582	1
3748093	1
150136	1
2459727	1
6467403	1
374904	1
1009239	1
4695645	1
142244	1
7710293	1
3912004	1
35956903	1
25233862	1
1503323	1
2261491	1
839508	1
1304053	1
528452	1
335062	1
6438586	1
4576652	1
496753	1
9559549	1
2664908	1
20117120	1
876992	1
2327486	1
2180841	1
29188980	1
1970439	1
7973225	1
27016816	1
30813	1
186325	1
6503272	1
1678370	1
7588705	1
400745	1
22783677	1
2390149	1
931513	1
34912996	1
147505	1
946305	1
6806598	1
9450260	1
1133081	1
28680931	1
7619811	1
3138316	1
4611360	1
5569009	1
1220281	1
26037044	1
4273813	1
1662095	1
99504	1
1941153	1
1834015	1
2741945	1
16705435	1
1263740	1
98648	1
1160164	1
928511	1
148904	1
1705970	1
960031	1
3858352	1
663984	1
36781785	1
6203300	1
1293050	1
21005092	1
150969	1
39805448	1
11268646	1
6060728	1
10156251	1
26707766	1
39096415	1
373975	1
5972284	1
2384647	1
1561855	1
13441236	1
382204	1
24009554	1
654645	1
20260520	1
3496945	1
1014514	1
2830074	1
30556520	1
3090887	1
13622016	1
12095447	1
9410972	1
2974611	1
1459568	1
599838	1
33425559	1
9776922	1
5068188	1
18998781	1
7989197	1
1368672	1
17700314	1
13073070	1
696967	1
1897664	1
9962787	1
16663311	1
17406210	1
893026	1
14127707	1
9427563	1
1027305	1
214138	1
38981475	1
22373066	1
22878775	1
43655228	1
3246846	1
2798903	1
842940	1
9563770	1
5720689	1
935857	1
3334731	1
3059677	1
1718235	1
18752872	1
2630834	1
15494011	1
12838428	1
375183	1
7010962	1
31662519	1
5963790	1
13918909	1
5747984	1
98971	1
2336441	1
1672971	1
390867	1
583156	1
858035	1
1882682	1
3211466	1
4200803	1
11926013	1
5863797	1
13293839	1
167303	1
13078470	1
1036971	1
89443	1
310451	1
3994530	1
1597750	1
9130621	1
13061702	1
7150114	1
7072872	1
38915132	1
14986452	1
443369	1
39083208	1
23527333	1
15987041	1
5853147	1
526538	1
213270	1
989390	1
32765970	1
3303550	1
3580246	1
4463442	1
37632638	1
4722952	1
23767495	1
3795872	1
665963	1
1239965	1
24449056	1
2470868	1
8030710	1
1292882	1
18520800	1
451166	1
516683	1
27681284	1
1568870	1
1823920	1
4724018	1
15679754	1
23534946	1
1458510	1
7334982	1
1908544	1
91013	1
8517397	1
169568	1
3115199	1
7744271	1
14524476	1
5186897	1
3566305	1
6799714	1
22090652	1
2749652	1
176479	1
322567	1
160115	1
7186198	1
14439561	1
1952749	1
16664905	1
1312584	1
3400444	1
8228800	1
15280457	1
13427107	1
18445224	1
261743	1
352497	1
2444787	1
7182	1
18203743	1
481782	1
42705884	1
13363731	1
300699	1
33768442	1
1012998	1
5981035	1
3807728	1
1212446	1
32640309	1
4518647	1
8023661	1
788660	1
63568	1
1321577	1
2569417	1
7441964	1
342926	1
42433292	1
632717	1
2795615	1
38463407	1
5676178	1
26109809	1
18563921	1
887891	1
3608631	1
1726063	1
6447221	1
2623586	1
4113636	1
3632107	1
24093043	1
2892634	1
657063	1
1362943	1
1205991	1
5335443	1
3326168	1
4008191	1
9483557	1
38364524	1
2003741	1
806910	1
413556	1
1338047	1
45332798	1
555248	1
3783917	1
41459762	1
2458053	1
7397738	1
1213859	1
13987282	1
45577648	1
2407004	1
435086	1
37188627	1
2614599	1
490089	1
2810777	1
4722989	1
2494356	1
35360196	1
26973022	1
264851	1
4894897	1
17218772	1
11730266	1
1616594	1
148474	1
62026	1
5064611	1
1673295	1
8006084	1
2974975	1
29284256	1
4331224	1
1107034	1
14687423	1
1766123	1
9526182	1
7292144	1
2518164	1
32448547	1
15990138	1
1259631	1
4401675	1
3366450	1
684908	1
68078	1
375258	1
596825	1
7249919	1
14609777	1
28646475	1
444512	1
4671604	1
5828330	1
538304	1
44184714	1
355901	1
14551559	1
412729	1
10879979	1
11973430	1
3961213	1
535324	1
13798838	1
4060623	1
164363	1
194614	1
1057205	1
7172080	1
9123449	1
1514904	1
655747	1
13500528	1
2612671	1
3072655	1
99602	1
11562047	1
2687683	1
309650	1
6113306	1
18046421	1
18293060	1
974743	1
3543491	1
12726410	1
5792387	1
1138775	1
39877734	1
4053775	1
196519	1
1819057	1
16675318	0
328516	0
13857359	0
36100672	0
48395844	0
44549205	0
15781421	0
27134711	0
2006780	0
27364468	0
32725451	0
45537350	0
10090412	0
29138683	0
2038157	0
11903796	0
1199981	0
15484632	0
5618269	0
6113780	0
32415867	0
140357	0
4980096	0
27458875	0
13144879	0
1371531	0
3438200	0
5257449	0
425742	0
19529744	0
29621681	0
14270845	0
24713950	0
49031571	0
520243	0
133416	0
117771	0
1428716	0
13014209	0
24481908	0
23510880	0
45037040	0
11870078	0
601509	0
10902050	0
5623903	0
18849049	0
15454042	0
6330416	0
17951141	0
1326891	0
21207489	0
2156930	0
149585	0
47655301	0
15942105	0
234451	0
12821935	0
3545033	0
7730767	0
3930995	0
8021960	0
17307467	0
13934108	0
24004676	0
41686036	0
108948	0
4021499	0
23546286	0
9431723	0
17039483	0
47422220	0
970762	0
20696886	0
841427	0
24292985	0
26188793	0
1167898	0
3612374	0
16818599	0
6360959	0
2072114	0
18702887	0
1413430	0
27488403	0
45589358	0
6136828	0
13551671	0
20978193	0
6575179	0
38361497	0
34558603	0
4002312	0
35755662	0
714274	0
5080336	0
39904069	0
7448732	0
36233542	0
2764746	0
10985961	0
1091076	0
4360031	0
28176247	0
26896255	0
21711196	0
998127	0
1422468	0
519467	0
485363	0
266243	0
32137565	0
16017207	0
2242004	0
24347538	0
14836610	0
6574313	0
31536155	0
1132063	0
95698	0
45267969	0
1128854	0
1187011	0
9619091	0
33874160	0
6556194	0
38948366	0
12445269	0
1240981	0
17071747	0
13708105	0
2608405	0
2726304	0
133601	0
3206141	0
99988	0
24889368	0
12361933	0
534792	0
5913006	0
9463322	0
36961846	0
6522734	0
24038838	0
30216276	0
20157611	0
11121136	0
10492284	0
24929050	0
12157042	0
33752454	0
132854	0
40977870	0
24749762	0
19892201	0
37461005	0
20840334	0
20778447	0
1137460	0
6009046	0
3461518	0
17275536	0
1573213	0
2939367	0
863239	0
2715469	0
33266092	0
1409688	0
5845425	0
1070875	0
28132000	0
17457827	0
31232470	0
14361524	0
28345482	0
12220215	0
18849277	0
3472696	0
991029	0
32150607	0
9727618	0
13203649	0
894309	0
1684201	0
753889	0
4889458	0
23408905	0
1363468	0
360816	0
1623228	0
36245777	0
33301133	0
1299675	0
17933549	0
2826462	0
1311048	0
33664746	0
3693882	0
33818095	0
2644165	0
25759482	0
7310634	0
6737352	0
43412050	0
3913767	0
21849546	0
17620420	0
21745805	0
4012530	0
19752859	0
49087045	0
6390683	0
3461322	0
3840423	0
34799776	0
35348624	0
24525462	0
7515964	0
2370080	0
2616140	0
22225878	0
15441510	0
3529714	0
12044626	0
14933665	0
1684419	0
44838333	0
135016	0
968237	0
1076165	0
12508112	0
2853929	0
16069875	0
51224	0
2406967	0
3438751	0
371743	0
49571	0
107189	0
398553	0
8382703	0
11603657	0
9678000	0
24795524	0
1365272	0
7055620	0
5293244	0
908752	0
6743809	0
28723438	0
313184	0
40373806	0
14284908	0
3750906	0
584281	0
22554644	0
8200980	0
14890503	0
6243533	0
27294370	0
7106595	0
17266766	0
23556110	0
40754009	0
29671638	0
8168552	0
159411	0
2188510	0
9230788	0
35765804	0
2093629	0
5580415	0
27281234	0
906328	0
13427432	0
36714911	0
13960775	0
15805969	0
12794208	0
13569801	0
15733065	0
5571305	0
1706078	0
5821778	0
3865084	0
37710194	0
33942680	0
2829232	0
8126929	0
21924814	0
7178523	0
2414949	0
21523216	0
8372266	0
1230252	0
1708752	0
43281242	0
30311394	0
16967195	0
5143888	0
15475328	0
330463	0
121298	0
20651793	0
10830132	0
4374584	0
181586	0
595587	0
28093199	0
9458989	0
16042904	0
1929198	0
38349645	0
29154311	0
752939	0
128748	0
18356198	0
796365	0
6826355	0
3895789	0
48030036	0
9492449	0
14924528	0
17597987	0
222914	0
1857459	0
7596497	0
9712537	0
16975987	0
1214921	0
48487831	0
1666132	0
39115287	0
13975802	0
3565802	0
27024637	0
22013434	0
37058699	0
1340932	0
1355089	0
1675442	0
933608	0
3060411	0
15950527	0
450350	0
13392017	0
31801929	0
13347169	0
678599	0
6163055	0
23930116	0
4801419	0
948687	0
4792075	0
5613277	0
5133336	0
43141655	0
23147696	0
4673002	0
7902697	0
2968069	0
13127996	0
28826271	0
31685589	0
30721310	0
16946852	0
38884511	0
30876271	0
34443482	0
6374773	0
1083284	0
370095	0
7113128	0
5058149	0
44663362	0
2154625	0
2347976	0
506781	0
1664367	0
1858183	0
8307426	0
3196474	0
40063671	0
14573357	0
95880	0
2342291	0
20353571	0
38708066	0
30016429	0
34306935	0
3013076	0
18253773	0
24046064	0
30703346	0
4786937	0
4796764	0
9742528	0
33115150	0
429874	0
3776603	0
18723883	0
43504181	0
858884	0
858972	0
12423973	0
9424431	0
25271117	0
4960641	0
934602	0
3848881	0
1772536	0
17555748	0
30516	0
2239948	0
384138	0
25280846	0
33112723	0
11268293	0
6706093	0
34453802	0
132957	0
39493104	0
27138605	0
6168451	0
7324209	0
44933985	0
358867	0
12580719	0
17594127	0
164331	0
8241593	0
1652260	0
12516172	0
123864	0
9592435	0
18699119	0
3104557	0
69155	0
17236220	0
2280740	0
35714356	0
21386743	0
27592596	0
7443355	0
400933	0
2448377	0
42081085	0
7198522	0
2239486	0
30108740	0
17142627	0
658957	0
40901034	0
3432577	0
38266042	0
35838212	0
536350	0
25561522	0
25645935	0
15711503	0
2575344	0
11691936	0
12042018	0
19076143	0
31348659	0
9637998	0
13770603	0
494685	0
622145	0
5184439	0
89648	0
958372	0
20607025	0
14058252	0
8418734	0
33920114	0
9731807	0
17629940	0
26948699	0
658426	0
39996069	0
20452987	0
26944389	0
1295193	0
15003220	0
37569547	0
1642725	0
2778500	0
5773407	0
2245721	0
34748874	0
810636	0
1667488	0
6205586	0
24174036	0
19324774	0
2715614	0
1076849	0
6013999	0
32658576	0
