10124249	1
135506	1
1752513	1
7152305	1
151122	1
125871	1
610930	1
136271	1
29579678	1
45596	1
645108	1
1443194	1
3250826	1
136841	1
3033478	1
563739	1
16896104	1
16939990	1
4984379	1
17156517	1
21320535	1
11264198	1
22910217	1
2522526	1
3401331	1
2373168	1
4491264	1
1484202	1
1248719	1
766078	1
3647917	1
31934210	1
7587265	1
151117	1
9033570	1
1837290	1
18837431	1
5904771	1
1698193	1
41024745	1
2239590	1
964411	1
2681850	1
7199456	1
32445550	1
1888365	1
5920298	1
7955806	1
36348212	1
596106	1
11055577	1
5927682	1
1061150	1
2268440	1
4708054	1
725065	1
123243	1
2263267	1
5407237	1
6680872	1
85241	1
4712705	1
13801386	1
2497242	1
135592	1
172230	1
13349888	1
13473822	1
5888698	1
169982	1
265030	1
912853	1
361748	1
3144730	1
1178754	1
4283649	1
4839330	1
135988	1
6238950	1
8219276	1
136231	1
284749	1
13893896	1
19643830	1
3418253	1
5395420	1
3423505	1
6193514	1
14205490	1
26623175	1
8563876	1
154677	1
13892207	1
136382	1
976264	1
1246524	1
13344878	1
3690022	1
24951551	1
7119720	1
136847	1
23842227	1
769310	1
39885724	1
179571	1
35636090	1
70243	1
3981201	1
5832239	1
49539115	1
43868438	1
1996743	1
5591782	1
20964245	1
8077788	1
2363917	1
10330445	1
503573	1
3781584	1
3267280	1
21009963	1
6733824	1
135996	1
9854020	1
30858803	1
7358969	1
157304	1
3290089	1
7163345	1
1597904	1
12282759	1
2538538	1
1954268	1
1372745	1
3037601	1
21463597	1
4765525	1
39124679	1
1790725	1
7052238	1
25708474	1
638381	1
107924	1
28366600	1
3354114	1
1875304	1
3600587	1
42360058	1
11579914	1
8977596	1
2692232	1
3104844	1
3691158	1
6183007	1
10116107	1
1110260	1
93411	1
1458386	1
136517	1
3510418	1
38593028	1
16657364	1
581512	1
109985	1
2098122	1
18357168	1
15024060	1
11495400	1
579055	1
107629	1
136366	1
1372005	1
2104	1
36855423	1
28085457	1
1939833	1
3653737	1
178177	1
14665163	1
13222213	1
7145053	1
2249008	1
3294938	1
2463623	1
43582597	1
136583	1
30550183	1
26143406	1
2315854	1
926216	1
4052870	1
296724	1
4695115	1
2629921	1
8905622	1
1440358	1
31251176	1
9207208	1
24680975	1
12150719	1
136846	1
833717	1
2322702	1
767635	1
4445983	1
6492126	1
1438686	1
8379652	1
41301024	1
24052425	1
890048	1
655212	1
12070585	1
6085195	1
44289749	1
1870871	1
135748	1
4354601	1
2065410	1
3743293	1
7895491	1
29580039	1
32943951	1
6300843	1
1670814	1
8910666	1
12425884	1
12029915	1
11032403	1
26961883	1
3135294	1
45567595	1
11272303	1
12569406	1
237003	1
6603110	1
13471983	1
7291405	1
194910	1
115518	1
4848021	1
356834	1
156681	1
7505945	1
448532	1
6190405	1
1693328	1
91482	1
3613988	1
1341568	1
4230819	1
1759559	1
38558365	1
1374651	1
93825	1
263483	1
43456718	1
2502831	1
42794782	1
135505	1
2857211	1
38881698	1
787300	1
135912	1
4202182	1
3192955	1
5694650	1
5340969	1
38182103	1
8594230	1
3383615	1
16706073	1
6843939	1
5842718	1
72880	1
13010685	1
32876183	1
6115431	1
17183827	1
33825498	1
37017657	1
91634	1
1555946	1
4436337	1
20138963	1
26516361	1
9866245	1
27918049	1
33380224	1
151185	1
3957853	1
30678654	1
2902691	1
3446655	1
2737825	1
2380071	1
5339128	1
3921930	1
217489	1
13168213	1
1539825	1
3170649	1
11277244	1
27106697	1
11880233	1
33481579	1
16021467	1
8644021	1
29896432	1
954761	1
3441969	1
38131912	1
113558	1
759780	1
30464783	1
20030366	1
27900673	1
1009734	1
2561718	1
5458423	1
33088731	1
4777851	1
1341640	1
2778716	1
772858	1
17131873	1
645199	1
489729	1
39526094	1
135538	1
2589276	1
1352420	1
2003883	1
932797	1
4143800	1
136596	1
54427	1
136196	1
399531	1
44588013	1
1341577	1
1618802	1
17338071	1
5200526	1
5023722	1
7177251	1
43344892	1
1067067	1
136069	1
364022	1
4071338	1
1958445	1
1855703	1
31525692	1
9198666	1
41771680	1
4292814	1
37081943	1
5895520	1
23164365	1
331429	1
2643914	1
1931925	1
1958513	1
6523051	1
11859503	1
48035466	1
1784698	1
3224412	1
29113729	1
7143122	1
42808	1
1855139	1
136533	1
19785689	1
18777501	1
439738	1
34714670	1
97681	1
91447	1
12926065	1
8943129	1
136217	1
2101570	1
3209921	1
1671962	1
4723867	1
15352210	1
29883836	1
675225	1
25989392	1
15324748	1
5318214	1
25236080	1
515810	1
12283159	1
6325560	1
833519	1
136334	1
19402036	1
16557141	1
15321253	1
737843	1
9685432	1
7938155	1
24553024	1
2468174	1
5672281	1
399862	1
2129127	1
21192018	1
12292930	1
1473628	1
2440937	1
7895465	1
19642263	1
6085238	1
3636210	1
1849972	1
89366	1
2094180	1
1941489	1
106627	1
6572439	1
6204069	1
16644782	1
13913820	1
6865675	1
136739	1
2005361	1
3530817	1
3355560	1
8039658	1
3694292	1
16992557	1
42541096	1
6259073	1
12440936	1
536249	1
789618	1
34313084	1
2579766	1
7051066	1
168422	1
13928217	1
7996300	1
1742196	1
27370755	1
46259951	1
23768756	1
18952056	1
473493	1
387806	1
91560	1
19477776	1
2702389	1
22084027	1
19852297	1
108590	1
31810259	1
629030	1
23244820	1
1662315	1
38108402	1
151180	1
4710466	1
5226583	1
1316666	1
2643171	1
624245	1
4632813	1
3167002	1
1086615	1
14529219	1
35061344	1
4712174	1
9819010	1
88996	1
4673954	1
7133621	1
8943731	1
135975	1
91511	1
136631	1
39082080	1
3742838	1
774282	1
99867	1
105155	1
7598092	1
2468286	1
8250734	1
914132	1
5928105	1
43294866	1
36981442	1
5435550	1
19035563	1
3645261	1
5318784	1
4401996	0
2292912	0
1218906	0
4750422	0
1470569	0
27593514	0
30871177	0
9427563	0
10891114	0
2840308	0
1116015	0
8604317	0
4119439	0
2456329	0
2561325	0
5795550	0
1344457	0
40791159	0
1249919	0
19761166	0
14411990	0
42134678	0
34592599	0
29526696	0
115410	0
34044852	0
17308214	0
46673216	0
1119688	0
17922633	0
37582194	0
977417	0
32403249	0
26269286	0
34748690	0
1888381	0
20229792	0
1593267	0
1606335	0
59858	0
5099154	0
14116605	0
1398384	0
13334001	0
403902	0
12767324	0
31097623	0
19505024	0
363537	0
4457231	0
48782250	0
6093473	0
5879584	0
36177603	0
37923764	0
18160177	0
2536583	0
37510415	0
15347081	0
34287283	0
248044	0
42010706	0
18508932	0
20781109	0
1686974	0
1643691	0
15107041	0
27547387	0
9832114	0
12491554	0
3305809	0
34975879	0
1096714	0
3319638	0
25251582	0
181229	0
18430085	0
309733	0
47474966	0
13346121	0
1757032	0
11519672	0
26270946	0
6846998	0
8893433	0
24653639	0
11260	0
4832159	0
26182743	0
7914412	0
24563656	0
40521602	0
19079694	0
1004709	0
1235484	0
36484616	0
2440140	0
5447886	0
23202768	0
17547322	0
4210906	0
23161402	0
3671720	0
35817965	0
22738887	0
12645212	0
23814222	0
311455	0
16491537	0
12059116	0
3103149	0
129807	0
39801872	0
12175409	0
37258436	0
11855696	0
116288	0
6013651	0
1843539	0
35617725	0
31631894	0
46948448	0
44440972	0
3124965	0
464708	0
16588225	0
253700	0
10793296	0
33670883	0
35074858	0
19070372	0
514795	0
11184661	0
23189762	0
2407353	0
8256714	0
29174259	0
28201167	0
15687214	0
6129267	0
26749480	0
17667178	0
4762190	0
13176922	0
2614980	0
112914	0
4220991	0
742708	0
3301316	0
2862931	0
48432275	0
5213300	0
6042428	0
17156456	0
41484697	0
20121642	0
6507798	0
36883901	0
32707750	0
15318918	0
19370774	0
41429798	0
296926	0
30155243	0
30944718	0
40277843	0
11689130	0
2201215	0
15337953	0
31805285	0
3020365	0
24052349	0
32145429	0
8639581	0
13661585	0
97415	0
183603	0
73092	0
10935280	0
48749216	0
4617204	0
1886392	0
5569626	0
383064	0
4321834	0
4532707	0
10010094	0
6328266	0
24146	0
42340942	0
4615955	0
44336360	0
27754348	0
46399899	0
376723	0
1504072	0
23726939	0
30594798	0
2488973	0
34876487	0
26541749	0
11647540	0
15124692	0
1468037	0
2056185	0
20970437	0
4773332	0
4024117	0
301486	0
16906775	0
27354199	0
39904963	0
37167262	0
30155355	0
4938125	0
35306676	0
4232573	0
108506	0
252353	0
17646188	0
6863773	0
43027696	0
6789329	0
24151944	0
8687281	0
19386520	0
1807917	0
307467	0
35135663	0
4289646	0
37949788	0
39351824	0
11321867	0
17412921	0
8395064	0
44314288	0
393391	0
165403	0
13150864	0
9025307	0
15500224	0
213072	0
291509	0
211447	0
15302690	0
243964	0
438051	0
4133235	0
571941	0
35727349	0
42599589	0
48632673	0
10919355	0
33972556	0
17838455	0
762588	0
721691	0
15040340	0
2392365	0
29813938	0
6795151	0
548585	0
43992913	0
11925965	0
566242	0
12876375	0
23475282	0
8632006	0
16617699	0
3040092	0
3255620	0
43695308	0
18331475	0
35210603	0
3760943	0
2430755	0
42201547	0
30874307	0
14935698	0
481800	0
150095	0
33280938	0
39817269	0
298025	0
2610277	0
28175660	0
5053262	0
392778	0
35786788	0
5051464	0
45254741	0
20857673	0
6708582	0
1878246	0
5704409	0
3971762	0
43100398	0
31694194	0
12897578	0
1215139	0
131252	0
1017828	0
43209602	0
23444352	0
496389	0
13359904	0
13836698	0
22844773	0
3146097	0
41478251	0
2298575	0
36637954	0
40199989	0
27174970	0
39795423	0
2227620	0
606960	0
5256121	0
1188347	0
2048056	0
129872	0
6717807	0
20220104	0
4000292	0
4293821	0
33259271	0
5166086	0
35271540	0
40849126	0
8964761	0
32809273	0
26153733	0
4848268	0
23923021	0
3319153	0
981401	0
30765163	0
5380265	0
5261061	0
5077597	0
6437166	0
2477853	0
31088567	0
16193863	0
10278718	0
8001239	0
10074548	0
8664574	0
784602	0
194887	0
27756644	0
32947940	0
6767585	0
2392108	0
5516566	0
414393	0
2222583	0
20928815	0
25647093	0
12175121	0
47434275	0
27205582	0
27998391	0
35161526	0
45378711	0
38009207	0
1569018	0
40592278	0
493251	0
36865885	0
3382514	0
3454713	0
634114	0
8711590	0
39339802	0
7721353	0
159381	0
13813761	0
2452827	0
2978636	0
1383575	0
11683464	0
23610501	0
1033709	0
30687447	0
2813012	0
18467344	0
9494297	0
497869	0
6088815	0
30603392	0
22971483	0
5318741	0
12169435	0
784386	0
2591383	0
6024948	0
32190623	0
8398155	0
34345920	0
8534049	0
3695349	0
24838827	0
5911783	0
859551	0
125034	0
18247678	0
27954663	0
18088941	0
20599429	0
25561867	0
16355725	0
12749451	0
33261687	0
11436802	0
32744802	0
702240	0
6037427	0
28916709	0
29746724	0
20374300	0
497614	0
24108754	0
7132753	0
2231546	0
133878	0
28272	0
4444501	0
37307931	0
4174679	0
10226222	0
6444700	0
950291	0
6692637	0
2111702	0
15151082	0
31495661	0
1209545	0
14252702	0
26910732	0
3092215	0
42548140	0
513858	0
22704345	0
17541590	0
6484015	0
26839491	0
10988241	0
25327766	0
6760832	0
40977418	0
4389299	0
2078130	0
665708	0
28594487	0
32305364	0
29077655	0
1812204	0
9777822	0
7158009	0
798507	0
24551632	0
1695635	0
339486	0
23132357	0
4664392	0
7378104	0
2571236	0
13107377	0
27462548	0
18635197	0
8513950	0
7814792	0
4520302	0
40799824	0
11899367	0
38921709	0
30531364	0
29853287	0
8448516	0
21031907	0
16036762	0
1493624	0
602871	0
5276634	0
5774649	0
10420164	0
1726671	0
2951622	0
17196636	0
24134662	0
177496	0
798803	0
6033971	0
13892013	0
7710142	0
6581473	0
27532568	0
32357736	0
22325946	0
