18512753	1
53764	1
1460298	1
2652646	1
656106	1
1096019	1
1393122	1
26215331	1
18974570	1
8430528	1
16572	1
140894	1
65458	1
2490118	1
33272882	1
2179789	1
25214754	1
268833	1
3615516	1
229198	1
8614708	1
1932840	1
670013	1
11081353	1
2259075	1
12097436	1
2862065	1
1323348	1
247772	1
13938751	1
619539	1
868529	1
61176	1
10951671	1
24492685	1
27025746	1
2544875	1
1922839	1
2692377	1
8817942	1
866575	1
2789120	1
469813	1
74375	1
34467	1
37954459	1
996867	1
2709969	1
374904	1
1969005	1
926219	1
1368265	1
7063215	1
7363063	1
4459597	1
2251771	1
6834979	1
254641	1
53189	1
1746433	1
625105	1
380927	1
4658219	1
46416170	1
793632	1
468899	1
4205606	1
38338487	1
12543187	1
5495101	1
3225	1
13205172	1
8942482	1
5200013	1
149787	1
229779	1
1933539	1
166121	1
1905629	1
21776233	1
202122	1
38336040	1
2430215	1
880508	1
6156222	1
228989	1
211274	1
5772073	1
908659	1
7525545	1
14155	1
187638	1
156210	1
43850788	1
9508	1
24161098	1
2214986	1
18320	1
73585	1
45434104	1
23227951	1
13048635	1
158146	1
42571226	1
2170031	1
1481924	1
11543265	1
171052	1
1586074	1
26384	1
20736730	1
3053724	1
36805210	1
963023	1
5192831	1
276085	1
1184385	1
43866	1
2421164	1
2159935	1
144364	1
4037477	1
25286	1
11995989	1
3752653	1
146709	1
6592370	1
14067980	1
42035006	1
160256	1
23439206	1
667565	1
318621	1
8632578	1
5671	1
5282984	1
14989396	1
84462	1
299734	1
37968626	1
1257257	1
5390588	1
15138743	1
427730	1
23969660	1
7061458	1
278442	1
23570482	1
564568	1
2484804	1
13989994	1
966244	1
11169003	1
26618588	1
23855065	1
957400	1
350048	1
306603	1
2064417	1
3284744	1
2019407	1
5911082	1
17026099	1
144367	1
617783	1
12052390	1
41820367	1
3556835	1
277158	1
3806249	1
6884698	1
1375530	1
16272829	1
22697314	1
17828403	1
5404595	1
22368461	1
17624772	1
28260	1
1137787	1
5396945	1
3574413	1
565418	1
9314900	1
3620996	1
591611	1
8043117	1
18618306	1
80027	1
247805	1
691356	1
143331	1
157721	1
277824	1
4395771	1
320172	1
2684571	1
796383	1
28678	1
15382067	1
640575	1
2537855	1
1723	1
591556	1
554858	1
40436204	1
40241323	1
12122260	1
55422	1
37631145	1
882447	1
52570	1
1311275	1
3359939	1
7531065	1
2143256	1
6103484	1
524311	1
1948859	1
2426292	1
274551	1
2619523	1
23508247	1
433343	1
30085	1
3217481	1
1316056	1
4571250	1
2033359	1
348292	1
4214242	1
17521313	1
7826589	1
1458573	1
22589	1
30848284	1
863973	1
38725878	1
13556601	1
1548753	1
1350234	1
6067603	1
2853092	1
22069203	1
18608235	1
657153	1
49446160	1
4200168	1
311935	1
35835	1
1180392	1
923608	1
11436273	1
1967652	1
1308626	1
7976	1
37918533	1
9305406	1
2350735	1
173360	1
3810897	1
1369437	1
182688	1
595941	1
24637328	1
404466	1
16543421	1
4987042	1
16335290	1
2408585	1
12110649	1
210151	1
24808831	1
309081	1
7725707	1
2794281	1
554757	1
74339	1
65867	1
211447	1
699946	1
4087691	1
22348016	1
1159860	1
1953961	1
2372334	1
5367136	1
50247	1
203896	1
2224300	1
2211455	1
2006432	1
3417192	1
9443121	1
3304667	1
12576808	1
191291	1
2421437	1
10397621	1
5490912	1
24610337	1
18934766	1
1644687	1
592766	1
18455882	1
46981107	1
238906	1
2462081	1
308288	1
2739735	1
748026	1
24388395	1
828094	1
60413	1
2429735	1
29131760	1
5453726	1
6058684	1
314046	1
4631130	1
133142	1
215106	1
562392	1
1110979	1
1591855	1
8643369	1
8223535	1
16657013	1
8680962	1
99031	1
2134246	1
437090	1
6978496	1
936605	1
87900	1
25071364	1
1929706	1
28726117	1
39744581	1
3144024	1
30799710	1
35365071	1
1020773	1
144633	1
18114898	1
14362238	1
262953	1
19726	1
1618168	1
28834997	1
2868450	1
1813655	1
35952907	1
1709586	1
874824	1
1797243	1
16306950	1
327918	1
393256	1
12204938	1
13682662	1
13839222	1
11157205	1
41011019	1
4576928	1
729952	1
1409579	1
75647	1
828034	1
3310756	1
1495667	1
65942	1
14353694	1
74930	1
3037946	1
38145481	1
673682	1
497619	1
6557507	1
2651711	1
17113612	1
18919532	1
44012	1
15108396	1
646929	1
10867607	1
1632247	1
2443	1
51346	1
1490105	1
43503697	1
3556731	1
5987628	1
5011526	1
4580962	1
276931	1
2484785	1
7678849	1
24829102	1
31597987	1
29817454	1
250519	1
4391989	1
2158343	1
397334	1
876994	1
32839428	1
420532	1
548774	1
18698080	1
13336811	1
1048151	1
10971441	1
4035810	1
3031886	1
8434274	1
13542591	1
2318319	1
218875	1
2785720	1
18660672	1
14851595	1
359528	1
4704298	1
4768370	1
7451768	1
21273100	1
30769377	1
275044	1
19537910	1
1999599	1
70206	1
1245870	1
1382710	1
31217535	1
18953471	1
1491308	1
178887	1
603677	1
11494260	1
309134	1
2447208	1
13968836	1
562205	1
8737659	1
441315	1
10650336	1
8412	1
31357004	1
9256048	1
922803	1
1915779	1
1385549	1
1144143	1
1117355	1
236714	1
703790	1
13737627	1
30820849	1
2468174	1
23906	1
158185	1
2069466	1
158351	1
20948534	1
22872674	1
19276851	1
1195057	1
5540864	1
954070	1
1173887	1
2413097	1
21998954	1
2252172	1
3490857	1
17571456	1
19008673	1
13652450	1
69667	1
24941369	1
4472003	1
179513	1
21611285	1
1137851	1
66870	1
874724	1
638504	1
222396	1
25253669	1
1812196	1
4396210	1
266502	1
44137187	1
10538711	1
183592	1
3853235	1
2571385	1
8604006	1
19460954	1
40842230	1
2964580	0
3754995	0
15653941	0
5874271	0
2327976	0
3459525	0
22185430	0
32413049	0
12475782	0
7156429	0
2414299	0
1155664	0
32012	0
3126789	0
23644636	0
1129372	0
3177481	0
12366594	0
16158293	0
9784400	0
4122791	0
32986119	0
4175884	0
39643760	0
13979783	0
9130926	0
3590321	0
1787285	0
16799876	0
17089501	0
3703963	0
40635008	0
40799697	0
2926586	0
34881706	0
5270524	0
10732804	0
449439	0
45273258	0
1674991	0
7349621	0
6039195	0
7031188	0
49299152	0
4797209	0
4897115	0
4397622	0
6125557	0
27179061	0
18866077	0
15711503	0
14271677	0
26204741	0
33950840	0
17443105	0
32157	0
1908661	0
327092	0
983810	0
4352452	0
2688930	0
6367343	0
39415533	0
3727826	0
7873293	0
6799439	0
72307	0
781201	0
3934382	0
31922458	0
1091223	0
40280329	0
1442391	0
2458636	0
15451400	0
130124	0
40454653	0
34167893	0
9779851	0
7144790	0
28722785	0
105607	0
457292	0
45461920	0
4119100	0
12461776	0
47903463	0
32851472	0
38250200	0
554025	0
27474232	0
6491496	0
3825523	0
55641	0
12286855	0
1297634	0
244860	0
132368	0
13428646	0
1217547	0
418436	0
22574577	0
1368189	0
15098520	0
26172077	0
16884724	0
3137282	0
10405822	0
351313	0
34013225	0
11190123	0
10827111	0
1076612	0
23475813	0
16021671	0
2260807	0
22376262	0
2246397	0
22456258	0
46950720	0
22236317	0
3982673	0
8191933	0
5363299	0
779665	0
14504793	0
39061090	0
24567708	0
38039657	0
35937151	0
15314432	0
3622888	0
32777210	0
44283951	0
16327657	0
2606471	0
46847965	0
3721810	0
10947898	0
37267561	0
30875081	0
12493876	0
3303404	0
6867713	0
3433237	0
24570224	0
37875506	0
33037124	0
133663	0
5004367	0
556091	0
7872237	0
1473007	0
423618	0
30977716	0
22588762	0
8173287	0
30963015	0
3079446	0
27064391	0
17561481	0
24795627	0
3079051	0
10844191	0
15431122	0
24718908	0
15442226	0
3767351	0
37955347	0
6107252	0
90516	0
1958713	0
2221379	0
20617528	0
2470868	0
2575536	0
41100067	0
23925348	0
2286175	0
44745	0
408255	0
44474055	0
5697813	0
19528919	0
38266693	0
14613355	0
21640588	0
8439872	0
23446618	0
6770948	0
3490401	0
310288	0
10317018	0
565727	0
23444365	0
8233545	0
18635386	0
1348747	0
40305993	0
2714692	0
8721648	0
1721335	0
10891806	0
39975781	0
117397	0
3189493	0
1514401	0
907362	0
13227513	0
16057810	0
1486929	0
8649643	0
16339763	0
6478282	0
5796600	0
14576648	0
751304	0
1979727	0
29040070	0
35780479	0
151287	0
1312733	0
42925864	0
1309147	0
2484667	0
18446962	0
39786263	0
137086	0
4555546	0
9720540	0
1679450	0
9653245	0
5973024	0
22850570	0
21584767	0
12773693	0
29634449	0
696857	0
14763980	0
13821314	0
3961424	0
30161488	0
6540232	0
192181	0
190438	0
11794236	0
24707048	0
20875752	0
4006219	0
3464646	0
3729073	0
40666045	0
15523518	0
4895021	0
17940811	0
37853505	0
2626789	0
1128690	0
23788991	0
41155175	0
21939446	0
14435658	0
134856	0
38389614	0
7294454	0
38648926	0
46876132	0
27332061	0
2392909	0
320891	0
4424569	0
10702899	0
135580	0
1344284	0
3079688	0
811392	0
562116	0
5226332	0
23934468	0
30936920	0
4066687	0
23151276	0
44955599	0
37578042	0
25244903	0
95739	0
29515371	0
44414177	0
434394	0
2177035	0
4817310	0
43056305	0
626625	0
399509	0
3110120	0
1148639	0
1267002	0
2619400	0
660648	0
3792659	0
11866168	0
8397626	0
17298608	0
11166229	0
32518835	0
32883178	0
124725	0
15409822	0
646219	0
26135510	0
1078533	0
11542647	0
2390638	0
3646143	0
2699164	0
20024770	0
23711167	0
11565261	0
3829704	0
29542934	0
643366	0
6598687	0
1528013	0
12608923	0
32136754	0
22085222	0
8677380	0
33784339	0
2868891	0
12239565	0
28989400	0
10810378	0
11340898	0
1020318	0
5502842	0
6367470	0
13187035	0
10824062	0
40067481	0
5766337	0
43311098	0
44447254	0
13172643	0
39626858	0
28361407	0
1083241	0
436871	0
14058277	0
5295416	0
218625	0
20803680	0
1701246	0
34652295	0
30861027	0
17846889	0
4566207	0
4591263	0
35671275	0
495812	0
121745	0
3124658	0
94132	0
10187089	0
96107	0
15135346	0
18831317	0
5182853	0
5726981	0
5065696	0
7813256	0
1857806	0
21779171	0
2942333	0
3046828	0
37852327	0
22024891	0
1779377	0
3294925	0
29322171	0
1527407	0
12681014	0
1316404	0
14336288	0
15207156	0
22047335	0
1418800	0
4381049	0
28371212	0
6951182	0
33102609	0
11850651	0
4360531	0
42850636	0
13019877	0
24596499	0
11814306	0
9352696	0
17953818	0
1242364	0
28130422	0
18509486	0
16124353	0
19332004	0
4145642	0
8710784	0
164456	0
21680349	0
1780449	0
17528882	0
43661720	0
16662467	0
2663591	0
2507398	0
39827514	0
30776203	0
1209231	0
25523088	0
41430775	0
42793886	0
8666752	0
31343576	0
3766225	0
20777572	0
631358	0
31094789	0
4567355	0
1919745	0
22578993	0
13454022	0
6135347	0
262842	0
350784	0
1147963	0
432672	0
130591	0
3358343	0
8488343	0
2459547	0
1820862	0
697631	0
126412	0
9066174	0
2803277	0
3475757	0
39056676	0
2256310	0
46548547	0
19654014	0
2111497	0
82019	0
2220293	0
9266751	0
7028120	0
128535	0
7353674	0
3197638	0
18289784	0
4402479	0
1906475	0
126485	0
18557321	0
17646716	0
7523301	0
125420	0
5642517	0
9193972	0
18884018	0
30949853	0
5908789	0
43884394	0
25275931	0
15114760	0
13078913	0
4705873	0
19336335	0
2070099	0
4803690	0
33037798	0
22315709	0
14229891	0
30258735	0
21340412	0
1135962	0
10637370	0
11313718	0
97507	0
8927079	0
2592997	0
31617172	0
18268097	0
19924718	0
29965990	0
10006387	0
26924134	0
38291196	0
5023204	0
3139082	0
12705898	0
23658183	0
4145074	0
