1390192	1
9559549	1
2830003	1
11400840	1
33112	1
21476519	1
914786	1
5287742	1
15824331	1
30235970	1
35579155	1
15900442	1
1703142	1
16270669	1
25226232	1
2556863	1
1711637	1
4761167	1
188902	1
5601438	1
34419	1
695473	1
917189	1
4478141	1
801404	1
1189516	1
10832046	1
255669	1
12608969	1
4572658	1
22126145	1
7847660	1
22349090	1
9288722	1
502286	1
1104569	1
3165	1
37364982	1
12913904	1
27400004	1
8362477	1
8856693	1
4643464	1
426825	1
289469	1
22521357	1
881937	1
1815143	1
1228199	1
830696	1
585373	1
1269403	1
2389293	1
3012167	1
1893905	1
12247840	1
28009229	1
700586	1
12131864	1
370936	1
22496510	1
662047	1
15171854	1
70551	1
2523146	1
21960545	1
1618108	1
12500972	1
2431470	1
20886152	1
5587455	1
1107293	1
32050782	1
18657463	1
77543	1
3952978	1
36467189	1
12928591	1
15880598	1
588929	1
32576837	1
8720568	1
12744487	1
2026299	1
1016971	1
1658020	1
6933101	1
1978685	1
1526536	1
28744176	1
1177060	1
925494	1
2421536	1
22669525	1
8071123	1
5275553	1
2187566	1
2734697	1
21418268	1
3241301	1
1907253	1
797811	1
5756582	1
5618168	1
713212	1
18554187	1
1666664	1
23203399	1
6249661	1
372857	1
588196	1
43628428	1
35042869	1
925276	1
21265	1
330737	1
7807278	1
18894901	1
2761860	1
1465039	1
3685063	1
30864376	1
24893040	1
29912230	1
30211623	1
2554320	1
60918	1
2261494	1
1969035	1
28315074	1
8958316	1
1238866	1
9246601	1
715008	1
73124	1
1206204	1
26473745	1
14981283	1
1223950	1
13813033	1
22185430	1
3727788	1
39013294	1
10900316	1
3328008	1
25460718	1
2204846	1
2993569	1
9838016	1
2505860	1
1955967	1
2452591	1
483296	1
276963	1
479273	1
4910274	1
24246854	1
26295930	1
179926	1
723762	1
7427451	1
20458973	1
27592069	1
8338133	1
3305692	1
14002828	1
2384331	1
16671402	1
41381013	1
1635794	1
72871	1
5942544	1
59790	1
578812	1
36890299	1
2974229	1
30947939	1
16903313	1
8675661	1
44957746	1
8196182	1
1303931	1
5525907	1
180306	1
970033	1
4533551	1
685906	1
13768051	1
2597628	1
3550524	1
1200278	1
36951504	1
20039608	1
21582226	1
23804578	1
25579014	1
21005079	1
30875233	1
644533	1
11405028	1
1034614	1
252989	1
2635398	1
11205520	1
28688228	1
22759733	1
29035	1
21464578	1
3647001	1
1511127	1
466944	1
2604805	1
17009208	1
18333759	1
7710185	1
20908670	1
1406959	1
21989622	1
12536586	1
8445147	1
16151503	1
20831444	1
1199717	1
30857507	1
708615	1
5993906	1
17974235	1
3478858	1
2387496	1
38897276	1
27107717	1
4058935	1
19042	1
125905	1
823073	1
47817119	1
2608240	1
43427016	1
5818696	1
11364413	1
3726249	1
33438856	1
641019	1
23079738	1
1981297	1
4073978	1
2443	1
12616992	1
4755231	1
21599470	1
25278258	1
861374	1
42108533	1
572647	1
2036596	1
3457197	1
11864898	1
6838494	1
4061847	1
3202723	1
1702399	1
3400931	1
1244879	1
9791638	1
20617528	1
9865477	1
775345	1
37240480	1
16134	1
24224283	1
2331977	1
1544337	1
16621526	1
948831	1
7221294	1
652703	1
1211728	1
205394	1
953018	1
42787406	1
43730875	1
2801274	1
30866021	1
2243410	1
5892436	1
1833824	1
153633	1
2798180	1
2440951	1
2715469	1
6528178	1
383111	1
953896	1
638193	1
6433669	1
193571	1
6004361	1
9032609	1
2234672	1
38037818	1
7142833	1
5295151	1
5682918	1
18983311	1
74711	1
21780061	1
9954140	1
1262596	1
9413585	1
1859079	1
43327472	1
2034403	1
6426293	1
42862398	1
1226665	1
2252854	1
631964	1
116934	1
39071851	1
40096756	1
3914646	1
233512	1
375260	1
1733011	1
3428375	1
16098125	1
1148203	1
2994445	1
26068393	1
4077495	1
25927800	1
2109592	1
1992540	1
10645800	1
385997	1
28741	1
25098794	1
25260908	1
1483431	1
22083	1
1988790	1
18950756	1
1421205	1
20945069	1
3665808	1
3691625	1
106727	1
36116275	1
28687481	1
246996	1
2358902	1
3523162	1
1098719	1
26877562	1
43421	1
1988659	1
10420426	1
14802880	1
3406216	1
12309558	1
1399893	1
1777684	1
35303428	1
26090683	1
23815072	1
17064818	1
11572053	1
33130151	1
2113590	1
20206280	1
26715	1
1460421	1
1226454	1
34595691	1
19034120	1
21557316	1
1226476	1
404166	1
24794110	1
25946073	1
36705842	1
22987804	1
5551651	1
31421253	1
749976	1
11223317	1
7202966	1
89585	1
314619	1
28895639	1
393585	1
849305	1
4709878	1
12158492	1
955500	1
2412304	1
2233872	1
24502870	1
1167973	1
2852119	1
2065611	1
30863062	1
11607222	1
14986308	1
827842	1
29700502	1
36818612	1
35058919	1
1279915	1
1428131	1
4578946	1
9378114	1
39706737	1
814728	1
1214314	1
914114	1
3033669	1
20960482	1
17460096	1
16858598	1
510075	1
30280253	1
3506102	1
2720066	1
2662056	1
6211907	1
44191806	1
4147317	1
186914	1
5855111	1
1008603	1
5387608	1
5221453	1
32374296	1
34401459	1
17107550	1
710694	1
3962496	1
31028820	1
1554464	1
496570	1
28890051	1
6638565	1
35449950	1
6145330	1
27925083	1
2814872	1
18934121	1
28825839	1
1068858	1
42295381	1
21644506	1
978947	1
15982614	1
2155588	1
345905	1
12621958	1
42336524	1
9091502	1
21151614	1
12095587	1
3977084	1
679799	1
20483885	1
1309709	1
6329	1
2224857	1
1138374	1
16990863	1
23758	1
4580717	1
15139555	1
18003228	1
904391	1
591619	1
4994536	1
3048527	1
1105555	1
7630080	1
1953991	1
13775700	1
1280194	1
18667008	1
10592503	1
1231525	1
10724	1
635427	1
403424	1
3556617	1
1607344	1
23176700	1
37214839	1
27429071	1
15085637	1
113021	1
1139299	1
751261	1
31300888	1
902962	1
14401922	1
76304	0
41882021	0
337723	0
343239	0
42730282	0
233470	0
26354173	0
140703	0
4153426	0
33195664	0
31117324	0
29124338	0
341122	0
3091671	0
29687056	0
25773260	0
13001478	0
4400055	0
24603755	0
5365861	0
14630798	0
43511262	0
9918054	0
23892543	0
1658803	0
23091357	0
39229193	0
4534416	0
8421208	0
5276114	0
31877870	0
242102	0
32582561	0
17290796	0
4181937	0
19374616	0
2684413	0
2640790	0
11469976	0
47724614	0
3067648	0
14414448	0
17020623	0
18305091	0
38949104	0
211826	0
329018	0
9040495	0
35696508	0
33115757	0
19798787	0
4242025	0
11506471	0
19223289	0
8552277	0
5181035	0
244691	0
10180682	0
37877972	0
4411005	0
137774	0
24416935	0
26403712	0
10995182	0
962122	0
44515169	0
31733781	0
950366	0
39545047	0
2651705	0
20829062	0
28395275	0
5244314	0
23252763	0
1603666	0
3641469	0
2193262	0
2464429	0
79555	0
3035671	0
40292922	0
41432522	0
20535956	0
2871361	0
2403833	0
1865727	0
1394848	0
6849711	0
15951711	0
1573120	0
24508053	0
6491492	0
19316538	0
988371	0
22933617	0
5267380	0
9398664	0
1019323	0
361407	0
3164930	0
11613966	0
6589433	0
7972306	0
21763750	0
1552585	0
32436242	0
25501155	0
2451441	0
2819370	0
129018	0
20864090	0
1319470	0
12877944	0
6461260	0
10723514	0
41457475	0
16098272	0
84144	0
11523282	0
103939	0
22750624	0
850599	0
1577987	0
9717927	0
9553128	0
46775782	0
20298680	0
1659778	0
2694358	0
523522	0
314926	0
36689275	0
81575	0
11985850	0
6523707	0
11453579	0
10455897	0
1381283	0
1232982	0
39267703	0
83895	0
13152275	0
34028684	0
7410405	0
24562470	0
2456940	0
17926903	0
15611182	0
7675405	0
111067	0
31386309	0
22328899	0
5401457	0
1970157	0
24812527	0
19328872	0
27257902	0
35890234	0
5356431	0
17154209	0
20695691	0
7083694	0
25163826	0
1016243	0
5155784	0
25779986	0
36558155	0
13060768	0
16774316	0
23535224	0
36043372	0
21222792	0
32487706	0
1400355	0
900462	0
11205961	0
3698166	0
3594556	0
704658	0
16469187	0
43003765	0
13236418	0
188527	0
5862841	0
664435	0
44609131	0
1714915	0
10709714	0
22246923	0
11445788	0
93316	0
8297414	0
9363177	0
283902	0
21033445	0
24200166	0
18907880	0
9138421	0
8344181	0
5632834	0
7810462	0
998599	0
8010065	0
3270202	0
24789405	0
28962606	0
30864358	0
4173678	0
994398	0
1925918	0
34993356	0
246550	0
1213759	0
39298531	0
17620650	0
660700	0
23865127	0
2338835	0
38207597	0
7392912	0
21010215	0
15017516	0
40856343	0
3762073	0
135552	0
15762729	0
636496	0
960289	0
8610806	0
8316779	0
35493366	0
8438467	0
6429224	0
35095920	0
8399755	0
16472790	0
9066464	0
10105298	0
1149909	0
6891632	0
37037442	0
2152179	0
884499	0
4310727	0
2389902	0
43160237	0
28089798	0
6734971	0
33524731	0
3112464	0
39109803	0
36742945	0
30201441	0
3113910	0
4347355	0
39642565	0
39610362	0
17485906	0
1591268	0
43454482	0
9721785	0
34882767	0
21272960	0
3727625	0
1317694	0
14039995	0
12704500	0
34564143	0
2592719	0
2166315	0
7127290	0
23435420	0
13861265	0
33215153	0
31314692	0
24609453	0
6521789	0
6142678	0
32503215	0
10034189	0
176334	0
11830589	0
5214923	0
106613	0
10077262	0
47102946	0
20138476	0
461510	0
26395882	0
7032968	0
4993654	0
20838839	0
803265	0
12682693	0
21084553	0
8608590	0
2360870	0
2188093	0
575509	0
12454516	0
46912806	0
15407607	0
22062673	0
405634	0
2191682	0
5138174	0
24487760	0
26910384	0
25935842	0
31286560	0
2071706	0
16226392	0
13886474	0
1450449	0
734263	0
16085587	0
15155627	0
24979145	0
17861621	0
1494083	0
5231906	0
897596	0
12539814	0
3955692	0
7942922	0
1740702	0
5405326	0
5205344	0
561634	0
3992248	0
4239903	0
39951172	0
22001723	0
6389061	0
1060737	0
5730177	0
1970579	0
37039824	0
586601	0
11206649	0
17549821	0
31986990	0
20692882	0
17550273	0
2393246	0
30859330	0
2205847	0
12896679	0
2834092	0
9336689	0
9678460	0
23225898	0
38840297	0
13078719	0
20552282	0
544642	0
43671972	0
47009652	0
8027713	0
301849	0
3757755	0
6249061	0
38247280	0
15790668	0
15120105	0
27316225	0
37106903	0
18680179	0
40170232	0
8009719	0
25218335	0
4732345	0
37492805	0
13394599	0
10158744	0
103667	0
27100948	0
20004035	0
151425	0
1771560	0
19572250	0
14501347	0
8085895	0
19342	0
5076288	0
9424139	0
6477947	0
5478829	0
1604269	0
10267275	0
45266941	0
1096835	0
19900219	0
14964307	0
25658664	0
1180139	0
47100481	0
21516033	0
2846255	0
43163437	0
5665447	0
21014092	0
12690942	0
2305358	0
1640708	0
38575433	0
593912	0
145116	0
28221873	0
1244143	0
1516300	0
8097454	0
10443134	0
4773159	0
2215886	0
9708827	0
2179413	0
13795269	0
22084971	0
210314	0
5424336	0
3448063	0
1070052	0
6319815	0
11500689	0
7336625	0
993424	0
12698889	0
245454	0
23653647	0
122624	0
33509853	0
35296215	0
16640485	0
25440884	0
6569757	0
14602933	0
893656	0
107268	0
3771286	0
44521640	0
13791725	0
8086608	0
2509200	0
2137897	0
5671974	0
18496780	0
31686611	0
27944254	0
9041454	0
14181887	0
26691209	0
2660237	0
23688916	0
941824	0
19790570	0
4801396	0
8707335	0
2048411	0
19664164	0
34906405	0
5969472	0
20260804	0
27716904	0
15715040	0
18372694	0
26564947	0
120377	0
14630483	0
21324482	0
928988	0
4391777	0
21239081	0
4026089	0
7687635	0
14870403	0
12319990	0
21413989	0
2218594	0
3151366	0
1341867	0
22623184	0
3304687	0
34259026	0
33141528	0
27671315	0
14690080	0
6439230	0
72671	0
28645342	0
5286122	0
44640699	0
292741	0
2108547	0
16172717	0
17901048	0
1243401	0
48231450	0
23842489	0
4983307	0
