16829322	1
526290	1
22936	1
99225	1
14990835	1
6981811	1
9718542	1
10944921	1
241708	1
1144982	1
14162845	1
7950369	1
3581993	1
16284642	1
3095400	1
5178120	1
297040	1
890382	1
395920	1
6513604	1
9874878	1
29380512	1
31602531	1
4815155	1
67135	1
40494892	1
376907	1
5744410	1
82755	1
5139332	1
9400849	1
30127701	1
20149128	1
11516978	1
31627	1
476564	1
7302038	1
15340767	1
12837972	1
5540188	1
342640	1
24714352	1
21173183	1
12413754	1
13266725	1
2161843	1
2656208	1
128313	1
1359006	1
234767	1
23258967	1
1777515	1
24296405	1
6243101	1
59510	1
3978552	1
532530	1
26050988	1
603664	1
12101	1
28324765	1
379233	1
85887	1
8074	1
33238332	1
242701	1
49331123	1
4781612	1
22903611	1
21921	1
39624644	1
15752098	1
682679	1
12259648	1
30505831	1
159090	1
26735617	1
1839210	1
25647474	1
3033095	1
3352856	1
31071148	1
150915	1
38268805	1
2045934	1
628331	1
19078060	1
2462937	1
25594515	1
15636416	1
670971	1
5433618	1
13737935	1
1777458	1
33829286	1
931796	1
5449788	1
275880	1
27850	1
450292	1
424498	1
9499708	1
6203549	1
17298563	1
12605304	1
17020	1
1874	1
118461	1
2328748	1
17163024	1
2945050	1
210911	1
5163505	1
59673	1
2026577	1
808359	1
201834	1
7789431	1
178638	1
11319352	1
40575	1
586818	1
11371976	1
460565	1
19259563	1
375344	1
19592571	1
20026701	1
50050	1
32415	1
551696	1
936773	1
23431379	1
10949936	1
447039	1
7712	1
3932384	1
395182	1
21739585	1
1449984	1
24563594	1
4984439	1
698	1
754648	1
528204	1
13187889	1
1267617	1
4681109	1
4583620	1
12766106	1
21182106	1
18948337	1
11746308	1
1636026	1
28351133	1
13678572	1
267512	1
377689	1
8470982	1
168951	1
3495672	1
954141	1
8470747	1
4785260	1
373210	1
3862189	1
13375121	1
12759662	1
1187521	1
18596543	1
2304100	1
131886	1
3323952	1
9466325	1
129902	1
5489003	1
6031346	1
24787955	1
4583660	1
9877829	1
39890543	1
2684519	1
7438593	1
17675	1
113610	1
18260530	1
268065	1
58568	1
13187493	1
11863	1
2727428	1
4544718	1
21179	1
151447	1
19579570	1
231294	1
911662	1
38927	1
12650234	1
28222445	1
12150113	1
5703684	1
18206584	1
493176	1
4414828	1
7027009	1
176317	1
18055043	1
30873591	1
4069869	1
2022524	1
28047357	1
17827	1
23355429	1
925845	1
9465825	1
1269741	1
284507	1
843051	1
8238932	1
20646890	1
6244486	1
76972	1
948211	1
141871	1
5787743	1
25931219	1
2468702	1
256355	1
27991	1
40229617	1
80522	1
2542821	1
14105	1
14446	1
608777	1
3057331	1
98156	1
80366	1
32908	1
443618	1
26458618	1
1652099	1
3776	1
238040	1
3852436	1
32959197	1
4981908	1
35915192	1
1019534	1
16615948	1
1489544	1
16661680	1
45717756	1
17483691	1
5858514	1
4642037	1
210320	1
46331	1
48098	1
33597172	1
19070360	1
6247500	1
28456	1
178635	1
1546408	1
26636100	1
8518227	1
134925	1
554263	1
142073	1
744148	1
25676	1
12887543	1
21251712	1
5390641	1
1927942	1
13165909	1
13788636	1
12579639	1
18999	1
1019536	1
1154940	1
37874749	1
4720131	1
26741	1
153301	1
1046985	1
56474	1
806442	1
26779	1
5698051	1
473509	1
1583271	1
371248	1
1101878	1
6683766	1
23537240	1
210372	1
7219795	1
1331533	1
21916	1
364899	1
8977395	1
140473	1
548759	1
1298376	1
184507	1
15675138	1
379204	1
3647704	1
2207471	1
8915371	1
55004	1
32927	1
3959695	1
1933658	1
996834	1
30439875	1
12852787	1
374540	1
4412145	1
1683531	1
10966515	1
34131	1
48756	1
91794	1
194937	1
36870	1
132193	1
31275067	1
4213	1
3778640	1
159865	1
9424068	1
642877	1
367249	1
35733413	1
6005088	1
1546647	1
1021708	1
65613	1
193233	1
2897846	1
187810	1
199243	1
23371382	1
23580270	1
35300258	1
375706	1
5909960	1
80273	1
975048	1
2073856	1
6526149	1
74614	1
32456101	1
615830	1
494542	1
10577	1
12665	1
532117	1
763125	1
398397	1
4359701	1
367267	1
445158	1
34077252	1
2575731	1
15981011	1
274471	1
35709143	1
14639605	1
21486297	1
3848174	1
25508	1
1411790	1
32597	1
13575232	1
5654	1
4094055	1
7330553	1
1948729	1
13202436	1
5701418	1
1231894	1
3232957	1
3044289	1
30776	1
199513	1
11004076	1
397714	1
928042	1
65614	1
41234401	1
4838342	1
402518	1
17089276	1
4238553	1
1224123	1
217366	1
716968	1
1854241	1
22608209	1
498601	1
12023598	1
11867	1
725742	1
1020100	1
471230	1
10419161	1
97169	1
1245524	1
226852	1
12618882	1
17099038	1
380252	1
833810	1
19158337	1
210337	1
395132	1
13937625	1
21241	1
45720	1
247386	1
12049918	1
1359004	1
1090380	1
7120643	1
20239467	1
8338782	1
49575234	1
770209	1
6981583	1
4404412	1
17769	1
21530645	1
1187196	1
390626	1
217203	1
463945	1
3195463	1
383793	1
1739448	1
26560	1
4766041	1
5961407	1
1401299	1
373289	1
11706018	1
3325688	1
32479990	1
13857888	1
417788	1
2201962	1
150890	1
5004759	1
31124517	1
3130422	1
3611140	1
22975	1
2958517	1
7426106	1
5144271	1
47380965	1
16078068	1
1414484	1
531056	1
2187141	1
23371965	1
156029	1
47716	1
30876845	1
268021	1
353922	1
2218869	1
12590717	1
7716522	1
8701298	1
188675	1
193169	1
1215292	1
6881485	1
3790318	1
2983189	1
5883502	1
178507	1
9206377	1
178364	1
694726	1
17034439	1
179403	1
2618613	1
1977758	1
18844033	1
473391	1
1493733	1
17514	1
2379496	1
5361292	1
236701	0
26839901	0
39938349	0
8159227	0
1784580	0
2770911	0
44801986	0
10933318	0
166033	0
255553	0
336629	0
171417	0
45220363	0
471482	0
14380	0
1988818	0
26653251	0
11002872	0
577270	0
43962937	0
1110919	0
33326292	0
38519448	0
33024161	0
5447815	0
220754	0
181376	0
4068871	0
3644898	0
13668307	0
16115128	0
4811799	0
30691341	0
16208826	0
14448543	0
4142164	0
30487636	0
3979893	0
1567458	0
6811068	0
7326849	0
949305	0
11981666	0
3756347	0
383675	0
4939682	0
38093648	0
1138840	0
24592826	0
3482265	0
860127	0
37655164	0
12177450	0
43680883	0
495009	0
173634	0
4182789	0
2670014	0
24934659	0
117370	0
12183996	0
20374703	0
19418168	0
136249	0
33335688	0
16109430	0
164659	0
20109576	0
15317511	0
13018244	0
756488	0
20535052	0
4415506	0
6986786	0
3069611	0
16917700	0
752127	0
3502659	0
17825111	0
45623650	0
34455054	0
24789802	0
10212957	0
34735090	0
36408537	0
38958439	0
2476465	0
43709681	0
43420574	0
32091068	0
15776119	0
11463303	0
5544905	0
22889000	0
39127395	0
28667349	0
464164	0
9694811	0
34031860	0
17373851	0
19684529	0
2004730	0
7700570	0
1649310	0
8083408	0
5115531	0
5671114	0
18908240	0
38917683	0
18430729	0
5970486	0
6128768	0
20843463	0
4170521	0
713949	0
30841064	0
14835430	0
8304917	0
741458	0
42295942	0
41881872	0
40391644	0
4682412	0
1292967	0
55693	0
913947	0
23448845	0
17310914	0
6524610	0
6252777	0
9022176	0
34204215	0
23593606	0
23926842	0
2151613	0
645784	0
3938016	0
17632585	0
27655775	0
35628749	0
42685400	0
364270	0
3930941	0
3097746	0
3841137	0
5689708	0
36586	0
347798	0
28388433	0
8541867	0
7173593	0
2448778	0
6017841	0
47818648	0
8371604	0
3724608	0
15181342	0
1875958	0
18415773	0
1045417	0
383976	0
46420024	0
15286460	0
304559	0
43117047	0
5697954	0
4551009	0
4952396	0
2328979	0
25753404	0
2514263	0
7162172	0
449596	0
8331152	0
20829084	0
11945886	0
398585	0
6664330	0
3038038	0
2844556	0
182789	0
36127813	0
20541493	0
38038761	0
21252921	0
5019023	0
22533349	0
20462881	0
19886691	0
5950747	0
15187129	0
6548938	0
1201	0
196870	0
18979910	0
43468396	0
2804657	0
15379303	0
13600100	0
95510	0
19576680	0
1051035	0
38830817	0
3575797	0
7485594	0
34244535	0
3133636	0
28964461	0
7825934	0
2934576	0
40671605	0
5020033	0
16827674	0
45265104	0
27430104	0
19831949	0
5033280	0
17801126	0
3216253	0
42303236	0
36654773	0
13903713	0
655880	0
1755196	0
6862980	0
7579652	0
5358718	0
31954940	0
4418547	0
485055	0
2903631	0
929096	0
20958875	0
87970	0
33136696	0
21825661	0
888626	0
12291245	0
4116758	0
12419303	0
2327897	0
5714366	0
16488784	0
38352698	0
39670625	0
43586176	0
36109144	0
13388620	0
7498062	0
13187222	0
11082896	0
22132895	0
24532473	0
11890531	0
21014831	0
30316319	0
14906157	0
7106462	0
25740899	0
27033601	0
17094608	0
19492464	0
6331571	0
310640	0
20571110	0
11544780	0
8379444	0
1209472	0
350551	0
30758300	0
5042941	0
4661015	0
34645018	0
34639269	0
15259680	0
26192000	0
1939518	0
44642	0
12423109	0
26043021	0
339053	0
36908738	0
13519824	0
40015451	0
1888207	0
34034139	0
49065779	0
10393783	0
609440	0
102087	0
130147	0
12679229	0
6310258	0
38395955	0
41749162	0
12741133	0
12123462	0
20732126	0
38951424	0
7241392	0
18508174	0
6886941	0
1210552	0
19108413	0
6775435	0
666952	0
5907214	0
10050207	0
19968159	0
10381633	0
3863655	0
36595574	0
26823651	0
16789246	0
498947	0
18143787	0
15870101	0
15062253	0
28149018	0
12424244	0
5255962	0
663983	0
4268314	0
17656606	0
8797087	0
42969925	0
19530331	0
5967431	0
46510584	0
8680852	0
12277090	0
1898165	0
3043386	0
3898377	0
22391560	0
19506355	0
14433405	0
1766123	0
3606857	0
37803872	0
19012857	0
30104200	0
861658	0
5933142	0
10388205	0
7579085	0
1525919	0
16400775	0
38981947	0
26006068	0
29889155	0
130559	0
129302	0
6838202	0
10722007	0
320630	0
12430651	0
504056	0
36029591	0
21278082	0
19085999	0
1558632	0
16948217	0
8961083	0
22468305	0
9707853	0
22248224	0
10039222	0
76357	0
4640967	0
25487538	0
27405070	0
6115741	0
43101389	0
1374915	0
3058391	0
10177947	0
3043570	0
3435113	0
8145312	0
32881812	0
4158070	0
888300	0
43032637	0
11171072	0
3000991	0
16803800	0
10500426	0
2002497	0
1014623	0
18986614	0
5745174	0
25730848	0
13000953	0
18446333	0
400814	0
2418122	0
3432723	0
6586318	0
7543369	0
23774143	0
317761	0
46497460	0
3650132	0
945326	0
15522609	0
5511812	0
5690419	0
44364441	0
18895517	0
257453	0
5212557	0
3847864	0
38320722	0
47190927	0
1093898	0
1449786	0
28119638	0
20520751	0
22812308	0
35926472	0
25992021	0
8142259	0
28729122	0
15426304	0
32561003	0
27881782	0
1030430	0
171279	0
360822	0
1265697	0
126441	0
10375149	0
3824576	0
1382241	0
93410	0
226682	0
15732921	0
2220938	0
37535501	0
3787010	0
995834	0
30407612	0
2526369	0
12142253	0
9643913	0
1704047	0
16176803	0
9052803	0
25259206	0
13869889	0
340182	0
6182293	0
4915497	0
125071	0
3480483	0
783334	0
13922217	0
464051	0
138731	0
2938666	0
25432311	0
4162387	0
47925562	0
323128	0
43477152	0
626132	0
1180787	0
18736251	0
40794739	0
9457490	0
11795803	0
14835090	0
32245151	0
40007512	0
846688	0
13255253	0
408481	0
41157059	0
4709085	0
27431146	0
4514862	0
30867585	0
524944	0
10980141	0
2154944	0
1885885	0
5404943	0
23725985	0
9189261	0
2147948	0
34598966	0
868165	0
40324924	0
41881	0
15085862	0
3192534	0
4767853	0
1641714	0
10503873	0
