1911865	1
75973	1
294271	1
38915561	1
7345623	1
10878	1
4421643	1
10258626	1
101643	1
35623778	1
229954	1
5260215	1
18948434	1
25202	1
11083678	1
837878	1
1441317	1
28966354	1
4262976	1
3791497	1
32488078	1
2192206	1
110853	1
1241821	1
18165872	1
2126912	1
540230	1
7991024	1
611545	1
26236273	1
17588257	1
26063538	1
190287	1
12629606	1
2319522	1
26974490	1
68228	1
140665	1
441149	1
106355	1
938142	1
6532	1
896217	1
31868112	1
15370772	1
9023097	1
81830	1
3106370	1
58186	1
10754250	1
1516642	1
155265	1
4276631	1
2641371	1
247710	1
4165789	1
158330	1
410720	1
1138692	1
19065069	1
32048066	1
15922953	1
59134	1
7742342	1
2569556	1
907194	1
33607	1
26764844	1
23712727	1
379665	1
5318970	1
73271	1
588207	1
430900	1
1494231	1
165718	1
2291054	1
2776799	1
13182559	1
2718960	1
2725462	1
32366600	1
1500516	1
67307	1
102414	1
34889169	1
29591624	1
360208	1
36142064	1
10160768	1
1796571	1
12278916	1
3197345	1
175228	1
140782	1
3548277	1
11348643	1
1513439	1
12722315	1
718044	1
1885384	1
25229783	1
32348023	1
21560423	1
1979116	1
27290967	1
597961	1
5110268	1
44464474	1
12276860	1
11830002	1
14750332	1
41031286	1
3766319	1
287728	1
45031970	1
175333	1
412054	1
1537131	1
10477152	1
33766725	1
26038845	1
12283051	1
1361095	1
30404814	1
157569	1
1263929	1
1622250	1
10057319	1
2613877	1
154372	1
2593165	1
21656798	1
5557589	1
18623478	1
1629174	1
28679043	1
1867178	1
14514780	1
3428638	1
2656005	1
29975400	1
990794	1
578256	1
9647657	1
24312917	1
4261784	1
17878206	1
1453489	1
229971	1
23135141	1
41622941	1
25458332	1
22388089	1
36702804	1
172914	1
29905147	1
17103499	1
606972	1
5823063	1
41702363	1
76931	1
12291735	1
2145531	1
9432616	1
34393481	1
9195031	1
879852	1
13535138	1
3044267	1
331239	1
10955773	1
4318956	1
280865	1
12211611	1
10221563	1
2886554	1
1558093	1
385976	1
451929	1
1834133	1
157583	1
22238448	1
25079028	1
251668	1
1708682	1
25496298	1
766367	1
751117	1
514508	1
9284065	1
38435515	1
27075780	1
183906	1
10948116	1
152340	1
1735677	1
3702757	1
8019630	1
4328811	1
34359398	1
4356	1
22791231	1
152339	1
31506528	1
1844859	1
25381960	1
13602647	1
86190	1
37977281	1
34701883	1
22703449	1
32491	1
8284751	1
14125763	1
6614192	1
18747279	1
10685549	1
2813662	1
582288	1
47151425	1
48311573	1
3626573	1
171911	1
57731	1
17771709	1
353091	1
2784012	1
4571240	1
2315602	1
170974	1
13922851	1
7048816	1
2527056	1
585344	1
16783551	1
11960741	1
1186961	1
106014	1
12737766	1
6975860	1
8236468	1
3100423	1
15692435	1
227091	1
1592191	1
29420222	1
12765107	1
293320	1
1615093	1
740140	1
1389660	1
33033669	1
1753487	1
175362	1
28411563	1
8134208	1
1437812	1
193756	1
1059463	1
2732231	1
42824085	1
1830596	1
7826115	1
10095347	1
26722560	1
725426	1
27564976	1
7537531	1
22125376	1
3817718	1
96283	1
74344	1
208206	1
26223844	1
14228785	1
5993369	1
27567747	1
18706589	1
1894380	1
269753	1
167925	1
10271882	1
229958	1
20111819	1
1368667	1
37669	1
4192942	1
4821028	1
20955747	1
8116238	1
39405205	1
1142222	1
9004262	1
3155388	1
1445265	1
157582	1
3238260	1
723881	1
152336	1
10899874	1
8474	1
31238813	1
2127091	1
69847	1
1641427	1
28677	1
155169	1
34655244	1
30941864	1
31311665	1
1184326	1
16733512	1
9810	1
12867985	1
4208018	1
238560	1
3398250	1
157503	1
22267065	1
20434860	1
22136105	1
2421700	1
19395099	1
1452020	1
4290872	1
4144489	1
759158	1
426077	1
70682	1
330173	1
12532390	1
1456323	1
14641992	1
8962511	1
192400	1
1398982	1
12808405	1
6959056	1
10550154	1
10016270	1
5722438	1
4000353	1
168868	1
39085492	1
175662	1
923790	1
29873651	1
4091453	1
28341707	1
9200900	1
1606929	1
296170	1
4182755	1
320329	1
892876	1
6329848	1
175385	1
10057989	1
586421	1
2311061	1
2384154	1
18907810	1
4672071	1
648377	1
410731	1
3873178	1
1437181	1
514090	1
338996	1
6140537	1
7991922	1
5762092	1
32130893	1
656804	1
23646101	1
213782	1
8656075	1
4000690	1
38633825	1
5556264	1
3784254	1
2978829	1
540007	1
3062015	1
1739543	1
15559698	1
39062329	1
7626508	1
1871873	1
1995244	1
32147	1
12172695	1
21778161	1
31122004	1
6390124	1
95363	1
297034	1
6082890	1
417044	1
1493710	1
26208720	1
37272671	1
33948	1
25730848	1
753563	1
14924312	1
18133296	1
15124996	1
1656824	1
2764597	1
1042551	1
35290653	1
9974	1
229968	1
166501	1
4132456	1
14301837	1
30863462	1
8016367	1
2682926	1
294462	1
515685	1
293967	1
2021907	1
656192	1
24545887	1
151664	1
5866	1
16745363	1
1313026	1
10093	1
3294855	1
18823582	1
229969	1
437762	1
1769580	1
67301	1
1452159	1
17256026	1
20212166	1
2181900	1
33799862	1
30871393	1
3708	1
6499402	1
163617	1
1547103	1
2612491	1
536882	1
328744	1
1214268	1
19245475	1
602623	1
32249318	1
3310526	1
4152470	1
158322	1
1769471	1
16692019	1
5410277	1
1299891	1
4000711	1
8852169	1
31800237	1
1745589	1
2667355	1
9797560	1
12714852	1
17959851	1
3309294	1
8870961	1
332255	1
3498828	1
1656551	1
2149449	1
5838218	1
9519479	1
7664772	1
911773	1
18180616	1
1618837	1
1408610	1
28416124	1
1037893	1
346079	1
391255	1
284620	1
585379	1
11021295	1
21671366	1
3432874	1
1968616	1
14120336	1
37040	1
1408138	1
3698944	1
5855084	1
1779524	1
18159780	1
5696046	0
3924547	0
2936554	0
47675045	0
6050106	0
24480416	0
8321647	0
40367994	0
12450706	0
32104274	0
1667411	0
3103716	0
6013278	0
265310	0
10137536	0
1452916	0
44083658	0
1466195	0
26888642	0
35777494	0
3721336	0
3315131	0
15078854	0
1795682	0
43770853	0
22274038	0
3915816	0
115390	0
2017308	0
11590225	0
25948394	0
25507558	0
40222	0
32124943	0
32576858	0
7299034	0
23459040	0
124668	0
1952579	0
22053862	0
11380820	0
12648657	0
15475820	0
108130	0
1800841	0
8472909	0
34443947	0
9530334	0
15325856	0
14104825	0
21643318	0
17885039	0
38695527	0
2862182	0
9454062	0
10978904	0
9143036	0
2090441	0
248213	0
665826	0
31524511	0
1731566	0
1013473	0
31241698	0
19107530	0
2191745	0
13433	0
1706717	0
466014	0
1575587	0
49086679	0
45362363	0
20486743	0
804611	0
13519747	0
4733234	0
28242618	0
40852226	0
1955322	0
39348924	0
6116183	0
41685397	0
5898569	0
38454526	0
20392436	0
17356280	0
14645530	0
26271285	0
5165874	0
855297	0
733629	0
9661011	0
18402882	0
36438026	0
164197	0
1245167	0
3213251	0
38828433	0
20819357	0
465739	0
12580679	0
26479284	0
13062019	0
1729580	0
30154506	0
32519972	0
42734261	0
19945725	0
22882917	0
14209707	0
34839422	0
5654625	0
17867036	0
1437174	0
7757396	0
33363075	0
606797	0
29392528	0
13134542	0
11817248	0
9798179	0
29763480	0
987605	0
14758484	0
44676391	0
21400533	0
257030	0
2273375	0
26148677	0
1923023	0
108095	0
16334036	0
1901980	0
4811750	0
47532303	0
5887579	0
18585562	0
9074770	0
25121185	0
1641320	0
5140302	0
27374405	0
11318302	0
10987678	0
63349	0
1596228	0
32672306	0
46230485	0
4012515	0
1087368	0
6962637	0
13064064	0
8632945	0
5306203	0
137630	0
46861525	0
9550470	0
6344166	0
506148	0
34453997	0
36314065	0
1314280	0
1341879	0
1229212	0
40855151	0
33295064	0
26200	0
17632127	0
25474008	0
7973608	0
48074389	0
23448234	0
414007	0
231378	0
39405112	0
26425745	0
1161291	0
1715887	0
135988	0
2856219	0
27748210	0
37666900	0
1563859	0
6140917	0
4780626	0
2795548	0
42529618	0
40302	0
43457937	0
204532	0
18156378	0
1745670	0
19369230	0
8103126	0
22098270	0
10208635	0
324387	0
16367346	0
3895237	0
3008257	0
2448330	0
40230018	0
3933573	0
22355341	0
33983258	0
4122592	0
747386	0
3704778	0
31382888	0
10119879	0
8101634	0
155052	0
7393285	0
31898604	0
4092916	0
1507227	0
16847511	0
46211318	0
13562037	0
101706	0
5235230	0
6597711	0
25830175	0
19484996	0
11159206	0
20163218	0
14669183	0
499365	0
5669662	0
537345	0
15822493	0
1865340	0
38896464	0
21831151	0
431119	0
1286941	0
46954536	0
47041734	0
10080086	0
42946346	0
47506158	0
24750040	0
30863465	0
1084118	0
19507501	0
1055058	0
31020205	0
1438886	0
530229	0
3117280	0
1652964	0
860291	0
33649444	0
14464971	0
21422764	0
2687111	0
16061647	0
30506889	0
4067450	0
46653323	0
4013059	0
288191	0
6060624	0
30957333	0
3967602	0
14701806	0
7266768	0
36753922	0
9195534	0
4978949	0
31773197	0
35321636	0
19144738	0
2705551	0
3121593	0
17053342	0
2088521	0
43777447	0
45086610	0
3334427	0
4932003	0
24339717	0
9343586	0
723786	0
30306411	0
3587987	0
5951565	0
32821881	0
8320649	0
18949666	0
23177892	0
41682759	0
14160015	0
1981018	0
82507	0
34443244	0
30419215	0
12474024	0
593141	0
5254716	0
2169015	0
3218140	0
600592	0
6530168	0
13354253	0
1833524	0
44519131	0
38421977	0
2729980	0
11793143	0
21956010	0
20910352	0
638748	0
7514940	0
237438	0
869753	0
928732	0
3430590	0
1458461	0
3217976	0
5127916	0
6289218	0
6114412	0
853120	0
11911323	0
56551	0
34326666	0
44933473	0
129071	0
22187068	0
3728614	0
41724271	0
28778435	0
14202941	0
7210589	0
3965575	0
2615378	0
403355	0
2407121	0
12944747	0
2163536	0
6222671	0
3962972	0
1606314	0
6780974	0
38536311	0
13253400	0
6823240	0
38183360	0
3093036	0
11629721	0
32207745	0
29681842	0
928324	0
24472941	0
3217455	0
43366628	0
10473649	0
3258926	0
3593937	0
31013046	0
4957985	0
15837670	0
9740356	0
40265175	0
23451384	0
24187519	0
46899176	0
16001002	0
24552534	0
25157053	0
24318820	0
32659638	0
5176098	0
2023030	0
10657006	0
14901197	0
42730916	0
1659360	0
4395771	0
2733866	0
17837829	0
10688518	0
47862331	0
17338071	0
38521825	0
10456354	0
8594825	0
2794438	0
16982993	0
683404	0
106921	0
5901689	0
20070483	0
47204462	0
38512569	0
901448	0
15023913	0
8735827	0
10133998	0
3089673	0
4754265	0
36613026	0
14820936	0
23647638	0
40386574	0
35349073	0
5708662	0
19878089	0
44541913	0
26700178	0
15439004	0
6802402	0
35298962	0
20325540	0
298383	0
20893734	0
133011	0
36955433	0
1556153	0
28334949	0
145935	0
2499631	0
22645251	0
41850016	0
1522305	0
9707862	0
5063758	0
1258459	0
17748123	0
21148082	0
3166208	0
1935982	0
418830	0
32348454	0
14612267	0
3721563	0
4495693	0
21599066	0
27106689	0
32451847	0
23265	0
20914629	0
13486	0
660384	0
42520108	0
1247760	0
1363383	0
6557894	0
368949	0
11524001	0
21800331	0
48816573	0
4913880	0
14411561	0
20785091	0
30936241	0
15551279	0
14634321	0
4769777	0
14174730	0
3345511	0
334683	0
2558147	0
37871386	0
384208	0
27734002	0
40188550	0
37672771	0
5548349	0
3342049	0
584732	0
18977291	0
9382317	0
20581060	0
145415	0
22790964	0
3696098	0
930225	0
20000178	0
6919028	0
31081819	0
9429192	0
16916132	0
1127047	0
43753915	0
2319217	0
36431042	0
31689004	0
60142	0
4701685	0
15103152	0
15158327	0
705705	0
6719989	0
42280182	0
2388237	0
10439379	0
19554730	0
10060465	0
