29393141	1
10092564	1
47836	1
446099	1
6684861	1
451199	1
6455519	1
1184920	1
36834391	1
3029408	1
7028669	1
2671283	1
751310	1
1691329	1
25724720	1
8316141	1
1033604	1
24594000	1
23908283	1
5997847	1
2472862	1
3429167	1
6900611	1
2425377	1
7003792	1
10853460	1
12333141	1
5571354	1
2809577	1
6125612	1
32150432	1
8827576	1
26109809	1
1352103	1
7763470	1
914771	1
13095275	1
20329218	1
13411283	1
2527792	1
7739278	1
6196606	1
14857165	1
5133779	1
2209685	1
1477015	1
8581263	1
8003479	1
41953769	1
192223	1
18607174	1
12021730	1
1700602	1
45400565	1
1642224	1
17871508	1
692859	1
6303170	1
3935783	1
10656960	1
3842902	1
47778625	1
5940141	1
2320366	1
1828233	1
21398495	1
11503512	1
1332984	1
7470546	1
49035	1
3143367	1
225697	1
18724	1
45220805	1
10969527	1
11994213	1
2475244	1
5371906	1
4014486	1
8971303	1
2825990	1
6707957	1
5603685	1
649884	1
2540476	1
2074091	1
42667621	1
4556358	1
3729916	1
46400352	1
5810259	1
4132211	1
755582	1
18786532	1
27609858	1
5617490	1
6804650	1
12163121	1
7806026	1
6240931	1
30871266	1
6845425	1
19064923	1
6181799	1
31785610	1
1037138	1
4437198	1
1320502	1
2626863	1
27604162	1
3723549	1
3868595	1
2592452	1
1142200	1
3874677	1
3567983	1
1216336	1
413244	1
1710189	1
6367322	1
1110063	1
11505935	1
3710034	1
6296640	1
13245702	1
47778629	1
27306471	1
7133933	1
2637337	1
8296669	1
5706122	1
2554351	1
1030117	1
41339091	1
7523824	1
27266766	1
557033	1
3613962	1
772719	1
3208972	1
19304990	1
17053095	1
13911956	1
4056900	1
17443675	1
1902044	1
32059454	1
2650995	1
31747063	1
1406769	1
20417841	1
6853619	1
9929312	1
22258554	1
1758492	1
28973397	1
28023761	1
583954	1
5076156	1
2620124	1
9070905	1
14676070	1
1156490	1
5823457	1
5245920	1
309225	1
775222	1
1530011	1
8183599	1
788066	1
1339823	1
567684	1
7349772	1
15252374	1
840970	1
6399700	1
454123	1
9637072	1
23920334	1
5655917	1
7207163	1
10145102	1
6598991	1
3009831	1
33341978	1
904019	1
11547759	1
8231374	1
5904136	1
8519345	1
25227012	1
5356732	1
4133923	1
20848416	1
19821366	1
4056952	1
5984708	1
1150160	1
2794796	1
1302425	1
6553460	1
25279352	1
18880958	1
30549558	1
1239190	1
24580428	1
8087618	1
8885681	1
11589703	1
615841	1
772771	1
14443258	1
75111	1
47222665	1
1701411	1
727810	1
2510134	1
7336288	1
913115	1
756723	1
14434889	1
20592752	1
443115	1
1449393	1
8283865	1
6026803	1
4358321	1
13075286	1
18804650	1
1570109	1
1121054	1
6886075	1
5826213	1
2237150	1
1387281	1
2937459	1
1232836	1
1257162	1
11294343	1
32783646	1
2849977	1
1156425	1
5309660	1
18699027	1
1727696	1
9183851	1
1920128	1
3161543	1
42557268	1
9996412	1
2643098	1
1156372	1
2759817	1
2716964	1
1129727	1
1438203	1
615792	1
4215588	1
34365299	1
72372	1
1044716	1
203292	1
896135	1
5619516	1
4825587	1
2776867	1
5290887	1
6308814	1
827910	1
2050441	1
8705864	1
1364081	1
5493122	1
10658527	1
4319906	1
18029669	1
25094718	1
1116811	1
7624771	1
5998247	1
9647427	1
8141894	1
9631104	1
6025204	1
17329712	1
1092133	1
3554373	1
160945	1
5259690	1
7349519	1
10140887	1
1231097	1
2384088	1
1627239	1
13776276	1
6008898	1
824773	1
4177511	1
33533985	1
4223772	1
37911928	1
13325224	1
1510621	1
9422023	1
28164007	1
5562149	1
10543457	1
4422831	1
26214493	1
2058332	1
155287	1
6454931	1
4722403	1
18508853	1
3711160	1
21343977	1
834226	1
12049807	1
3686688	1
17204529	1
12109306	1
7833065	1
1800500	1
9307631	1
6143259	1
8157962	1
1284004	1
8165915	1
5389648	1
13122858	1
1859914	1
5867872	1
6758892	1
4906673	1
7159106	1
21764048	1
15300449	1
1395361	1
834256	1
6642973	1
6185042	1
25526777	1
11672438	1
14329290	1
7523277	1
62182	1
23808068	1
15238445	1
5604466	1
512076	1
35138594	1
4699089	1
1444974	1
42288348	1
1795607	1
564225	1
5716615	1
24148	1
5765603	1
6156792	1
11768683	1
4762572	1
1348610	1
20025310	1
596244	1
2461298	1
44146761	1
1129796	1
1007491	1
1265241	1
22406681	1
615782	1
1346723	1
11295195	1
2993956	1
2092654	1
33246454	1
15468691	1
435024	1
1927994	1
6661842	1
13228820	1
2504257	1
1315593	1
1577918	1
712826	1
15277760	1
42957365	1
25789620	1
2639862	1
7288405	1
10729507	1
26315870	1
22065337	1
914832	1
3332198	1
11887645	1
5678302	1
213143	1
23255403	1
1002930	1
9172435	1
1389849	1
8677191	1
4061834	1
1243286	1
28988660	1
258947	1
1440512	1
6551611	1
5298238	1
4838866	1
2449213	1
4019080	1
13359001	1
3443062	1
3869552	1
17685099	1
861284	1
3184258	1
42582980	1
24653214	1
1447107	1
246238	1
3128849	1
29800699	1
4498743	1
10997985	1
5251316	1
18254441	1
4727965	1
2852129	1
72386	1
7829496	1
47785056	1
8147710	1
39421953	1
3028524	1
563792	1
45157569	1
19895763	1
20699244	1
10093491	1
42133320	1
11051001	1
1244783	1
670911	1
7821418	1
19162722	1
6868720	1
1431415	1
72373	1
1640895	1
1380738	1
13140753	1
34528554	1
7436781	1
4248883	1
28324337	1
8826757	1
6516765	1
17869274	1
1064475	1
8295662	1
2806693	1
677560	1
1858835	1
1250741	1
7080757	1
12635010	1
7472410	1
8302041	1
3004596	1
11288498	1
8068585	1
2815337	1
36861478	1
833846	1
1456004	1
6814682	1
2984576	1
4413434	1
27993429	1
167782	1
22526032	1
2383962	1
72353	1
7406102	1
32931839	1
10852710	1
6991326	1
959398	1
40246521	1
24877822	1
5309719	1
2807753	1
37836478	1
30117482	1
1253831	1
8733869	1
32028979	0
11387884	0
2049748	0
3275319	0
313263	0
3611848	0
219859	0
76810	0
8884400	0
37480845	0
23198573	0
6827073	0
780617	0
3694888	0
965050	0
8708278	0
21499274	0
15594617	0
5200002	0
3326600	0
1277377	0
44919088	0
32732244	0
8452135	0
18589580	0
602461	0
10770189	0
27239898	0
3336447	0
5928976	0
38740582	0
2033792	0
35386806	0
5384138	0
31777466	0
11977617	0
40098911	0
17264709	0
35527012	0
32721183	0
52613	0
2963666	0
402734	0
9606651	0
6921535	0
341474	0
2496227	0
20300150	0
39424217	0
630260	0
201812	0
11293331	0
1347190	0
18866077	0
43588864	0
34538897	0
487233	0
19552	0
27183114	0
11179537	0
31627011	0
16636833	0
14420892	0
17001010	0
3344564	0
39801691	0
22255260	0
11394340	0
3724631	0
1560178	0
8946905	0
15989650	0
2340765	0
46999908	0
3212053	0
31798	0
37427943	0
8371126	0
18534804	0
9082676	0
318174	0
122705	0
31645394	0
3204747	0
802947	0
16372080	0
890515	0
19176677	0
17936454	0
2957894	0
13153538	0
8450162	0
32774141	0
34173902	0
27917332	0
12873018	0
1888156	0
26811446	0
18547262	0
35888445	0
13098740	0
468306	0
8354311	0
19033285	0
71131	0
33403573	0
34943423	0
221544	0
2010048	0
8837463	0
37710739	0
581583	0
1111666	0
328034	0
35278961	0
39172573	0
1393019	0
20020036	0
8794543	0
12749477	0
11739899	0
1833544	0
6906771	0
46589610	0
3517560	0
4417353	0
6126325	0
144415	0
17643622	0
2102521	0
12820978	0
8894671	0
1100936	0
28735930	0
12591481	0
18406986	0
11353006	0
8440363	0
22798272	0
3073085	0
13392750	0
110311	0
2420614	0
4683525	0
20011538	0
38840810	0
21353795	0
36873170	0
5475998	0
26292346	0
11173471	0
3145456	0
1426610	0
1041832	0
7211134	0
22018754	0
22658683	0
12100999	0
3215475	0
2089690	0
32005047	0
111965	0
21731653	0
40528545	0
131203	0
6699641	0
32672306	0
19540058	0
3245555	0
9306125	0
4905825	0
14193179	0
2935453	0
24397812	0
5383995	0
1211792	0
10604167	0
2109157	0
1624956	0
2056377	0
11216534	0
9424441	0
102471	0
5732696	0
730866	0
10459609	0
11534321	0
7217252	0
13121874	0
10036564	0
8352173	0
33383513	0
210231	0
2026924	0
37161077	0
21517885	0
4183999	0
13007852	0
33715267	0
383638	0
10054027	0
2029685	0
39499176	0
15175738	0
13581593	0
12646556	0
24118345	0
29528618	0
25539660	0
20117186	0
1529623	0
9595299	0
6019170	0
469948	0
524067	0
6570420	0
23835592	0
2832794	0
2624893	0
5729935	0
3613213	0
16197483	0
23528786	0
32999633	0
2542456	0
14097222	0
2383503	0
2203061	0
12782369	0
236975	0
23744894	0
22232800	0
8375474	0
20211859	0
35646629	0
179906	0
6972351	0
22174665	0
3921909	0
1747468	0
33658910	0
9432257	0
27174750	0
32454241	0
9690507	0
2809632	0
611396	0
27932585	0
5795420	0
5804951	0
1469844	0
33064038	0
926238	0
38578028	0
107212	0
586125	0
20706791	0
17041426	0
40431838	0
26626209	0
5780932	0
10515900	0
12634364	0
36135193	0
3978552	0
18552794	0
35839714	0
21018060	0
15340694	0
7635288	0
31800398	0
7526516	0
4638975	0
9723674	0
23589673	0
553125	0
10485103	0
20016958	0
1272296	0
24860023	0
41139299	0
31367889	0
4556130	0
35805091	0
22366131	0
38845930	0
10317792	0
13374933	0
14830098	0
44269300	0
5233798	0
38276223	0
4562281	0
5673502	0
20333916	0
32346037	0
15439143	0
14100987	0
7080792	0
7447794	0
42576079	0
32753415	0
6406499	0
28266548	0
30873845	0
259655	0
1749821	0
6622478	0
837790	0
40447640	0
35928051	0
22815132	0
551920	0
12937674	0
4762886	0
29339244	0
49302	0
17910673	0
383029	0
13945656	0
4984601	0
28608160	0
3120319	0
24102954	0
37252597	0
34228041	0
16285301	0
25641795	0
156537	0
1126614	0
1750819	0
13576283	0
28645418	0
2580223	0
14347391	0
16729232	0
5935811	0
6146439	0
996300	0
29230	0
32959735	0
9674781	0
1460868	0
18774019	0
25226165	0
33571114	0
3248017	0
15212677	0
8091849	0
9509381	0
4445572	0
42181896	0
13514752	0
3772693	0
10817106	0
17202107	0
42449883	0
69926	0
16643314	0
22706408	0
2165902	0
646868	0
1102147	0
19388949	0
26918291	0
22402754	0
5837055	0
9003047	0
10424128	0
1889942	0
23088035	0
393399	0
44425810	0
532459	0
3356547	0
5706090	0
4037916	0
2908337	0
12837242	0
15446472	0
32179055	0
11328916	0
5336727	0
17561772	0
12685662	0
17501340	0
3551254	0
5331586	0
19108818	0
28104451	0
29637443	0
5807214	0
157665	0
20669	0
849914	0
43362009	0
44212769	0
4346746	0
30185514	0
30989072	0
2332548	0
46225502	0
1325243	0
5118338	0
5402459	0
9030107	0
641929	0
4371708	0
24329897	0
11219998	0
4083280	0
1971522	0
4221893	0
17702843	0
3846359	0
9442827	0
44844651	0
4509268	0
29497392	0
6358930	0
451098	0
11887562	0
326307	0
31156424	0
16704593	0
22732834	0
42564896	0
9213306	0
10212376	0
14005313	0
27784417	0
12603308	0
1122431	0
36462636	0
9064739	0
1949326	0
167543	0
11463081	0
10457	0
24933068	0
19752797	0
4350818	0
26456874	0
2773955	0
1176048	0
37841928	0
2828732	0
6734800	0
5146193	0
1971004	0
9257654	0
11067835	0
44083796	0
8424243	0
4353215	0
929156	0
6719483	0
9101466	0
165071	0
18158624	0
42707192	0
16771713	0
5931209	0
11346147	0
17108063	0
2453992	0
8009722	0
6158845	0
2279711	0
17903761	0
1404143	0
2339	0
2720682	0
28130543	0
4482931	0
6941089	0
39106568	0
15949	0
4103779	0
2590398	0
22154595	0
3967152	0
108891	0
36150295	0
22511357	0
5403134	0
905013	0
42884927	0
3779448	0
6210306	0
19918302	0
25698985	0
21585667	0
21920016	0
28941290	0
13417977	0
45718416	0
25381980	0
13485745	0
3351160	0
