11230886	1
573016	1
572059	1
25277512	1
1025822	1
1024469	1
149773	1
351197	1
673717	1
148837	1
17516655	1
1654432	1
7263044	1
554263	1
8158510	1
37492432	1
116942	1
7663287	1
4595342	1
1995477	1
2201912	1
2306449	1
29424252	1
92360	1
370644	1
26859182	1
34732646	1
142106	1
8736884	1
4848621	1
576007	1
22507770	1
2164837	1
28663785	1
342842	1
162795	1
6304000	1
2581	1
429125	1
19632706	1
9958966	1
12755245	1
65309	1
24023765	1
26419548	1
23776	1
8095	1
1591064	1
1496761	1
17879518	1
21921330	1
15414371	1
384118	1
3586028	1
1407207	1
81861	1
588700	1
7674562	1
4535872	1
27504715	1
181401	1
493228	1
51787	1
11952646	1
12986500	1
10194891	1
302604	1
332282	1
2287	1
431714	1
29640351	1
1398059	1
18555	1
788066	1
7289590	1
10029318	1
15752654	1
15766	1
100623	1
2013509	1
2165236	1
30033092	1
27036	1
1442152	1
3120118	1
82156	1
34466	1
5088925	1
4634014	1
21221640	1
41503652	1
1100038	1
31957510	1
1341148	1
10931	1
87603	1
974772	1
1881737	1
12911905	1
178774	1
17906718	1
25892	1
2066802	1
2203449	1
244231	1
2660208	1
6484331	1
37399	1
7902665	1
1095698	1
1689039	1
35472810	1
8550588	1
1897810	1
199469	1
26027181	1
147247	1
16862416	1
12020129	1
193875	1
292879	1
273319	1
1815878	1
5133004	1
855177	1
2316710	1
1583220	1
41228673	1
2939466	1
15163444	1
19269350	1
182574	1
8931001	1
1214884	1
16326	1
455412	1
3228590	1
38901181	1
435685	1
9958345	1
25220	1
207747	1
18508853	1
338539	1
1146638	1
137475	1
157773	1
1466919	1
1924628	1
26380756	1
10197008	1
226303	1
13033225	1
34614961	1
192355	1
43427948	1
1584558	1
707815	1
4166425	1
3834355	1
1811772	1
63438	1
1562368	1
1572953	1
5713317	1
24763603	1
22289216	1
2881516	1
23769462	1
336050	1
462610	1
2148	1
2958015	1
1642890	1
3318445	1
11625481	1
80466	1
674186	1
1183682	1
3936488	1
1942798	1
519775	1
29218623	1
10165182	1
1698698	1
1346791	1
2575836	1
4015	1
193525	1
18949896	1
266455	1
2521751	1
4560634	1
7906559	1
10277957	1
1812838	1
9759380	1
15070	1
4582301	1
905870	1
317257	1
6021	1
6890038	1
26195262	1
1862380	1
132390	1
2099910	1
449687	1
6257394	1
7394057	1
23565391	1
2455497	1
4238710	1
25573391	1
7341119	1
34350670	1
2245616	1
13932219	1
1897789	1
12376839	1
12104	1
2286	1
1427586	1
210083	1
40828952	1
529398	1
17002471	1
27687528	1
1955463	1
24892882	1
2456748	1
1994819	1
371939	1
5480766	1
399146	1
3485683	1
864317	1
302422	1
5911911	1
69677	1
9143402	1
1922108	1
3929677	1
318597	1
517668	1
15928048	1
126874	1
27643777	1
28046793	1
1617427	1
53694	1
1261697	1
17210967	1
241834	1
1692658	1
336348	1
518897	1
15656	1
674986	1
1795745	1
11535219	1
38386835	1
873297	1
54069	1
1359577	1
2234712	1
19894798	1
12323	1
14225263	1
780776	1
308007	1
2397228	1
2357857	1
52213	1
4777485	1
12786438	1
794065	1
4558491	1
36715953	1
532187	1
169609	1
1216996	1
5117885	1
119842	1
168314	1
28416	1
11090903	1
1972977	1
36733774	1
1990919	1
24270528	1
951714	1
461601	1
339605	1
18679445	1
1935182	1
1076922	1
376707	1
34658368	1
6792824	1
112176	1
27190357	1
6951402	1
198674	1
12714734	1
25918808	1
5644118	1
3175684	1
44757469	1
3284023	1
52642	1
8951137	1
8399955	1
2160554	1
10586153	1
2306128	1
550664	1
875659	1
39652	1
25538503	1
29612989	1
1221655	1
904526	1
13830672	1
4540098	1
6657235	1
12474403	1
393437	1
5520327	1
240966	1
31331515	1
34398357	1
2230225	1
304829	1
12593637	1
6025658	1
567584	1
491658	1
873971	1
829899	1
31120584	1
14621126	1
3879451	1
3973454	1
23493980	1
14590974	1
972653	1
3112690	1
24745934	1
9055787	1
244899	1
422269	1
37656	1
2417230	1
144913	1
541366	1
1553421	1
818545	1
9282401	1
2434514	1
428726	1
22707091	1
2385693	1
53299	1
55667	1
5960328	1
10937953	1
46770	1
20201486	1
2006843	1
1042309	1
955345	1
327737	1
17608595	1
155935	1
31550	1
18054612	1
2901882	1
18395346	1
21106378	1
2435634	1
5275403	1
23690406	1
64269	1
1081355	1
1405003	1
2776748	1
31595746	1
898374	1
284024	1
300946	1
19202016	1
5747663	1
79726	1
1603221	1
893230	1
323463	1
2615954	1
1817382	1
7585091	1
530825	1
570216	1
7125698	1
66305	1
624176	1
2160472	1
8252856	1
1085901	1
1883992	1
1589348	1
103356	1
7293	1
238507	1
231742	1
12929821	1
16003	1
385762	1
21664766	1
1531539	1
5313848	1
40118247	1
8523877	1
1065502	1
1189236	1
261827	1
20330523	1
673693	1
26123	1
1888279	1
3759215	1
1326920	1
34205841	1
1211825	1
34467	1
11878276	1
19690	1
10131418	1
4878438	1
168540	1
9998900	1
2175269	1
37079126	1
18842281	1
884265	1
298926	1
467947	1
417020	1
838930	1
384591	1
1149556	1
1221227	1
19031533	1
2961056	1
15854407	1
44009	1
3095	1
489142	1
394606	1
8320798	1
16752434	1
3063855	1
3696305	1
1881236	1
14196602	1
97086	1
26922379	1
796918	1
177854	1
23271876	1
302224	1
471031	1
16876971	1
6360489	1
23298296	1
1146065	1
19623	1
1597307	1
12676560	1
7964497	1
292470	1
45280663	1
3487029	1
2584168	1
394977	1
36703166	1
14593103	1
766411	1
16797	1
24486021	1
187271	1
19808275	1
643252	1
2925	1
10327448	1
7738136	1
2730156	1
24710	1
2585953	1
23015	1
1788428	1
9941528	0
32490520	0
26780502	0
115559	0
161301	0
33596441	0
6116580	0
5393250	0
206635	0
12476015	0
37734574	0
529710	0
2039729	0
48907237	0
13147137	0
25918153	0
40167427	0
6362371	0
1465456	0
2221816	0
14877922	0
7508511	0
386784	0
3327069	0
15882007	0
3981001	0
40704428	0
840451	0
21944954	0
20823123	0
1161838	0
14823439	0
6556294	0
6549014	0
35615385	0
38984893	0
26621055	0
24453515	0
15956232	0
43488050	0
6380985	0
36482814	0
154699	0
19487432	0
31149234	0
28388573	0
6361196	0
9775920	0
25138094	0
36365360	0
10726917	0
5997847	0
496715	0
7385187	0
6300597	0
39699737	0
813939	0
24897050	0
22894967	0
36725869	0
2985614	0
29450759	0
2403849	0
28663274	0
37175556	0
5257972	0
16796	0
3109663	0
5407222	0
1886263	0
6768153	0
6902906	0
4485382	0
16757824	0
25745482	0
9956201	0
15097972	0
12639871	0
10052097	0
49403985	0
42009794	0
862249	0
1209898	0
5338259	0
14147088	0
4641113	0
32235641	0
2214547	0
30096021	0
518895	0
185365	0
1278355	0
32727664	0
171353	0
7243038	0
42065330	0
607272	0
29293807	0
11968410	0
6237758	0
32643622	0
12753343	0
4341823	0
96161	0
2884673	0
8817441	0
36437816	0
29623174	0
1962247	0
3670922	0
457865	0
128381	0
1833456	0
2882596	0
56230	0
31700563	0
5187039	0
32558696	0
6114934	0
3889742	0
29713648	0
42669961	0
30158001	0
3724436	0
2648984	0
36915880	0
38981475	0
20782153	0
31643973	0
3967664	0
35859567	0
9567573	0
28266844	0
19856155	0
2662157	0
40059786	0
4122991	0
31005457	0
5095233	0
2262771	0
40374972	0
28610948	0
48412750	0
2902711	0
35536511	0
5446553	0
23993353	0
3672735	0
23917031	0
38172205	0
35524357	0
1381467	0
285074	0
11887562	0
31341712	0
19152103	0
6157722	0
45651075	0
24844921	0
35743202	0
3888019	0
23544989	0
29340107	0
18973175	0
1993516	0
904193	0
21652970	0
1673120	0
1173912	0
6544466	0
47559946	0
4269198	0
4811383	0
11046148	0
376270	0
5082138	0
2675528	0
7441105	0
30873169	0
1767595	0
528023	0
31658376	0
17547336	0
3143864	0
19571133	0
37791187	0
4892768	0
33561698	0
43219353	0
10451162	0
5300556	0
9911689	0
5697412	0
14629823	0
1550334	0
13398429	0
34203051	0
40481538	0
3427264	0
19477557	0
13497916	0
18366	0
20882990	0
14262029	0
14501505	0
13470164	0
28972695	0
6890694	0
31332208	0
43199250	0
23107217	0
8887310	0
8567169	0
2028726	0
4182078	0
16402916	0
2054219	0
7818177	0
38890203	0
2532674	0
8565147	0
2434441	0
532090	0
26163686	0
4198572	0
3972729	0
24526226	0
4663606	0
37380506	0
5654167	0
1298920	0
621945	0
15716707	0
92011	0
14850191	0
2259156	0
118897	0
13727690	0
1200496	0
8232089	0
3626421	0
6828530	0
11871248	0
36164257	0
42088975	0
9268910	0
43048130	0
4868003	0
15562154	0
15513279	0
119974	0
4921993	0
3899201	0
19485746	0
15317928	0
3591618	0
1559328	0
6477566	0
4196008	0
621933	0
32656313	0
5702431	0
32015163	0
27543640	0
569106	0
33744858	0
3664516	0
43392691	0
6636408	0
27346	0
108140	0
29872418	0
38135774	0
12894338	0
660564	0
2891935	0
23742066	0
15176863	0
4281167	0
451198	0
1045431	0
18662337	0
4644910	0
6436659	0
13186920	0
20348296	0
26655950	0
6674527	0
582798	0
7411700	0
5829341	0
26982158	0
3922671	0
14429060	0
4590464	0
133820	0
37724457	0
1902816	0
3290289	0
12772891	0
34077252	0
28450436	0
1407033	0
295189	0
21362491	0
8604467	0
1645634	0
2651030	0
26255871	0
533504	0
17503703	0
1191147	0
39564082	0
6575307	0
15692829	0
36830045	0
4719841	0
150915	0
22738887	0
3011610	0
13813001	0
112070	0
1281413	0
28360910	0
17548651	0
6163021	0
676372	0
32350489	0
2582591	0
24017184	0
63531	0
15176848	0
13911956	0
30865328	0
22364280	0
390229	0
503589	0
30760890	0
14701726	0
6825122	0
4239171	0
962529	0
20186663	0
44154448	0
13838030	0
11462041	0
31356965	0
11196747	0
6004243	0
111273	0
4320695	0
2697866	0
15923402	0
17939000	0
25348798	0
11853163	0
8109579	0
6748524	0
2661332	0
18511099	0
1839226	0
95871	0
26328390	0
3217375	0
5210850	0
748850	0
6648232	0
10606977	0
4159167	0
21022983	0
39391645	0
21922018	0
10419314	0
2910449	0
11542794	0
170787	0
4694268	0
5856020	0
27621760	0
391080	0
14896557	0
557233	0
27432943	0
5908694	0
4035327	0
8637478	0
22836605	0
11551260	0
7739227	0
32656341	0
10021539	0
27103642	0
4797860	0
57389	0
15463601	0
272026	0
3521417	0
1164533	0
40905997	0
3086726	0
35464429	0
39194556	0
1749369	0
4628340	0
7220356	0
3252239	0
20135649	0
2822609	0
27741064	0
7134975	0
4151475	0
108915	0
2800228	0
13641778	0
2049992	0
358373	0
3183627	0
5794021	0
6312691	0
3038002	0
272231	0
6900115	0
3179627	0
1876218	0
5575056	0
119028	0
11532250	0
41219415	0
3056591	0
729228	0
10317032	0
1693185	0
14345113	0
3400053	0
21174782	0
529666	0
4188753	0
6272089	0
12186	0
16437742	0
34084166	0
3223124	0
2311940	0
8788386	0
41101646	0
12462221	0
16982985	0
3227501	0
31055763	0
23862525	0
21475544	0
19771398	0
1672195	0
18842465	0
3541191	0
21281334	0
7664261	0
10074446	0
1682154	0
451612	0
1705516	0
3949458	0
7380307	0
17640719	0
1233219	0
14130923	0
882110	0
45076893	0
10235072	0
108281	0
116909	0
21937634	0
46632529	0
11376814	0
11843470	0
11992888	0
3876416	0
33993981	0
2955382	0
14046580	0
16087173	0
20227466	0
91910	0
40749106	0
158480	0
117227	0
10724184	0
30105025	0
5152452	0
13813447	0
23565673	0
5576313	0
2999712	0
7641928	0
41587928	0
19093617	0
7338524	0
42481940	0
30333233	0
9310953	0
