31737	1
43225091	1
19437540	1
6548	1
5269405	1
165425	1
700610	1
1757499	1
1444110	1
5791906	1
35482720	1
1535211	1
28118027	1
177377	1
2774602	1
886686	1
528878	1
2583295	1
907323	1
13661164	1
7490163	1
576469	1
28699	1
275035	1
216531	1
2481607	1
112368	1
565237	1
973937	1
21966060	1
205608	1
392098	1
35625681	1
21088122	1
15040239	1
475497	1
25784	1
9499860	1
27976076	1
196773	1
1990105	1
3958696	1
2254400	1
2294881	1
213375	1
3336537	1
2755736	1
35832938	1
33692	1
1593494	1
30775049	1
6878550	1
570327	1
1313678	1
22501057	1
9662011	1
5505048	1
22280687	1
23954729	1
297078	1
20994646	1
1653438	1
5505133	1
471457	1
1233733	1
16094953	1
38860895	1
917693	1
32151730	1
9933531	1
7271934	1
20940208	1
420561	1
347766	1
55592	1
950226	1
34707531	1
83406	1
15890	1
28811	1
6139512	1
358753	1
6362312	1
723060	1
1119055	1
20090189	1
540637	1
7601926	1
6973884	1
5253	1
36674345	1
750541	1
740613	1
1619542	1
851572	1
24048357	1
9294	1
7991647	1
10569035	1
21550066	1
28535391	1
452985	1
11189053	1
5519297	1
171050	1
637528	1
918027	1
170570	1
348924	1
980934	1
1386136	1
151686	1
1847762	1
9941113	1
337427	1
11067599	1
1087837	1
2794392	1
25282935	1
1365557	1
20705699	1
841060	1
6224731	1
1290247	1
18949668	1
598493	1
323656	1
33086926	1
206382	1
387308	1
472539	1
297308	1
37791311	1
6254885	1
1595207	1
11981788	1
666057	1
6754816	1
376886	1
7364668	1
467101	1
20798605	1
7540695	1
16056695	1
37670762	1
18349962	1
1350511	1
1116685	1
5010892	1
45663027	1
504985	1
32644733	1
33368253	1
967581	1
5176369	1
1743672	1
18938721	1
18784143	1
35629764	1
473919	1
1795071	1
12691654	1
6483720	1
2374352	1
16985472	1
24230	1
4967403	1
1093496	1
5329610	1
3831709	1
46229	1
1260065	1
257169	1
1717037	1
804194	1
299610	1
413003	1
14897481	1
23273510	1
14727	1
1212143	1
850383	1
237721	1
7503666	1
772715	1
2560	1
14148802	1
5301941	1
526936	1
21062612	1
24586946	1
4740631	1
13687790	1
1749290	1
177840	1
879611	1
31597328	1
620102	1
184736	1
2095229	1
30752859	1
1119167	1
12270581	1
15744	1
45449629	1
2710978	1
14583576	1
10917044	1
608835	1
18554347	1
322889	1
12775444	1
396952	1
1857508	1
17285202	1
18138	1
37125	1
4616469	1
2923272	1
1844871	1
2381636	1
10113976	1
13296027	1
516156	1
39480702	1
273827	1
2304543	1
4161692	1
2860948	1
427994	1
507848	1
6800704	1
8719518	1
34879587	1
3139687	1
12829003	1
12559331	1
9016908	1
2392682	1
3164723	1
695888	1
2800135	1
532257	1
1878671	1
1997540	1
4406774	1
3489788	1
38890	1
414178	1
11446208	1
11783723	1
24228650	1
3458232	1
11949612	1
41042666	1
226986	1
201608	1
5719409	1
1199875	1
30170352	1
4512829	1
19071150	1
210085	1
5150580	1
11569584	1
18655143	1
9371333	1
5433854	1
1712404	1
9772354	1
197346	1
49592	1
16769	1
707374	1
43098	1
3316024	1
3195316	1
2557613	1
30951	1
3135703	1
333149	1
13067263	1
176906	1
29049663	1
42943820	1
2735622	1
4316008	1
1353207	1
170678	1
3716203	1
232016	1
2851978	1
31814001	1
6483690	1
10860758	1
875479	1
4986640	1
18602	1
2002377	1
849339	1
222368	1
14436762	1
1445231	1
66991	1
471928	1
105807	1
1260303	1
7319970	1
202685	1
127072	1
375091	1
10314105	1
1497053	1
241254	1
23665668	1
819359	1
830483	1
13186119	1
46829730	1
12546593	1
2103722	1
4610865	1
8708862	1
46044	1
6511818	1
3500360	1
32253721	1
43435334	1
100224	1
6719810	1
25000733	1
34194316	1
20634742	1
32922451	1
1080015	1
648382	1
22129950	1
365150	1
1183479	1
1017433	1
3883323	1
27198628	1
1403343	1
11825455	1
4950843	1
76383	1
10929149	1
2418965	1
5612901	1
23369262	1
14941280	1
148280	1
1141139	1
23698104	1
74656	1
159599	1
628428	1
436008	1
22332882	1
1165405	1
17805617	1
348581	1
1416905	1
204942	1
14848494	1
8758	1
1549078	1
1425605	1
45035812	1
13210056	1
570860	1
1297053	1
1240956	1
6115303	1
65433	1
18949819	1
24605876	1
4804968	1
48652565	1
955331	1
8119645	1
796076	1
849867	1
26012311	1
12212	1
13856438	1
3397806	1
2294853	1
6021167	1
10838629	1
10833200	1
3395839	1
692115	1
24694118	1
1961220	1
16250210	1
6359769	1
442213	1
1866503	1
24306660	1
596299	1
19687107	1
16121443	1
1634444	1
930369	1
8280968	1
15621295	1
1139831	1
905657	1
33719859	1
2247803	1
13882095	1
1573969	1
14759518	1
222721	1
6058649	1
29636125	1
65463	1
10858841	1
321995	1
12563872	1
29827702	1
30354	1
20222554	1
4405438	1
13193885	1
17556395	1
934990	1
96268	1
15022154	1
1706449	1
377434	1
24434888	1
186252	1
458968	1
48598824	1
941690	1
409052	1
7734862	1
372312	1
129444	1
160911	1
18998741	1
8420456	1
44589765	1
1692101	1
135178	1
286542	1
40950839	1
4004252	1
16931751	1
44845	1
1563021	1
2187563	1
694314	1
43975	1
5494424	1
200964	1
185979	1
6735140	1
2246063	1
4072234	1
939469	1
9089855	1
2569378	1
1345168	1
30019172	1
9386687	1
532287	1
10351334	1
187472	1
21829304	1
2667877	1
3267283	1
6973870	1
6728747	1
180270	1
2372941	1
931402	1
7859645	1
1283532	1
8419511	1
179596	1
2319782	1
5422537	1
3627340	1
444369	1
79953	1
6190388	1
718494	1
2298740	1
32488268	1
3700960	1
429839	1
3722227	1
765126	1
2099630	1
211372	1
1843671	1
22312574	1
882645	0
17677087	0
45620826	0
34414683	0
408561	0
26568937	0
493775	0
1979057	0
6315775	0
27971856	0
29696670	0
34702016	0
20786002	0
23389361	0
22459148	0
31933217	0
41960323	0
10155731	0
28423564	0
43314083	0
299592	0
2038611	0
47153459	0
858437	0
7987396	0
138560	0
25113803	0
21886870	0
32936721	0
5983832	0
34169954	0
1710418	0
28945798	0
4614160	0
150592	0
13537626	0
1338724	0
1667014	0
3227850	0
21014153	0
2984838	0
4463077	0
2829451	0
496057	0
23299	0
47924488	0
2457401	0
40351835	0
14682250	0
5140316	0
47046884	0
24488612	0
3665636	0
18814896	0
21539466	0
1453153	0
1038505	0
30332761	0
2675863	0
40016016	0
2388867	0
5016852	0
449313	0
13761692	0
29078623	0
48303468	0
17194573	0
14355657	0
28948270	0
765545	0
40859358	0
4876938	0
38657550	0
8961496	0
3917200	0
5797159	0
1378013	0
17888194	0
4348786	0
36974593	0
22842869	0
21250614	0
10283905	0
12679281	0
2634199	0
223890	0
38838314	0
20618496	0
21295805	0
1939704	0
1457471	0
21762368	0
16083903	0
32721594	0
31596973	0
9970128	0
21090258	0
2165061	0
29606783	0
29273029	0
1619380	0
30761	0
16116042	0
3572649	0
19614764	0
32660355	0
27014387	0
42604160	0
29360478	0
44575394	0
6343155	0
14940908	0
33512231	0
5258674	0
8776277	0
3340206	0
14471284	0
12757089	0
42779265	0
328383	0
517641	0
4682748	0
5640487	0
26649726	0
12756156	0
229814	0
34901515	0
7742	0
111209	0
24476426	0
1899732	0
8839138	0
17178777	0
29200671	0
3270790	0
2920744	0
4219595	0
40774417	0
224046	0
1526645	0
23854554	0
16810	0
260398	0
33204945	0
3201766	0
25847180	0
6063536	0
555680	0
4071024	0
24467670	0
4973545	0
13307944	0
45418070	0
22881630	0
29572583	0
23695015	0
4944668	0
26467588	0
3472971	0
41370152	0
407450	0
34614717	0
10798499	0
3419345	0
5041747	0
5123373	0
5718761	0
16560404	0
38678532	0
4936326	0
31649865	0
59298	0
3431438	0
17764590	0
316428	0
26655039	0
219560	0
1367038	0
27480900	0
11873389	0
552549	0
41830989	0
23577303	0
29550061	0
7177607	0
23077878	0
971906	0
102346	0
8914502	0
23221546	0
42582820	0
1856555	0
7139999	0
34251609	0
1328789	0
410902	0
36488991	0
33919080	0
21574339	0
25685078	0
1480090	0
8903062	0
10832614	0
38279845	0
28969440	0
7612718	0
116970	0
41869378	0
38844674	0
44487190	0
28014365	0
5200051	0
160167	0
39487212	0
2482557	0
5142820	0
7211755	0
26102504	0
37550748	0
23711551	0
23454671	0
5850574	0
44274649	0
329699	0
4067633	0
30427844	0
1100581	0
6252903	0
10548315	0
7072872	0
16624655	0
7806554	0
572302	0
3313455	0
5503065	0
3494461	0
34160386	0
6551955	0
8381607	0
32796944	0
6497666	0
4574163	0
34881706	0
27394289	0
573803	0
7100	0
5887233	0
3476329	0
6160452	0
28458880	0
137234	0
18557191	0
2870603	0
7908533	0
4987770	0
1349908	0
555850	0
7588006	0
34492850	0
6612721	0
2453882	0
17878351	0
44985064	0
23001606	0
1718812	0
5908789	0
39115273	0
295539	0
3496777	0
867241	0
9225057	0
1452519	0
33136656	0
11017773	0
847961	0
803101	0
2431401	0
5863246	0
21126364	0
635473	0
19499561	0
35875745	0
13010	0
11982679	0
17015795	0
31811115	0
43675206	0
6994453	0
14622808	0
36704422	0
739009	0
4274464	0
14664916	0
34412308	0
16811171	0
28218758	0
6275624	0
8347993	0
5614394	0
8700441	0
173294	0
19911369	0
26645327	0
28985997	0
3177319	0
27482118	0
21762486	0
24096579	0
35133772	0
3700156	0
15866656	0
2596704	0
22210741	0
132255	0
3759091	0
10141120	0
7849377	0
3995152	0
111334	0
21530392	0
1860158	0
39233107	0
7252222	0
5102543	0
1112861	0
16876829	0
30698370	0
25030969	0
720455	0
115248	0
16700034	0
5104474	0
3538352	0
32155155	0
464250	0
11585696	0
25836019	0
8262126	0
23683804	0
5991901	0
7852209	0
5137370	0
38827068	0
22647259	0
4412629	0
48442967	0
613980	0
7397071	0
11379006	0
10973322	0
5354945	0
22359450	0
13897366	0
8972676	0
24350748	0
700126	0
48541578	0
44410013	0
1616859	0
3000948	0
44347005	0
37161153	0
44932563	0
39460955	0
25980459	0
7157024	0
46925985	0
3627160	0
23538355	0
4535457	0
33334581	0
6894409	0
40227927	0
15779367	0
577035	0
5928954	0
2925807	0
39101321	0
24674219	0
29165509	0
6842043	0
472043	0
39766494	0
36598211	0
339133	0
10942296	0
8756868	0
488715	0
5802601	0
1344726	0
903165	0
35070146	0
3827055	0
21280738	0
3109458	0
3072085	0
897971	0
1842118	0
2189441	0
11458553	0
25567180	0
27949072	0
6272163	0
29385672	0
31102038	0
21364772	0
6464801	0
1922119	0
2789456	0
18411512	0
25776945	0
10678472	0
16649342	0
7751692	0
21654668	0
6083198	0
1252204	0
32468084	0
28082848	0
40289942	0
3321888	0
38655398	0
2588148	0
19371183	0
7132329	0
2082277	0
2329964	0
29012297	0
9996241	0
1386158	0
10919355	0
9862072	0
11761651	0
6737009	0
43377083	0
19358845	0
32147712	0
22636362	0
3290183	0
9187705	0
5633153	0
577303	0
3282845	0
2699419	0
25183225	0
24716256	0
3259271	0
138454	0
110449	0
47880287	0
1611980	0
31110752	0
2397597	0
7810012	0
16735396	0
11835224	0
2354071	0
405548	0
36907912	0
15530902	0
38726778	0
1944696	0
7228251	0
7461644	0
2206099	0
37197931	0
48758494	0
45676342	0
23229753	0
37248212	0
24782841	0
22072401	0
3460699	0
7675723	0
39674845	0
32627691	0
5276377	0
425058	0
2177268	0
26587591	0
21297086	0
3385545	0
4087335	0
2452447	0
4341815	0
3338147	0
9392972	0
12305049	0
245593	0
20029232	0
32055731	0
16873425	0
13520271	0
17257511	0
15955387	0
26194012	0
13301609	0
22734452	0
6380149	0
16435796	0
