24344239	1
2619926	1
45442319	1
17919299	1
1060842	1
40450478	1
222857	1
403676	1
1438539	1
7584535	1
147591	1
348110	1
517192	1
5389532	1
42610747	1
3537528	1
230088	1
175642	1
11285598	1
1062025	1
162863	1
33585019	1
196590	1
5130675	1
16023871	1
7514600	1
1147701	1
6389650	1
17244637	1
19084640	1
228973	1
307065	1
4466168	1
3272426	1
302622	1
43733991	1
527989	1
5282137	1
2130627	1
768720	1
7530931	1
303482	1
451167	1
5259527	1
1428783	1
5339481	1
6138985	1
1493152	1
8506	1
13620593	1
2723416	1
4822789	1
27671388	1
6758195	1
26569537	1
1132262	1
3880293	1
301309	1
24306	1
231036	1
634618	1
210753	1
33153747	1
304089	1
758765	1
1471657	1
16196544	1
31124517	1
38576155	1
1136715	1
19879702	1
17581341	1
149854	1
207953	1
7734097	1
939620	1
288726	1
7823484	1
7218392	1
3781162	1
30876264	1
14543	1
21291678	1
28025551	1
47877	1
2715536	1
66881	1
2720020	1
7900986	1
13555799	1
383947	1
9577073	1
17293478	1
410530	1
3266597	1
9910525	1
33439594	1
1289872	1
2814165	1
23633816	1
2394676	1
916433	1
577001	1
14448543	1
2971490	1
3615516	1
12126060	1
2016598	1
11895526	1
1252335	1
6612	1
5605967	1
6692736	1
18940588	1
15103676	1
1758184	1
609347	1
1794451	1
4027	1
174688	1
401730	1
29858030	1
2024163	1
171144	1
7535961	1
1467805	1
3286187	1
1361149	1
2269141	1
157487	1
151876	1
732590	1
7914903	1
2066050	1
361885	1
1688720	1
746681	1
1636243	1
887715	1
20522030	1
18155845	1
14460922	1
41337476	1
1058530	1
115498	1
6731	1
714428	1
1107946	1
26970	1
2143614	1
44386667	1
40927015	1
15146122	1
1574946	1
1801854	1
413197	1
2412837	1
11317610	1
2208939	1
261827	1
1682336	1
6407732	1
1226476	1
87446	1
518813	1
1307115	1
14671244	1
250022	1
25433001	1
574967	1
1348640	1
21249340	1
165111	1
901125	1
637893	1
10659362	1
1098157	1
4692571	1
2531152	1
10113509	1
256227	1
20393729	1
13402559	1
1423978	1
791668	1
521823	1
3182152	1
908226	1
3734437	1
21135538	1
8349017	1
1606565	1
16865514	1
5358352	1
2995553	1
14140874	1
523211	1
10150965	1
1965962	1
845712	1
2145572	1
33525137	1
37054972	1
5816103	1
2100476	1
25359087	1
424169	1
5599656	1
39817456	1
3098320	1
565113	1
32924090	1
11781777	1
10616235	1
4549339	1
2100499	1
9306488	1
22407875	1
65308	1
351657	1
2024742	1
154521	1
699698	1
12592330	1
1837222	1
3200126	1
546460	1
11662126	1
2488818	1
5693355	1
714259	1
1839677	1
22048328	1
20482490	1
19945	1
147235	1
319045	1
329878	1
40130886	1
286378	1
1983714	1
3236632	1
27883312	1
1793973	1
13260	1
1249041	1
23964683	1
779745	1
6345779	1
1136256	1
19592864	1
148445	1
21899047	1
1371511	1
9525863	1
20607184	1
1720995	1
335149	1
1370335	1
4547	1
3970056	1
19283265	1
370970	1
1167214	1
39518516	1
576302	1
4400	1
2901324	1
28100898	1
3528097	1
6301714	1
201228	1
2008087	1
378441	1
16900717	1
641881	1
8969785	1
9360017	1
24180457	1
31345285	1
1425539	1
425160	1
7399356	1
968740	1
1607285	1
18646	1
11487873	1
2876568	1
490046	1
1097414	1
499033	1
26135076	1
7710	1
3527663	1
1122604	1
40634493	1
674186	1
33562401	1
643299	1
763466	1
6232829	1
2919843	1
37931026	1
34894193	1
6134329	1
31608591	1
16988558	1
8829594	1
548242	1
1899999	1
917126	1
14830808	1
1501359	1
142241	1
24823859	1
13998973	1
20848416	1
287859	1
2986895	1
1611332	1
2335917	1
3197212	1
39999583	1
87030	1
1261437	1
879392	1
7438977	1
1883240	1
626345	1
9370221	1
81581	1
2554378	1
15375403	1
520204	1
34844677	1
1120048	1
17340321	1
5934007	1
779357	1
980681	1
3639285	1
1486014	1
1967308	1
868936	1
31864372	1
5493122	1
1272906	1
5691585	1
21334842	1
6532642	1
164936	1
3647001	1
5570860	1
2574835	1
12808	1
29595436	1
348166	1
27089636	1
2195701	1
3119847	1
21759383	1
7914352	1
9286123	1
241257	1
7163844	1
276936	1
4316963	1
188543	1
1059648	1
42713065	1
1048978	1
2585825	1
723233	1
11015252	1
2635169	1
13589499	1
45160038	1
9211590	1
39121597	1
512926	1
488213	1
4249310	1
737740	1
1692101	1
20769690	1
901698	1
550647	1
95673	1
9389491	1
437579	1
307133	1
11518852	1
2523400	1
2375696	1
1752967	1
23113323	1
70547	1
1968562	1
35786868	1
2229472	1
402737	1
4739734	1
1356602	1
14689221	1
37945960	1
7084977	1
1257944	1
1312469	1
19119146	1
6579	1
4516247	1
104444	1
393289	1
484020	1
536633	1
182188	1
18251086	1
542366	1
21451326	1
2019722	1
1168102	1
9844488	1
1417321	1
10049	1
709289	1
2372986	1
7346378	1
9591390	1
30929363	1
20764500	1
33016961	1
24170	1
611279	1
5433330	1
1108556	1
34387180	1
362222	1
884080	1
34944468	1
29744652	1
2023164	1
2812649	1
59546	1
22101487	1
814728	1
544204	1
200892	1
2463111	1
2931472	1
1518008	1
29287	1
15040533	1
23305132	1
1874734	1
18309268	1
8944078	1
26775	1
4268085	1
3646025	1
4339386	1
12971108	1
18487238	1
1431133	1
14655166	1
554281	1
1191045	1
1240480	1
3042152	1
1369211	1
188488	1
1389422	1
6294771	1
1321361	1
8778660	1
1624145	1
13621625	1
2053685	1
1223608	1
29259588	1
302430	1
28326546	1
1576992	1
163892	1
369200	1
24327781	1
210431	1
3373106	1
347547	1
1873839	1
8918784	1
1061828	1
5611373	1
297236	1
905833	1
6232856	1
356188	1
26075442	1
552919	1
978039	1
36307696	1
4276557	0
10040351	0
23740068	0
25414057	0
3052737	0
6853429	0
42704615	0
16341407	0
5749548	0
30387762	0
18362896	0
1329031	0
7016740	0
36335966	0
13092179	0
6560278	0
7856461	0
3652088	0
129394	0
44017498	0
7388488	0
669930	0
22755041	0
1120788	0
7683987	0
2648392	0
11276647	0
136727	0
8267361	0
2281910	0
20851259	0
1478971	0
18177507	0
24755876	0
27326285	0
29201173	0
14735507	0
531408	0
40853273	0
1909318	0
12213351	0
15960962	0
154340	0
40772907	0
396615	0
6552879	0
4594590	0
1500499	0
393609	0
15825012	0
48788062	0
32032798	0
7771024	0
3708613	0
13025294	0
38486553	0
1752838	0
13825579	0
6771735	0
7034437	0
25122894	0
405594	0
12502598	0
1607546	0
25802408	0
2817103	0
10370634	0
365304	0
7127340	0
11994054	0
113005	0
1919399	0
3240317	0
7527908	0
13714435	0
12719614	0
26835190	0
3957496	0
2193984	0
5038486	0
12197835	0
21495483	0
13667063	0
121476	0
8964480	0
27892280	0
4458599	0
25535646	0
5758197	0
556392	0
12449217	0
22194387	0
3306417	0
3574725	0
10896392	0
31292209	0
6648838	0
1399547	0
31259085	0
32660977	0
11960762	0
22839326	0
153150	0
14861119	0
21682972	0
24705615	0
30865322	0
30666895	0
207914	0
1499567	0
32503327	0
665734	0
7873093	0
471683	0
2331470	0
28673285	0
27813259	0
15791741	0
1478028	0
9989398	0
17589696	0
876493	0
1240310	0
6524190	0
132951	0
5386230	0
617678	0
793475	0
43404632	0
18481455	0
95973	0
1090079	0
289756	0
187749	0
17894116	0
7640220	0
2741904	0
19565386	0
12002770	0
14109028	0
11580327	0
27939617	0
735310	0
1286441	0
3432704	0
2278543	0
14624592	0
39998070	0
29944013	0
15018919	0
73038	0
49138453	0
25577552	0
22575625	0
22965109	0
112667	0
9757498	0
24006552	0
8368896	0
176167	0
2035308	0
36216569	0
108298	0
1699851	0
22190883	0
175541	0
1697219	0
21382500	0
8592380	0
2467874	0
2653036	0
17864954	0
2355325	0
15361717	0
331986	0
968625	0
40053779	0
3995682	0
9637200	0
1209474	0
36661833	0
2534062	0
44542260	0
22603326	0
5789331	0
7818368	0
435110	0
15513806	0
2083901	0
6979572	0
3600236	0
9451046	0
16810290	0
3052219	0
3556835	0
3020667	0
14985178	0
40270746	0
8379467	0
3689425	0
12422592	0
13458557	0
5955462	0
2369129	0
46827821	0
28220366	0
31732899	0
33613600	0
36421917	0
21798217	0
16912241	0
17286060	0
108854	0
15165046	0
33529016	0
43260728	0
1860252	0
1236320	0
7168137	0
26667829	0
15707520	0
16302296	0
6517412	0
28467289	0
13422147	0
868142	0
13603613	0
1554426	0
170977	0
4574350	0
36026592	0
7178416	0
2682246	0
13725474	0
4037956	0
37180803	0
9502602	0
1603208	0
29326912	0
27869161	0
41358226	0
10789732	0
3188034	0
11607611	0
8778342	0
40058546	0
1231267	0
3258525	0
23948185	0
19230450	0
1071601	0
42133249	0
22832943	0
8288963	0
5874812	0
1287864	0
26706824	0
2950863	0
3967664	0
2661241	0
1901908	0
24308531	0
12519249	0
34930782	0
2304858	0
32603506	0
2039850	0
5638149	0
46933174	0
14593913	0
1667215	0
2092398	0
47616947	0
26617716	0
5576466	0
416084	0
2150580	0
224119	0
11335174	0
12937819	0
555021	0
10677083	0
1212188	0
742262	0
1875393	0
9869303	0
4004011	0
22255798	0
163920	0
31890596	0
40013458	0
32785781	0
13280060	0
2245448	0
21494032	0
1353837	0
1345852	0
364118	0
3492946	0
13432513	0
33082671	0
38574434	0
1690149	0
6005518	0
248798	0
44478064	0
521432	0
3796661	0
10809541	0
17153514	0
1963688	0
26934229	0
18816240	0
5334137	0
7467898	0
12790272	0
598285	0
20296900	0
35925940	0
20779905	0
28045997	0
33795065	0
118138	0
5853039	0
837834	0
17648738	0
14372250	0
5588863	0
35602596	0
27493529	0
2077368	0
34875043	0
20581200	0
6560088	0
962371	0
2308542	0
3759684	0
17442578	0
13654629	0
39566526	0
14092502	0
44554000	0
12779577	0
25623834	0
20032447	0
22008702	0
23738654	0
390296	0
3220462	0
47751795	0
12772829	0
2749227	0
2268095	0
27417973	0
1578759	0
5162762	0
26816619	0
29847926	0
22311246	0
45691791	0
1174527	0
24078708	0
46750074	0
47441694	0
5511359	0
631400	0
131768	0
4357099	0
117760	0
1452624	0
488496	0
38682159	0
2225599	0
5781122	0
3579116	0
14748574	0
118980	0
40135623	0
1612085	0
4942693	0
1788633	0
10716423	0
11284264	0
12092408	0
12926065	0
4164252	0
10124234	0
10050052	0
6126206	0
30748816	0
18899498	0
2867646	0
1418185	0
48598627	0
6994388	0
14296272	0
39183516	0
23229782	0
31300658	0
3398827	0
35771884	0
139039	0
2402237	0
22344155	0
5727218	0
27722724	0
4807105	0
5360694	0
5051833	0
745663	0
42123370	0
20725145	0
2106164	0
25657403	0
28675535	0
18329681	0
305684	0
799178	0
2231700	0
18896542	0
105102	0
6521852	0
406764	0
917576	0
28785814	0
30910775	0
25421663	0
12724440	0
3312184	0
6304533	0
47372519	0
536470	0
532827	0
6117708	0
15645	0
44935884	0
16324756	0
22263200	0
28539339	0
49415531	0
17993796	0
16855173	0
22565	0
38473673	0
8829320	0
37401166	0
240819	0
20038422	0
39404282	0
8297352	0
5545186	0
11736687	0
6631921	0
867664	0
28798289	0
10143246	0
1109481	0
32743718	0
6734698	0
13113050	0
13080	0
21263780	0
1194591	0
120442	0
273772	0
16478033	0
7005408	0
38941052	0
1547193	0
135192	0
1429591	0
3131620	0
46626669	0
4048050	0
24453040	0
1146965	0
25227996	0
2803192	0
8807011	0
11543251	0
32338928	0
4261867	0
150639	0
36294446	0
14569218	0
3086253	0
29301531	0
2323126	0
9263939	0
24017027	0
8040146	0
34953768	0
46924094	0
32656482	0
1160590	0
1725088	0
259549	0
7463050	0
6035763	0
16947693	0
