15060491	5284310	1	126580000000.0	35000000000.0	indianRupee
10257295	18521349	1	67400000000.0	5660000000.0	unitedArabEmiratesDirham
2930593	8103250	1	4000000000.0	230190000.0	euro
31627994	7550145	1	2000000000.0	620200000.0	usDollar
3232085	20793472	1	1553700000.0	157900000.0	poundSterling
1148203	48902444	1	104900000.0	70400000.0	kenyanShilling
485162	1417368	1	13533000000.0	11800000.0	euro
1625294	44917289	1	192900000000.0	60000000.0	japaneseYen
3102608	38980999	1	11809000000.0	6979000000.0	danishKrone
31818530	44432921	1	766800000.0	18411000.0	usDollar
6215646	9331854	1	1382000000.0	1012000000.0	euro
18226518	21790472	1	1120000000.0	4567183.0	poundSterling
2511380	12533594	1	48645000000.0	125000000.0	euro
33203098	168689	1	235100000.0	2480000.0	usDollar
193207	2226537	1	5664800000.0	2230000000.0	usDollar
19609378	23456346	1	2200000000.0	336800000.0	usDollar
644329	39139152	1	2853000000.0	263200000.0	euro
1764759	15985743	1	7100000000.0	1600000000.0	usDollar
17372581	14631658	1	430900000.0	65000000.0	poundSterling
1284667	6160882	1	4500000000.0	3700000000.0	usDollar
39802873	19534766	1	416290000.0	40420000.0	euro
515129	38021469	1	930000000.0	610000000.0	euro
21989011	10878810	1	957700000.0	742183000.0	usDollar
1690094	33941133	1	1800000000.0	723100000.0	usDollar
10334133	16574225	1	121500000.0	14300000.0	usDollar
3948726	10746300	1	2137000000000.0	2736000000.0	euro
153851	488068	1	3977000000.0	3067000000.0	usDollar
3379326	25123070	1	11400000000.0	1700000000.0	usDollar
26931149	2840548	1	5350000000.0	119680000.0	usDollar
9992751	8989762	1	66000000000.0	2725000000.0	euro
5332499	1076420	1	4633000000000.0	44670000000.0	euro
3990441	43286393	1	1300000000.0	185000000.0	euro
1922948	38803393	1	17047000000.0	416000000.0	euro
2928064	2403592	1	206500000.0	37000000.0	poundSterling
3934160	4077412	1	11359113000.0	8200000000.0	usDollar
3880227	28916031	1	3000000000.0	346000000.0	euro
382884	571122	1	99514000000.0	85250000000.0	renminbi
27006683	3741858	1	318390000.0	267000000.0	usDollar
1175476	2776452	1	24537000000.0	4318000000.0	usDollar
161591	419797	1	15565000000.0	5700000000.0	usDollar
29027538	16189288	1	126700000.0	116000000.0	usDollar
11860310	10072752	1	830000000.0	666720000.0	usDollar
4928327	1537440	1	3574300000.0	1490000000.0	poundSterling
855623	1017969	1	6325000000.0	508000000.0	usDollar
1298114	332351	1	2282000000000.0	377730000000.0	renminbi
2930090	2133647	1	8300000000.0	652000000.0	usDollar
2056645	1037251	1	11081688000.0	2530553000.0	japaneseYen
9255146	923116	1	27400000000.0	1700000000.0	usDollar
24287562	4520208	1	1800000000.0	1500000000.0	usDollar
2781586	24271905	1	21530000000.0	1300000000.0	usDollar
6371100	7477430	1	4957497000.0	531346000.0	usDollar
22612662	7010672	1	4000000000.0	1242000000.0	usDollar
2910806	25657153	1	8698000000.0	2200000000.0	usDollar
18643465	16187330	1	19386000000.0	594700000.0	poundSterling
524324	10208356	1	5000000000.0	284200000.0	usDollar
31890504	528914	1	4293000000.0	2974000000.0	euro
6810922	26996011	1	480000000.0	7325000.0	usDollar
10578039	42210432	1	554759000000.0	241780000000.0	japaneseYen
44435899	3150723	1	43095000000.0	2014000000.0	swedishKrona
39520919	28373164	1	1500000000.0	269800000.0	euro
231364	43436901	1	70600000000.0	173090000.0	euro
52108	49616986	1	51281000000.0	709900000.0	usDollar
5583584	2087414	1	3912000000.0	2800000000.0	canadianDollar
14215702	103924	1	1795000000.0	176500000.0	poundSterling
1300978	1690149	1	31600000000.0	1940000000.0	euro
33830027	1312295	1	3743000000.0	3307000000.0	usDollar
597646	1168160	1	22275000000.0	6058000000.0	usDollar
6523137	1795517	1	4712000000.0	3957000000.0	euro
18098785	26630334	1	8780000000.0	14100000.0	usDollar
18537991	2642626	1	2456000000000.0	1120900000.0	euro
4536915	7429730	1	5100000000.0	1700000000.0	usDollar
32832384	160227	1	2066000000000.0	91600000000.0	swissFranc
1042881	5523729	1	9781000000.0	590050000.0	usDollar
5659976	8391734	1	531100000.0	490500000.0	euro
585363	18242098	1	1400000000000.0	5820000000.0	japaneseYen
10594645	3741858	1	19421800000.0	267000000.0	usDollar
1184578	33564869	1	347900000000.0	235398000000.0	japaneseYen
38797	27907758	1	9300000000.0	924590000.0	usDollar
1344523	2930307	1	27073000000.0	6800000000.0	usDollar
674810	27406017	1	3956000000000.0	340610000000.0	japaneseYen
52638	34553785	1	24500000000.0	15500000.0	usDollar
19706909	36448625	1	4825000000.0	2300000.0	usDollar
1161482	20375587	1	348000000.0	269300000.0	poundSterling
15687816	22314714	1	7189000000.0	1303500000.0	euro
26102691	15414750	1	118000000.0	45880000.0	usDollar
16940367	31172243	1	68228376.0	49287690.0	usDollar
499767	30876370	1	16984000000.0	57000000.0	usDollar
1610283	49490747	1	3500000000.0	159600000.0	euro
695999	2324926	1	3590000000.0	1523000000.0	euro
9992751	10045614	1	66000000000.0	23530000000.0	euro
35584163	31018791	1	23100000000.0	2400000000.0	usDollar
2371448	13712018	1	18300000000.0	2212900000.0	usDollar
10797815	11973068	1	18240000000.0	384900000.0	usDollar
27406017	2643549	1	340610000000.0	4462000000.0	japaneseYen
11987650	5089399	1	2300000000.0	843000000.0	usDollar
27593038	27611074	1	6500000000.0	10000000.0	japaneseYen
1871828	24545491	1	1950000000.0	80000000.0	usDollar
21568774	10811370	1	4016900000.0	236980000.0	usDollar
21800331	38493652	1	16000000000.0	1500000000.0	usDollar
29424273	9781730	1	351570000000.0	90000000.0	japaneseYen
3224745	6947429	1	10210000000.0	806500000.0	euro
10454415	5190911	1	443310000.0	290100000.0	euro
141976	15590162	1	6200000000.0	4748000000.0	euro
4214036	1316266	1	1897000000000.0	76691000000.0	japaneseYen
284758	30020626	1	6848000000.0	1666100000.0	poundSterling
8370693	3566772	1	2902400000.0	574800000.0	usDollar
4727762	2400746	1	326344000000.0	154804000000.0	japaneseYen
5865404	43593207	1	200000000.0	194000000.0	poundSterling
1171728	30888106	1	13900000000.0	30000000.0	usDollar
6253329	44750130	1	1000000000.0	121000000.0	usDollar
1567678	2166431	1	1448000000000.0	463300000000.0	japaneseYen
6379442	9527589	1	3170000000.0	1664200000.0	usDollar
4202318	4620985	1	1300000000.0	1018000000.0	philippinePeso
830807	32683646	1	905000000.0	800000000.0	euro
1316975	41228304	1	333400000000.0	28000000.0	usDollar
420771	5177345	1	342754000000.0	150002000000.0	japaneseYen
18460403	25505722	1	19600000000000.0	1300000000000.0	indonesianRupiah
15823303	1199029	1	13368000000.0	2172000000.0	usDollar
12427250	13549025	1	2558000000.0	860000000.0	norwegianKrone
6523137	14004226	1	4712000000.0	400000000.0	euro
29565434	498108	1	1414000000000.0	128667000000.0	japaneseYen
4122808	12298734	1	2100000000.0	1800000000.0	usDollar
547042	1719431	1	6100000000.0	2100000000.0	usDollar
1056450	24514374	1	26500000000.0	700000000.0	usDollar
25488741	20583452	1	414000000.0	16090000.0	euro
33731299	4967401	1	13800000000.0	1800000000.0	usDollar
705833	18226444	1	3520000000.0	302000000.0	usDollar
2577037	29172830	1	7500000000.0	850000000.0	usDollar
9525863	4895461	1	10000000000.0	3800000000.0	usDollar
245069	9010381	1	338400000000.0	4070000.0	usDollar
11046293	65487	1	7150000000.0	2620000.0	euro
9354143	23204584	1	3600000000.0	1000000000.0	usDollar
24885993	44336662	1	1960000000.0	110800000.0	euro
8680399	20548016	1	2500000000.0	2300000000.0	usDollar
300288	8992849	1	3790000000.0	3600000000.0	usDollar
3168188	507431	1	91830000000.0	5439000000.0	japaneseYen
45315373	26151137	1	352710000000.0	5900000000.0	japaneseYen
17623791	13009435	1	2150000000.0	492900000.0	usDollar
5969536	27294410	1	25767000000.0	14010000000.0	euro
33432052	36448625	1	584000000.0	2300000.0	usDollar
322579	18537727	1	28093000000.0	3076400000.0	usDollar
4462543	13041270	1	768800000.0	219500000.0	poundSterling
4074887	22492828	1	4100000000.0	662400000.0	usDollar
242648	6926378	1	271040000000.0	420500000.0	japaneseYen
59695	463687	1	20600000000.0	5389000000.0	usDollar
1535313	25269506	1	6646851000000.0	10000000.0	japaneseYen
26015490	18145877	1	4300000000.0	1100000000.0	usDollar
2369543	499887	1	784420000000.0	157300000000.0	japaneseYen
547042	1099763	1	6100000000.0	3830000000.0	usDollar
543340	1186839	1	10000000000.0	2046000000.0	usDollar
574163	3191886	1	2698000000.0	43145000.0	usDollar
16926200	1916582	1	2180000000.0	724900000.0	poundSterling
4515170	7911696	1	34300000.0	3633023.17	usDollar
9607820	13774396	1	9703000000.0	6602000000.0	norwegianKrone
206359	206419	1	94880000000.0	66458000000.0	swedishKrona
11239667	46338327	1	14500000000.0	1100000000.0	usDollar
2428066	7823156	1	1043000000.0	500000000.0	euro
7021320	2661709	1	93550000000.0	5920000000.0	usDollar
965155	1543223	1	292411000000.0	9047000.0	japaneseYen
4370629	2581644	1	19900000000.0	7317000000.0	usDollar
23131739	1843625	1	4100000000.0	2630000000.0	usDollar
27018758	27302368	1	2499400000.0	319400000.0	usDollar
1023706	4864523	1	31100000000.0	63800000.0	euro
6573837	24214613	1	1018000000.0	78000000.0	usDollar
6715646	23623868	1	13100000000.0	820800000.0	usDollar
375479	1807825	1	100400000000.0	200000000.0	usDollar
15769573	769604	1	8305000000.0	1051000000.0	euro
3800536	12714077	1	7430000000.0	293400000.0	usDollar
1536862	2679405	1	6900000000.0	125980000.0	usDollar
161591	4812578	1	15565000000.0	5823000000.0	usDollar
9897192	22270180	1	1700000000.0	569000000.0	usDollar
892153	27926547	1	1500000000.0	400000000.0	usDollar
3758918	15608908	1	6790000000.0	140000000.0	usDollar
33388728	644909	1	3500000000.0	265000000.0	usDollar
4071025	3323466	1	6672200000.0	718500000.0	usDollar
646807	1050366	1	3400000000.0	1762000000.0	euro
23554587	3814709	1	1200000000.0	880400000.0	usDollar
854614	19744621	1	6717400000.0	121000000.0	poundSterling
2542010	3227229	1	800000000.0	297300000.0	swissFranc
7183054	3233116	1	11870000000.0	3524000000.0	usDollar
7377917	1091271	1	2805000000.0	513300000.0	poundSterling
41179770	8605712	1	25778000000.0	9890000000.0	euro
443076	17717174	1	1856700000.0	1756200000.0	poundSterling
13192221	28325982	1	3589516000.0	1300000000.0	usDollar
7063356	33517586	1	2798000000.0	1159000000.0	euro
3283763	1446087	1	7020000000.0	450000000.0	usDollar
4892309	1327396	1	68500000000.0	66091000000.0	japaneseYen
7954204	2081981	1	150000000.0	63000000.0	usDollar
3516470	20395451	1	1700000000.0	157900000.0	usDollar
2274228	11501406	1	3942000000.0	787900000.0	usDollar
30293057	4217935	1	3500000000.0	218800000.0	usDollar
52108	21354993	1	51281000000.0	453621000.0	usDollar
1245148	31573363	1	633910000.0	30000000.0	usDollar
38280955	16409998	1	15651000000.0	12500000000.0	usDollar
13300026	30831253	1	998100000.0	384000000.0	euro
19035615	7154013	1	1841000000.0	1331000000.0	usDollar
303449	466975	1	203890000000.0	12312930000.0	thaiBaht
34937874	4197531	1	745100000.0	590200000.0	euro
932897	28934128	1	20063000000.0	11000000000.0	usDollar
23039062	11469976	1	5380000000.0	112000000.0	usDollar
21296832	21493549	1	26600000.0	13230000.0	ugandaShilling
648377	38803393	1	21100000000.0	416000000.0	euro
7155716	22271364	1	300000000.0	100000000.0	usDollar
22928779	21348428	1	7076000000.0	1731000000.0	euro
14649288	37056976	1	4450000000.0	1940000000.0	usDollar
4241261	7821365	1	1305000000.0	1075000000.0	euro
1167978	3621549	1	6900000000.0	29000000.0	usDollar
797262	1113540	1	1624000000.0	200000000.0	usDollar
151575	315411	1	98406000000.0	13240000000.0	usDollar
3460621	28539287	1	7069000000000.0	323200000000.0	southKoreanWon
28012058	18681125	1	3700000000.0	1770000000.0	usDollar
1805151	1085448	1	592000000.0	359700000.0	usDollar
287088	11852125	1	10500000000.0	244000000.0	danishKrone
48785859	16673460	1	1743000000.0	798000000.0	usDollar
771479	17535251	1	3100000000.0	1300000000.0	usDollar
9992751	23550	1	66000000000.0	21390000000.0	euro
488730	26455534	1	20247000000.0	1373100000.0	usDollar
2575024	20338673	1	350000000.0	240000000.0	usDollar
4882039	13443033	1	3247000000.0	229700000.0	usDollar
15590162	17245684	1	4748000000.0	1223000000.0	euro
3204747	7028227	1	1122500000.0	290000000.0	poundSterling
9792866	7974169	1	1100000000.0	31600000.0	usDollar
6094334	7331095	1	31000000000.0	595000000.0	usDollar
32961715	43444434	1	3800000000.0	32250000.0	usDollar
2678948	77770	1	15478000000.0	7632000000.0	poundSterling
5935566	204599	1	2564000000.0	820600000.0	euro
285146	27746090	1	737200000.0	34200000.0	usDollar
618621	323243	1	15100000000.0	5796000000.0	usDollar
70510	9019553	1	106540000000.0	750000000.0	norwegianKrone
229705	30441255	1	31700000000.0	1156100000.0	usDollar
15962505	1457850	1	582750000.0	10000000.0	usDollar
2619869	326155	1	6494000000.0	3050000000.0	usDollar
461601	863660	1	7200000000.0	2730300000.0	usDollar
2994817	5192444	1	1440000000.0	1143000000.0	usDollar
2793957	26630334	1	478600000.0	14100000.0	usDollar
3204100	486512	1	9780000000.0	4634000000.0	usDollar
1089065	6126457	1	14800000000.0	10000000000.0	usDollar
2802476	2299	1	2742250000.0	1597000000.0	usDollar
8251547	342663	1	5990000000.0	3335000000.0	usDollar
346096	1524004	1	4700000000.0	2620000000.0	usDollar
12337352	13451543	1	6580000000.0	2100000000.0	usDollar
1134316	2667005	1	5450000000.0	2780000000.0	euro
1349252	2234056	1	5600000000.0	3000000000.0	usDollar
381580	17619332	1	2602000000.0	149551557.0	euro
2083841	3814709	1	1630000000.0	880400000.0	usDollar
1349076	10981882	1	433577000000.0	2200000000.0	japaneseYen
3233116	4663606	1	3524000000.0	1470000000.0	usDollar
14464193	7954169	1	50600000000.0	75500000.0	euro
141831	4447075	1	3022000000.0	4000000.0	usDollar
26484337	1650897	1	900000000.0	75000000.0	usDollar
9475914	39499455	1	5226000000.0	3188000000.0	euro
1787548	305493	1	932020000.0	545900000.0	usDollar
9428452	12139522	1	3000000000.0	2930000.0	usDollar
6203583	2324926	1	4500000000.0	1523000000.0	euro
8370693	13210535	1	2902400000.0	300900000.0	usDollar
3227217	3201417	1	2616000000.0	1100000000.0	usDollar
355334	25958151	1	1207000000.0	819200000.0	euro
18304042	26305644	1	1377500000.0	1060000000.0	poundSterling
1295176	3134547	1	7600000000.0	496000000.0	usDollar
3955422	37442025	1	14619000000.0	5000000000.0	usDollar
194210	294971	1	982000000.0	7938000.0	usDollar
3519489	23571889	1	328000000.0	4600000.0	usDollar
3925415	1134282	1	6363000000.0	1858000000.0	usDollar
26791607	10299374	1	5100000000.0	168000000.0	usDollar
11860310	562696	1	830000000.0	800000000.0	usDollar
4782371	13646212	1	5900000000.0	1210000000.0	usDollar
6975380	25473903	1	1330600000.0	125500000.0	poundSterling
47622238	594473	1	3400000000.0	1724000000.0	usDollar
33318839	4470577	1	2460000000.0	1260000000.0	usDollar
455697	1880010	1	1320000000000.0	105969632.0	japaneseYen
1001784	25473903	1	1096100000.0	125500000.0	poundSterling
12002876	2592771	1	7425000000.0	2115000000.0	euro
17623271	35717003	1	1266200000.0	144000000.0	poundSterling
42257	15966661	1	86000000000.0	173000000.0	usDollar
44732533	8056836	1	103400000000.0	58430000.0	usDollar
3413829	1151005	1	58658000000.0	1200000000.0	usDollar
1365229	2869183	1	948900000.0	15236000.0	poundSterling
11137224	7016507	1	4770000000.0	4335000000.0	usDollar
3934160	31360561	1	11359113000.0	750000000.0	usDollar
13275003	34553785	1	1530505000.0	15500000.0	usDollar
521884	11796430	1	64400000000.0	295000000.0	usDollar
1511355	11810067	1	10128223000.0	7800000.0	usDollar
1047481	28838453	1	13130000000.0	936400000.0	poundSterling
1435073	87643	1	23400000000.0	3680000000.0	euro
2171074	10652579	1	8630000000.0	960000000.0	usDollar
4020445	608986	1	1800000000.0	360946000.0	canadianDollar
7148261	33139208	1	713700000.0	133700000.0	poundSterling
19521963	2168045	1	471800000.0	300000000.0	usDollar
44278067	1606383	1	17700000000.0	6280000000.0	southAfricanRand
2823064	14595031	1	2391000000000.0	300000000.0	japaneseYen
18581242	32468562	1	72618000000.0	293400000.0	usDollar
16329119	4241261	1	2741732000.0	1305000000.0	euro
2849668	1457850	1	324600000.0	10000000.0	usDollar
1480794	22472451	1	25520000000.0	1384000000.0	euro
7620128	36745662	1	2400000000.0	310200000.0	usDollar
384794	1342788	1	1385492000000.0	1385000000000.0	japaneseYen
10474640	8911031	1	330000000.0	270000000.0	norwegianKrone
1994921	17719270	1	2300000000.0	53000000.0	poundSterling
11069805	11540234	1	1300000000.0	710000000.0	usDollar
11973523	46329693	1	1627000000.0	95461076.0	euro
1341669	3863807	1	2925000000.0	518400000.0	usDollar
1338273	31352836	1	676000000.0	109300000.0	euro
3460750	5072965	1	1200000000.0	850100000.0	euro
35367520	29759034	1	147200000.0	125200000.0	poundSterling
37862269	17535251	1	19400000000.0	1300000000.0	usDollar
3873085	11859328	1	3409900000.0	897000000.0	usDollar
140665	164036	1	1557000000.0	352000000.0	euro
2156973	1311834	1	12000000000.0	804300000.0	usDollar
24620715	19845109	1	2500000000.0	436000000.0	usDollar
27174289	22121155	1	3745000000.0	2397000000.0	euro
6203583	4481198	1	4500000000.0	3960000000.0	euro
3389373	17341153	1	1665000000.0	13907000.0	euro
2049638	6257947	1	770400000.0	370400000.0	poundSterling
23706730	8031085	1	3000000000.0	51400000.0	usDollar
19230450	423357	1	16200000000.0	2229800000.0	usDollar
3948726	6203583	1	2137000000000.0	4500000000.0	euro
6818386	41902084	1	3321000000.0	12843000.0	euro
7372145	2875917	1	12898000000.0	7660000000.0	euro
898461	1804420	1	10017000000.0	1478000000.0	usDollar
36421674	38143080	1	151918000.0	143640000.0	usDollar
942857	23157690	1	12170000000.0	336347000.0	usDollar
25075338	13123508	1	3080000000.0	560000000.0	euro
230965	9701277	1	42640000000.0	2270000000.0	euro
1628478	44978534	1	2063000000.0	131670000.0	usDollar
7788131	906053	1	1006900000.0	213500000.0	euro
10929133	32631678	1	6430000000.0	234290000.0	usDollar
2018145	41061132	1	4372300000.0	237900000.0	poundSterling
98356	1116643	1	62284000000.0	41200000.0	poundSterling
29109523	15774217	1	3100000000.0	413000000.0	euro
441872	35033120	1	26095000000.0	356550000.0	usDollar
3390464	8543230	1	10893778000.0	109900000.0	usDollar
2340895	2005880	1	2690000000.0	580000000.0	usDollar
1654882	3510238	1	21000000000.0	7300000000.0	usDollar
284707	17478342	1	54035000000.0	1768500000.0	usDollar
11502603	581765	1	18828900000.0	6844000000.0	euro
382540	30876370	1	757180000.0	57000000.0	usDollar
880697	6079755	1	101700000000.0	24700000000.0	usDollar
1913376	22889000	1	1400000000.0	57000000.0	usDollar
888223	5541444	1	1644000000.0	3500000.0	usDollar
20727907	13112370	1	1300000000.0	259800000.0	usDollar
23135197	4327064	1	14800000000.0	14100000000.0	usDollar
21989011	7331095	1	957700000.0	595000000.0	usDollar
23153554	17619332	1	268000000.0	149551557.0	euro
353864	33185730	1	738400000.0	64060000.0	poundSterling
24222907	610834	1	11200000000.0	2600000000.0	usDollar
2653732	2215174	1	13145000000.0	300000000.0	usDollar
1101488	14997399	1	7838000000.0	1520000000.0	usDollar
8342457	355334	1	2823000000.0	1207000000.0	euro
5622726	18966992	1	2900000000.0	630000000.0	usDollar
1874421	12191773	1	6892000000.0	4700000000.0	danishKrone
22146056	29615478	1	330750000.0	3822000.0	usDollar
3772	1774388	1	80401000000.0	552500000.0	euro
16273336	16886630	1	220650000000.0	18000000000.0	japaneseYen
858708	465956	1	35664000000.0	13030000000.0	euro
214261	533103	1	15962000000.0	408000000.0	usDollar
4155734	36149650	1	31200000000.0	1500000000.0	euro
3642194	972321	1	8000000000.0	129800000.0	euro
483463	2887549	1	42570000000.0	2785000000.0	usDollar
20101206	16763800	1	183500000.0	130200000.0	poundSterling
18599622	25227264	1	9600000000.0	180000000.0	usDollar
1944739	4277940	1	46500000000.0	2400000.0	usDollar
27499604	29294161	1	10300000000.0	1405000000.0	usDollar
26015490	9988187	1	4300000000.0	2210000000.0	usDollar
503295	23973192	1	723000000.0	700000000.0	usDollar
1905252	879788	1	3400000000.0	2410000000.0	usDollar
2516495	10434541	1	5551000000.0	3600000000.0	usDollar
1558598	1184578	1	668494000000.0	347900000000.0	japaneseYen
646979	40327203	1	401500000.0	240810000.0	euro
2497737	3328811	1	4114000000.0	2280000000.0	usDollar
3329087	13610359	1	4100000000.0	382000000.0	poundSterling
2718548	18008875	1	3250000000.0	2000000000.0	usDollar
1944739	4040405	1	46500000000.0	228800000.0	usDollar
7076639	12498091	1	11634000000.0	3500000000.0	norwegianKrone
3515271	2057909	1	28000000000.0	1501000000.0	euro
30862958	1341761	1	14800000000.0	6461000000.0	usDollar
31890504	7427575	1	4293000000.0	1506000.0	euro
3642389	10474640	1	20600000000.0	330000000.0	norwegianKrone
42182097	27991098	1	19000000000.0	265000000.0	usDollar
7902790	2850641	1	658800000.0	306900000.0	poundSterling
1569406	1040586	1	8400000000.0	5177000000.0	usDollar
30862958	5006945	1	14800000000.0	45000000.0	usDollar
14612402	7415699	1	8100000000.0	883400000.0	usDollar
2419335	28040812	1	18760000000.0	1800000000.0	usDollar
12550867	240992	1	2744000000.0	1066000000.0	usDollar
2835144	2380968	1	1920000000.0	360000000.0	euro
41783920	7623153	1	110595000000.0	329800000.0	euro
964187	523890	1	192400000.0	69900000.0	euro
1845022	22858708	1	13280000000.0	625000000.0	usDollar
7029205	3150292	1	6297000000.0	324000000.0	usDollar
11970967	18313687	1	1100000000.0	231200000.0	euro
1676525	29653851	1	1400000000.0	807000000.0	usDollar
2499800	6612284	1	3340000000.0	2860000000.0	euro
6574479	879782	1	5700000000.0	979260000.0	usDollar
23135197	26592960	1	14800000000.0	264600000.0	usDollar
13275003	26676783	1	1530505000.0	292300000.0	usDollar
904295	11840154	1	16439400000.0	449100000.0	usDollar
14940193	30441255	1	5000000000.0	1156100000.0	usDollar
2617619	6218802	1	1270000000.0	594400000.0	usDollar
12155777	4522834	1	208200000.0	100000000.0	usDollar
23730245	166786	1	2100000000.0	325000000.0	euro
3706926	153863	1	1143000000000.0	658400000000.0	japaneseYen
16240544	23571626	1	638700000.0	156200000.0	usDollar
13389144	3204747	1	1257900000.0	1122500000.0	poundSterling
19196565	4515170	1	13778000000.0	34300000.0	usDollar
18545157	2158948	1	13870000000.0	172000000.0	euro
41948991	34521681	1	27000000000.0	3700000000.0	usDollar
3126105	5127184	1	9900000000.0	932000000.0	euro
29565484	590214	1	2243000000000.0	124317000000.0	japaneseYen
1474541	6810297	1	343600000.0	321080000.0	euro
461528	6308716	1	3610000000.0	2280000000.0	usDollar
32307	17297619	1	38901000000.0	2200000000.0	usDollar
3287732	34764650	1	1300000000.0	15137288.0	usDollar
3198184	18064009	1	1851700000.0	564900000.0	poundSterling
250363	2454626	1	2163000000.0	944000000.0	usDollar
21535542	14350243	1	700000000.0	241000000.0	usDollar
1792601	33985435	1	5900000000.0	51800000.0	usDollar
34433622	7506496	1	1715000000.0	49000000.0	usDollar
2884839	1394645	1	13400000000.0	1280000000.0	usDollar
1499984	2246113	1	42980000000.0	4000000000.0	philippinePeso
3603250	36389194	1	5470000000.0	47249000.0	euro
9331854	4197531	1	1012000000.0	590200000.0	euro
10138928	1369123	1	859000000.0	299700000.0	euro
4490485	33113498	1	4000400000.0	697100000.0	poundSterling
17171654	16522209	1	210000000.0	130000000.0	euro
9810406	33905284	1	11075000000.0	7273000000.0	euro
29335339	29707811	1	142720000.0	4375000.0	kenyanShilling
7154013	11939361	1	1331000000.0	476020000.0	usDollar
9386135	15500296	1	1295000000.0	74000000.0	euro
2514828	24287562	1	3200000000.0	1800000000.0	usDollar
167654	30740398	1	17680000000.0	785800000.0	poundSterling
5392674	6789892	1	39600000000.0	2433000000.0	danishKrone
17018492	16660169	1	2945000000000.0	322757000000.0	renminbi
493180	1431528	1	94000000000.0	5326000000.0	swedishKrona
574163	28797223	1	2698000000.0	225480000.0	usDollar
1341669	2570455	1	2925000000.0	1377247000.0	usDollar
440689	4927821	1	31178000000.0	2613000000.0	euro
418611	15328761	1	5200000000.0	1600000000.0	usDollar
1402986	30369367	1	6285000000.0	2680000000.0	euro
1434174	1381301	1	9746000000.0	3107800000.0	poundSterling
5181524	21535542	1	1428000000.0	700000000.0	usDollar
424537	2657167	1	6982000000.0	3993000000.0	poundSterling
13192221	2785640	1	3589516000.0	1862000000.0	usDollar
23110040	2869183	1	3650300000.0	15236000.0	poundSterling
1662617	556357	1	25526000000.0	4700000000.0	usDollar
1521568	36663186	1	1230000000000.0	23800000000.0	russianRouble
30253207	29721355	1	82400000.0	1256000.0	kenyanShilling
25794155	12715111	1	2266280000.0	2000000000.0	usDollar
17493671	17370653	1	740300000.0	89800000.0	poundSterling
11387665	1880010	1	1416000000000.0	105969632.0	japaneseYen
140278	1655955	1	393600000.0	12000000.0	poundSterling
312018	166778	1	6035000000.0	2250000000.0	usDollar
483251	1802635	1	18502000000.0	10350000000.0	usDollar
14356949	2576676	1	4400000000.0	3100000000.0	usDollar
2034461	7028227	1	8836000000.0	290000000.0	poundSterling
1695249	3253181	1	604000000.0	597000000.0	swedishKrona
519099	665747	1	1160000000.0	20000000.0	usDollar
346096	1894018	1	4700000000.0	165500000.0	usDollar
18750211	5393380	1	9800000000.0	80000000.0	poundSterling
13653971	30047284	1	667900000.0	194700000.0	usDollar
14977609	639913	1	381180000000.0	374932000000.0	japaneseYen
1184467	1906151	1	1921000000.0	50200000.0	usDollar
1843625	27881282	1	2630000000.0	1190000000.0	usDollar
13990715	8417125	1	44000000000.0	2000000000.0	norwegianKrone
21238003	30840873	1	2550000000.0	84013421.0	euro
14408129	2786050	1	6241000000.0	71600000.0	usDollar
5192430	27806651	1	6499000000.0	1860000000.0	euro
27973423	18112335	1	1473000000.0	233500000.0	usDollar
48334189	993302	1	3500000000.0	1050000000.0	usDollar
2752126	707994	1	17700000000.0	1607000000.0	usDollar
2215683	6467284	1	15000000000.0	2800000000.0	usDollar
2846542	2479765	1	485000000.0	66963000.0	usDollar
2299579	5190911	1	2177000000.0	290100000.0	euro
27609512	22564394	1	1300000000.0	9300000.0	usDollar
842695	82318	1	25220000000.0	9219000000.0	swissFranc
1263009	41871087	1	10800000000.0	137200000.0	usDollar
23469016	30513390	1	1130000000.0	171000000.0	euro
3725607	42764197	1	4620000000.0	712000000.0	usDollar
27897771	69579	1	7000000000.0	3700000000.0	czechKoruna
15516	36556	1	2600000000.0	1017000000.0	usDollar
348874	13725701	1	21000000000.0	14214000000.0	norwegianKrone
843787	28020245	1	1072000000.0	836700000.0	usDollar
305388	48975797	1	3000000000.0	518700000.0	euro
6031901	24470834	1	760000000.0	666200000.0	usDollar
7477430	3938336	1	531346000.0	195100000.0	usDollar
14481951	8354301	1	1000000000.0	790000000.0	australianDollar
8031085	19682011	1	51400000.0	7000000.0	usDollar
23860353	24389816	1	2489000000000.0	106060000.0	euro
5657065	37502217	1	5032000000.0	607000000.0	usDollar
36149650	1369123	1	1500000000.0	299700000.0	euro
3732257	24143852	1	1507000000.0	288100000.0	usDollar
585363	423339	1	1400000000000.0	74233000000.0	japaneseYen
18304042	4558506	1	1377500000.0	106000000.0	poundSterling
4556530	571566	1	2400000000.0	870000000.0	euro
21462252	15557693	1	4000000000.0	3614000000.0	euro
4766109	4041255	1	17274000000.0	315011000.0	usDollar
21534151	543107	1	1600000000.0	139300000.0	usDollar
6715557	14068864	1	3300000000.0	314000000.0	norwegianKrone
180740	2096809	1	6318000000.0	1010000000.0	usDollar
1812	13468515	1	11800000000.0	61000000.0	usDollar
6177330	12682142	1	89400000.0	20000000.0	usDollar
29027538	367810	0	126700000.0	16022000000.0	usDollar
36075090	25525552	0	721400000.0	1390000000.0	usDollar
10779139	734125	0	380000000.0	548700000.0	euro
8442939	41944876	0	6670000.0	600000000.0	usDollar
33318839	588316	0	2460000000.0	15877000000.0	usDollar
5187827	620343	0	5000000000.0	11700000000.0	usDollar
1690149	846874	0	1940000000.0	8400000000.0	euro
7506496	183050	0	49000000.0	13887000000.0	usDollar
17967027	544106	0	662200000.0	14800000000.0	usDollar
5888703	586642	0	408670000.0	785000000.0	usDollar
32523487	29435880	0	223500000.0	1400000000.0	usDollar
1185314	31532	0	9500000000.0	26300000000.0	usDollar
45514676	2186534	0	160000000.0	6228000000.0	euro
22479089	354987	0	115900000.0	40339000000.0	usDollar
17861621	5346538	0	34200000.0	136500000.0	euro
29335339	44520516	0	142720000.0	164900000.0	kenyanShilling
3388372	18502482	0	172000000.0	275000000.0	usDollar
924867	10034834	0	21900000.0	18000000000.0	euro
910070	1301611	0	785400000.0	3700000000.0	usDollar
29615478	25585714	0	3822000.0	200000000.0	usDollar
6327163	2519670	0	600000000.0	25477000000.0	usDollar
10012664	976331	0	351000000.0	1779000000.0	euro
1113258	2563144	0	350000000.0	2100000000.0	usDollar
17461092	2613877	0	172200000.0	3300000000.0	euro
8631439	1185314	0	883600000.0	9500000000.0	usDollar
706817	323232	0	1704000000.0	29900000000.0	canadianDollar
950663	4325221	0	206000000.0	4200000000.0	usDollar
18064009	15356	0	564900000.0	4850000000.0	poundSterling
13859539	695924	0	148700000.0	3400000000.0	usDollar
21405519	203912	0	2060000000.0	46900000000.0	usDollar
383078	386090	0	636300000.0	5400400000.0	poundSterling
1750383	15823303	0	4870000000.0	13368000000.0	usDollar
3744643	2339177	0	2120000000.0	18260400000.0	usDollar
18291236	13653971	0	190526000.0	667900000.0	usDollar
4257833	3086375	0	165000000.0	187000000.0	usDollar
382540	5449607	0	757180000.0	1500000000.0	usDollar
6926378	674796	0	420500000.0	3539802000000.0	japaneseYen
344791	2703574	0	450000000.0	10879855000.0	usDollar
1092009	8382465	0	541000000.0	2706000000.0	poundSterling
1118721	8164837	0	2690000000.0	3200000000.0	usDollar
13653971	17347249	0	667900000.0	3100000000.0	usDollar
43031074	16366548	0	11000000.0	15200000000.0	usDollar
4063166	3204100	0	950000000.0	9780000000.0	usDollar
20894456	371607	0	142000000.0	260000000.0	euro
29565422	3436450	0	809789000000.0	1385000000000.0	japaneseYen
23770488	3483152	0	917350000.0	4063000000.0	usDollar
780822	544106	0	2600000000.0	14800000000.0	usDollar
1094862	203237	0	93500000.0	32870000000.0	usDollar
9227226	23453501	0	8630000.0	143151000.0	ghanaianCedi
1245923	2520307	0	752500000.0	870500000.0	usDollar
41866705	21441616	0	95000000.0	1644300000.0	usDollar
2849668	12827212	0	324600000.0	427000000.0	usDollar
23116894	3927464	0	493263000.0	1528000000.0	poundSterling
20795821	1290491	0	170800000.0	423010000.0	poundSterling
22564394	1648542	0	9300000.0	14945000000.0	usDollar
15005855	37203747	0	114000000.0	815000000.0	poundSterling
5630038	424893	0	325000000.0	2057000000.0	usDollar
393802	30020626	0	131000000.0	1666100000.0	poundSterling
950663	17703110	0	206000000.0	1581400000.0	usDollar
6975380	654678	0	1330600000.0	11528000000.0	poundSterling
4217084	30871973	0	2060000.0	3400000000.0	euro
26271399	7002229	0	5600000000.0	6370000000.0	usDollar
31627994	358933	0	2000000000.0	8930000000.0	usDollar
11167884	9003300	0	200000000.0	1628000000.0	usDollar
852208	2885965	0	640000000.0	12900000000.0	usDollar
3888394	1132352	0	750000000.0	10786000000.0	usDollar
287088	16840524	0	10500000000.0	13909000000.0	danishKrone
1190203	48442	0	3750000000.0	248600000000.0	usDollar
24272027	43411856	0	800000000.0	3400000000.0	usDollar
2045314	30516870	0	770000000.0	1000000000.0	usDollar
13709384	13915252	0	1674000000.0	3900000000.0	norwegianKrone
2861845	203237	0	7437000000.0	32870000000.0	usDollar
40411417	1100754	0	342500000.0	9500000000.0	usDollar
23690695	21465336	0	3700000.0	6000000.0	ugandaShilling
12069261	19614638	0	10000000.0	122300000000.0	euro
2562783	7528279	0	348700000.0	1090800000.0	poundSterling
21043613	996358	0	1430000000.0	2580000000.0	euro
1291456	674093	0	1453000000.0	7643000000.0	euro
2555709	89744	0	2051000000.0	70975000000.0	swedishKrona
24146623	11731372	0	331700000.0	47000000000.0	usDollar
5264416	15901647	0	97000000.0	730200000.0	poundSterling
3582300	13323279	0	34933000.0	1500000000.0	usDollar
6183092	1991706	0	1000000000.0	1600000000.0	usDollar
34397072	2715811	0	1300000000.0	20400000000.0	philippinePeso
12050205	420561	0	23700000.0	2048000000.0	poundSterling
16800299	2209823	0	790400000.0	13760000000.0	usDollar
2774698	35778109	0	992000000.0	7450000000.0	usDollar
6170087	13419617	0	199830000.0	1225000000.0	euro
17687813	2307774	0	116000000.0	3440000000.0	usDollar
2208003	15621301	0	1000000.0	503000000.0	usDollar
882947	22121343	0	400000000.0	1000000000.0	usDollar
32044268	8995361	0	802000000.0	20600000000.0	usDollar
378362	25011668	0	1409300000.0	11048000000.0	poundSterling
21451251	1271468	0	277800000.0	861900000.0	poundSterling
22756627	16933230	0	2370000000.0	3287000000.0	usDollar
26351175	21410244	0	4500000.0	48600000.0	ugandaShilling
25829502	875980	0	233000000.0	2100000000.0	canadianDollar
2363732	2045314	0	107450000.0	770000000.0	usDollar
26097859	1140903	0	140000000.0	2762000000.0	usDollar
8670163	16409998	0	3400000000.0	12500000000.0	usDollar
6052688	14474185	0	10000000000.0	1130000000000.0	euro
18864491	35056570	0	292900000.0	1200000000.0	usDollar
3367902	9874222	0	5340000000.0	11300000000.0	euro
12860605	218583	0	1696000000.0	6290000000.0	usDollar
4806801	437357	0	1755000000.0	24100000000.0	usDollar
428353	1476989	0	500000000.0	589000000.0	euro
17381700	140278	0	275000000.0	393600000.0	poundSterling
4273937	722220	0	3000000000.0	3160000000.0	swissFranc
31018791	191352	0	2400000000.0	3210000000.0	usDollar
378362	460666	0	1409300000.0	2312700000.0	poundSterling
246920	10045614	0	1100000000.0	23530000000.0	euro
2648183	1042375	0	2220000000.0	2786000000.0	usDollar
6470757	1099763	0	32500000.0	3830000000.0	usDollar
16053996	1458267	0	383400000.0	4900000000.0	usDollar
420162	7063356	0	2400000000.0	2798000000.0	euro
17840744	7423661	0	4880000.0	8500000000.0	mauritianRupee
10813199	4927821	0	481740000.0	2613000000.0	euro
2252982	26386	0	1000000000.0	1534000000.0	usDollar
30858803	25995224	0	9800000000.0	14400000000.0	usDollar
42645119	392127	0	10000000.0	154876000000.0	japaneseYen
6796306	9147896	0	1809000000.0	82000000000.0	norwegianKrone
854614	1047741	0	6717400000.0	32832000000.0	poundSterling
1976030	876733	0	483110000000.0	2108724000000.0	japaneseYen
33194105	369386	0	157450000.0	5409400000.0	usDollar
46603388	7788250	0	7750000000.0	76962000000.0	pakistaniRupee
3389524	16366548	0	3310000000.0	15200000000.0	usDollar
1896547	38918947	0	361000000.0	1800000000.0	poundSterling
1943170	15719290	0	2042000000.0	10000000000.0	usDollar
2299	41584682	0	1597000000.0	2900000000.0	usDollar
15446502	13722979	0	10000000.0	134547000000.0	japaneseYen
151503	3483152	0	190000000.0	4063000000.0	usDollar
663962	2678948	0	51600000.0	15478000000.0	poundSterling
10981882	1328362	0	2200000000.0	61160117000.0	japaneseYen
11993362	1756545	0	2600000000.0	3890000000.0	usDollar
16574021	27917460	0	15824000.0	3140000000.0	poundSterling
342837	35599349	0	10217000000.0	15000000000.0	usDollar
12632982	14051212	0	1251400000.0	6053000000.0	norwegianKrone
855387	6337423	0	415600000.0	1263000000.0	usDollar
27119782	2160293	0	619300000.0	4850000000.0	canadianDollar
12752072	788974	0	472000000.0	2600000000.0	usDollar
35459125	19948324	0	37570000.0	17720000000.0	kenyanShilling
852208	4314877	0	640000000.0	7220000000.0	usDollar
42025452	30271356	0	195550000.0	6095200000.0	euro
4122808	12328980	0	2100000000.0	3387171000.0	usDollar
4696052	323232	0	48800000.0	29900000000.0	canadianDollar
16141330	30019053	0	103100000.0	350000000.0	euro
4903698	621759	0	316000000.0	2567000000.0	poundSterling
3828482	3038280	0	2178800000.0	16335000000.0	usDollar
22292432	1167978	0	2000000000.0	6900000000.0	usDollar
2052429	34052	0	295500000.0	12992000000.0	usDollar
31360561	17518132	0	750000000.0	93000000000.0	usDollar
1344284	898461	0	187000000.0	10017000000.0	usDollar
31316368	7205469	0	50000000.0	800000000.0	usDollar
458752	2018572	0	1421000000.0	4000000000.0	usDollar
12462337	21238003	0	560000000.0	2550000000.0	euro
1902223	21331926	0	2300000000.0	9660000000.0	usDollar
2305017	7124646	0	10038000000.0	1664000000000.0	euro
1896547	17957353	0	361000000.0	3500000000.0	poundSterling
11428269	171595	0	2877000000.0	70450000000.0	euro
25817132	5571195	0	185200000.0	11100000000.0	usDollar
884383	2107110	0	250000000.0	3750000000.0	euro
1335332	483481	0	919000000.0	13601000000.0	usDollar
34012278	30019053	0	213200000.0	350000000.0	euro
25958151	9407902	0	819200000.0	12325000000.0	euro
23758980	4326660	0	279900000.0	47950000000.0	usDollar
29565444	30173195	0	119976000000.0	264840000000.0	japaneseYen
4197531	82855	0	590200000.0	1325000000.0	euro
266910	620812	0	691000000.0	5500000000.0	poundSterling
5393380	21317014	0	80000000.0	1767800000.0	poundSterling
3095699	10489969	0	474400000.0	542256000.0	usDollar
8056010	346096	0	245000000.0	4700000000.0	usDollar
6826634	269240	0	489000000.0	1660800000.0	usDollar
2796482	4649233	0	171000000.0	1375200000.0	usDollar
3951570	41584682	0	1600000000.0	2900000000.0	usDollar
168969	996358	0	1260000000.0	2580000000.0	euro
140624	4997894	0	1072000000.0	1357200000.0	poundSterling
7415699	11271100	0	883400000.0	12607000000.0	usDollar
1210938	18303634	0	101000000.0	125700000.0	poundSterling
3007490	2360637	0	40000000.0	3000000000.0	usDollar
1139487	1270655	0	82000000.0	109000000.0	usDollar
8250731	36908610	0	91600000.0	3349100000.0	poundSterling
562696	2124647	0	800000000.0	2600000000.0	usDollar
23688625	153246	0	126000000.0	1178000000.0	poundSterling
2542913	21209876	0	3717000000.0	5700000000.0	usDollar
18212630	9708707	0	95200000.0	479900000.0	usDollar
8103250	769604	0	230190000.0	1051000000.0	euro
827949	30756359	0	874000000.0	5960000000.0	euro
24168979	25364753	0	100000000.0	4029000000.0	poundSterling
4542613	418611	0	405900000.0	5200000000.0	usDollar
1472869	160296	0	215000000.0	459192000.0	euro
31038599	35917553	0	4000000.0	7200000.0	ghanaianCedi
22259010	3800223	0	480000000.0	5220000000.0	usDollar
8435558	4347203	0	1800000000.0	8030000000.0	poundSterling
4304824	140740	0	6900000000.0	16700000000.0	euro
27917460	1465521	0	3140000000.0	29408000000.0	poundSterling
468593	13131365	0	2147000000.0	5351000000.0	usDollar
19534766	14780138	0	40420000.0	101820000.0	euro
33753647	15463567	0	140000000.0	1400000000.0	usDollar
11235352	38448123	0	3050000000.0	21650000000.0	renminbi
6467284	9226474	0	2800000000.0	4256000000.0	usDollar
9005819	3373439	0	2400000000.0	1501600000000.0	usDollar
5052	5622179	0	1119000000.0	3448000000.0	euro
12012532	27209645	0	60000000.0	60000000.0	norwegianKrone
5667454	11069805	0	224500000.0	1300000000.0	usDollar
493180	206409	0	94000000000.0	171700000000.0	swedishKrona
7121988	13990715	0	237000000.0	44000000000.0	norwegianKrone
1610283	36443809	0	3500000000.0	21000000000.0	euro
1875356	17809435	0	818000000.0	982000000.0	usDollar
23469016	4734821	0	1130000000.0	1459000000.0	euro
632119	3460750	0	388000000.0	1200000000.0	euro
5122047	1592195	0	2419000000.0	9300000000.0	usDollar
3833495	11840154	0	47500000.0	449100000.0	usDollar
5326152	714573	0	219000000.0	1792000000.0	poundSterling
12533594	45470591	0	125000000.0	326370000.0	euro
40158996	11501309	0	9200000.0	1510000000.0	australianDollar
1441639	7984673	0	205200000.0	2280000000.0	usDollar
223924	4120627	0	1340000000.0	27670630000.0	usDollar
11022698	1774692	0	72000000.0	123663125000.0	nigerianNaira
1696801	1853135	0	2432000000.0	15400000000.0	euro
3934160	23420269	0	11359113000.0	25700000000.0	usDollar
7252536	836757	0	865700000.0	1344400000.0	poundSterling
1480329	360041	0	4020000000.0	9021000000.0	usDollar
6257947	8435558	0	370400000.0	1800000000.0	poundSterling
20034967	4967401	0	250500000.0	1800000000.0	usDollar
2829385	33221151	0	9895000000.0	18860000000.0	usDollar
1331219	3306012	0	80000000.0	4950000000.0	usDollar
7749572	1994921	0	112000000.0	2300000000.0	poundSterling
533103	22591	0	408000000.0	38230000000.0	usDollar
43593207	2144824	0	194000000.0	200000000.0	poundSterling
1311834	1350109	0	804300000.0	1000000000.0	usDollar
734125	1139590	0	548700000.0	22135000000.0	euro
672037	13774396	0	2097000000.0	6602000000.0	norwegianKrone
2648183	1299202	0	2220000000.0	43090000000.0	usDollar
1328362	30872856	0	61160117000.0	1783000000000.0	japaneseYen
3925415	4042974	0	6363000000.0	70650000000.0	usDollar
532208	18676960	0	6200000000.0	6920000000.0	usDollar
575577	2562348	0	928000000.0	2000000000.0	usDollar
24632919	8253166	0	2700000000.0	8410000000.0	usDollar
2397544	437357	0	719760000.0	24100000000.0	usDollar
28495318	17849821	0	180470000.0	676700000.0	euro
735973	359885	0	3300000000.0	17050500000.0	usDollar
6947429	27294410	0	806500000.0	14010000000.0	euro
2840548	10554916	0	119680000.0	503000000.0	usDollar
46508240	2990507	0	6500000.0	312000000.0	poundSterling
2158978	1299202	0	3300000000.0	43090000000.0	usDollar
5839992	1694153	0	7820000.0	2622000000.0	euro
9743089	13610359	0	259000000.0	382000000.0	poundSterling
18119206	1601117	0	346300000.0	4600000000.0	usDollar
2866910	867009	0	993620000.0	5240000000.0	usDollar
16187330	990862	0	594700000.0	1000000000.0	poundSterling
24387394	7047542	0	368100000.0	982400000.0	usDollar
19534766	440689	0	40420000.0	31178000000.0	euro
8442939	5630038	0	6670000.0	325000000.0	usDollar
10554916	5854796	0	503000000.0	848000000.0	usDollar
9371543	25657153	0	1043000000.0	2200000000.0	usDollar
1417368	262878	0	11800000.0	5654000000.0	euro
9811445	2952581	0	12100000.0	6100000000.0	usDollar
1694153	5365122	0	2622000000.0	5856000000.0	euro
1548044	23456014	0	111000000.0	373000000.0	euro
343968	1018786	0	4330000000.0	4800000000.0	usDollar
18537924	3023348	0	2920000000.0	8652000000.0	euro
20900295	24740816	0	866620000.0	216652317000.0	pakistaniRupee
30864760	3637614	0	13200000000.0	72804000000.0	usDollar
21549243	13431673	0	665400000.0	1500000000.0	poundSterling
19277123	20561469	0	579560000.0	3500000000.0	usDollar
46016	13306033	0	170000000.0	441400000.0	poundSterling
18345962	16577964	0	350000000.0	30200000000.0	usDollar
1212606	13713265	0	65100000.0	991000000.0	usDollar
39716433	4895605	0	144700000.0	8277000000.0	usDollar
11307080	2777604	0	200000000.0	1180000000.0	usDollar
36745662	2802476	0	310200000.0	2742250000.0	usDollar
8064991	1753426	0	4500000000.0	21100000000.0	usDollar
1914048	208013	0	600400000000.0	2492600000000.0	japaneseYen
1155647	6002528	0	5405000000.0	7500000000.0	usDollar
1443703	4649465	0	1300000000.0	3400000000.0	euro
3274881	7528279	0	850000000.0	1090800000.0	poundSterling
3426300	34052	0	5275000000.0	12992000000.0	usDollar
1803967	23184664	0	179537000.0	300000000.0	usDollar
5451848	880060	0	669743000.0	2490000000.0	usDollar
17762776	29565410	0	109400000000.0	817143000000.0	japaneseYen
29631393	3927744	0	3360000.0	2330000000.0	usDollar
4436468	4651363	0	68250000.0	1202000000.0	euro
29077321	2555713	0	1806000000.0	19995000000.0	norwegianKrone
42764197	4931479	0	712000000.0	3202793000.0	usDollar
306552	19804906	0	913000000.0	961500000.0	euro
5667454	38036967	0	224500000.0	462000000.0	usDollar
12568781	888866	0	200000000.0	574000000.0	usDollar
3140407	99689	0	809400000.0	1867400000.0	poundSterling
9420756	521884	0	25000000.0	64400000000.0	usDollar
1913937	11589545	0	1460000000.0	2490000000.0	usDollar
16554060	20563054	0	3320000000.0	32000000000.0	usDollar
6253329	8673296	0	1000000000.0	19000000000.0	usDollar
24170721	18062639	0	162829000.0	294400000.0	poundSterling
1292644	2371448	0	710500000.0	18300000000.0	usDollar
3574168	706817	0	284100000.0	1704000000.0	canadianDollar
836757	6874647	0	1344400000.0	5152200000.0	poundSterling
1924047	18935699	0	1700000000.0	3800000000.0	usDollar
31389867	1295176	0	182000000.0	7600000000.0	usDollar
3617677	680466	0	96200000.0	6900000000.0	usDollar
6239802	22863595	0	3100000.0	1025000000.0	usDollar
15823587	18305522	0	110100000.0	4035000000.0	poundSterling
1134965	1911105	0	1700000000.0	2000000000.0	usDollar
331417	2377378	0	135300000.0	6910000000.0	euro
20780709	2583092	0	284400000.0	8070000000.0	poundSterling
1115218	284006	0	7218000000.0	15500000000.0	usDollar
30961519	1239002	0	245500000.0	1051000000.0	usDollar
18059920	6942235	0	1104100000.0	1137000000.0	poundSterling
9792866	92831	0	1100000000.0	8000000000.0	usDollar
1252425	8667229	0	410600000.0	8000000000.0	usDollar
21988582	2796482	0	30007000.0	171000000.0	usDollar
10813199	14671886	0	481740000.0	1130000000.0	euro
26867506	14751	0	3600000000.0	29293000000.0	euro
9331854	7372145	0	1012000000.0	12898000000.0	euro
18517982	17957353	0	205100000.0	3500000000.0	poundSterling
15383768	14029924	0	13800000000.0	210000000000.0	usDollar
30869426	41948991	0	25600000000.0	27000000000.0	usDollar
1474541	18492159	0	343600000.0	2100000000.0	euro
13419617	231733	0	1225000000.0	9868000000.0	euro
8701481	33318839	0	2263500000.0	2460000000.0	usDollar
34259823	77549	0	4500000000.0	37773000000.0	usDollar
12298734	3428007	0	1800000000.0	4110000000.0	usDollar
2562783	1007853	0	348700000.0	2750000000.0	poundSterling
3805732	29565404	0	91000000.0	924717000000.0	japaneseYen
40749862	35584163	0	2050000000.0	23100000000.0	usDollar
7446189	915266	0	102000000.0	187900000.0	usDollar
546334	860879	0	45345000.0	350800000.0	poundSterling
13713457	20597043	0	376000000.0	2240000000.0	usDollar
976552	736821	0	1520000000.0	4350000000.0	euro
7014856	34225559	0	2137700000.0	3019000000.0	usDollar
13706713	3948726	0	400000000.0	2137000000000.0	euro
11738885	839967	0	1900000000.0	31000000000.0	usDollar
13722979	965155	0	134547000000.0	292411000000.0	japaneseYen
7030447	39165627	0	1079000.0	859000000.0	euro
24594340	1106782	0	45400000.0	1301600000.0	poundSterling
2288273	1056450	0	176000000.0	26500000000.0	usDollar
453345	3201256	0	4780000000.0	5236000000.0	usDollar
297443	924791	0	18990000000.0	44900000000.0	norwegianKrone
6052950	4196009	0	764800000.0	2076000000.0	euro
3468241	2497264	0	50000000.0	62450000000.0	usDollar
1750236	30864760	0	271000000.0	13200000000.0	usDollar
1659968	27320002	0	120000000.0	6482000000.0	poundSterling
5707265	13806300	0	327000000.0	616600000.0	poundSterling
18840493	30864833	0	2000000000.0	2500000000.0	usDollar
9731036	14671886	0	574000000.0	1130000000.0	euro
10189308	562106	0	1210000000.0	24033000000.0	usDollar
24796142	2730141	0	533000000.0	1070500000.0	poundSterling
4389966	16178268	0	9725500000.0	96000000000.0	indianRupee
12085798	2955912	0	40000000.0	80106000000.0	usDollar
13859539	83045	0	148700000.0	28729000000.0	usDollar
7477430	1199108	0	531346000.0	128440000000.0	usDollar
24349896	45710471	0	85600000.0	4300000000.0	usDollar
2846542	1118766	0	485000000.0	11200000000.0	usDollar
18893819	38091656	0	597000000.0	696600000.0	usDollar
21549243	4346627	0	665400000.0	1167000000.0	poundSterling
713412	11198220	0	446700000.0	4900000000.0	usDollar
32543560	11328964	0	5168600000.0	27000000000.0	croatianKuna
2542010	5588697	0	800000000.0	1114000000.0	swissFranc
1437556	23192775	0	51900000.0	1172000000.0	euro
32523487	8215722	0	223500000.0	3060000000.0	usDollar
1449636	21989011	0	579830000.0	957700000.0	usDollar
38036967	40379651	0	462000000.0	81741000000.0	usDollar
5793294	971316	0	150000000.0	21573000000.0	euro
33116505	1845022	0	2680000000.0	13280000000.0	usDollar
6142021	733451	0	7300000000.0	12699000000.0	usDollar
763006	1042881	0	5300000000.0	9781000000.0	usDollar
1430021	2227581	0	23344000000.0	74105000000.0	danishKrone
20540677	12189364	0	1241000000000.0	1708732000000.0	japaneseYen
1219393	4916068	0	550000000.0	5300000000.0	usDollar
27593038	585363	0	6500000000.0	1400000000000.0	japaneseYen
10554463	168632	0	14000000000.0	75630000000.0	euro
1906171	8382465	0	1174600000.0	2706000000.0	poundSterling
10320965	1434459	0	436000000.0	2480000000.0	usDollar
40744883	364531	0	26612000.0	869000000.0	euro
6680791	2885510	0	1329000000.0	7100000000.0	norwegianKrone
8779817	3109012	0	2333583000000.0	7800000000000.0	southKoreanWon
1252425	1771772	0	410600000.0	19289000000.0	usDollar
13277963	1245923	0	734000000.0	752500000.0	usDollar
3580338	1162161	0	1700000000.0	25764000000.0	usDollar
5622726	11032409	0	2900000000.0	8608000000.0	usDollar
4535734	1787290	0	23300000.0	5290400000.0	usDollar
99995	8250731	0	88280000.0	91600000.0	poundSterling
10652579	235526	0	960000000.0	17085000000.0	usDollar
355541	971316	0	3449000000.0	21573000000.0	euro
7621379	23432107	0	134600000.0	24200000000.0	usDollar
14420250	2420207	0	25000000.0	4071003000.0	usDollar
2793957	14749735	0	478600000.0	607600000.0	usDollar
1451015	284707	0	40963000.0	54035000000.0	usDollar
43286393	16721005	0	185000000.0	19700000000.0	euro
29080759	1903569	0	1049190000.0	15900000000.0	usDollar
2563149	20212550	0	100000000.0	887000000.0	euro
24017942	869081	0	279000000.0	300000000.0	usDollar
976331	788579	0	1779000000.0	14400000000.0	euro
12427250	13957064	0	2558000000.0	5401000000.0	norwegianKrone
25318950	26790496	0	5320000000.0	48701000000.0	moroccanDirham
659410	4642	0	1306800000.0	17851000000.0	poundSterling
30860739	858708	0	8823000000.0	35664000000.0	euro
12762413	1995746	0	345800000.0	536400000.0	poundSterling
5494594	1248954	0	492000000.0	13500000000.0	euro
2155730	10809681	0	830100000.0	20800000000.0	usDollar
17829761	4444882	0	174800000.0	1501000000.0	poundSterling
27800043	16366548	0	164000000.0	15200000000.0	usDollar
5793294	8601807	0	150000000.0	580820000.0	euro
3191886	17588585	0	43145000.0	3720000000.0	usDollar
29182661	62414	0	280000000.0	2536000000.0	usDollar
30961519	4967401	0	245500000.0	1800000000.0	usDollar
318855	2171074	0	1566000000.0	8630000000.0	usDollar
6433559	1340486	0	545400000.0	14500000000.0	usDollar
2840548	855623	0	119680000.0	6325000000.0	usDollar
1198383	26824	0	625240000.0	10295000000.0	usDollar
41871087	3287362	0	137200000.0	1753166000.0	usDollar
296101	4526852	0	3424000000.0	12440000000.0	usDollar
47247395	411925	0	48100000.0	902500000.0	usDollar
6947865	13959271	0	134510000.0	3262000000.0	euro
3150292	6197142	0	324000000.0	7420000000.0	usDollar
18528839	8496857	0	1996400000.0	5701000000.0	euro
19149542	3249258	0	459700000.0	9979000000.0	swissFranc
5379199	316726	0	636500000.0	3400000000.0	usDollar
34207979	20614109	0	134650000.0	12548000000.0	euro
976500	21565555	0	980700000.0	3684000000.0	euro
16352664	35224511	0	210000000.0	524300000.0	poundSterling
11361906	1778898	0	57700000.0	4687000000.0	euro
1187308	3927464	0	642400000.0	1528000000.0	poundSterling
1769437	23622221	0	808400000.0	1445000000.0	usDollar
1825923	435598	0	1900000000.0	8896000000.0	usDollar
5515353	12481374	0	50000000.0	1110000000.0	usDollar
15585991	13431673	0	184600000.0	1500000000.0	poundSterling
22613261	2537016	0	1500000.0	10160000.0	usDollar
10012664	30005	0	351000000.0	50377000000.0	euro
43593207	35709187	0	194000000.0	300000000.0	poundSterling
158222	1606450	0	6400000000.0	7700000000.0	usDollar
447830	1151005	0	94000000.0	1200000000.0	usDollar
6524372	21777522	0	12000000000.0	125680000000000.0	usDollar
3605214	293607	0	4184000000.0	7100000000.0	usDollar
4663606	499767	0	1470000000.0	16984000000.0	usDollar
2108080	4607073	0	164000000.0	400000000.0	usDollar
1597436	2582871	0	210000000.0	14600000000.0	usDollar
6631481	153425	0	152000000.0	2000000000.0	usDollar
232964	814375	0	1500000000.0	12104000000.0	usDollar
2281032	37894110	0	6754000000000.0	13000000000000.0	indonesianRupiah
12550867	3800536	0	2744000000.0	7430000000.0	usDollar
2144824	36784366	0	200000000.0	1827200000.0	poundSterling
214261	3434993	0	15962000000.0	42132000000.0	usDollar
31285673	21504571	0	85940000.0	297000000.0	euro
4365494	11028929	0	108200000.0	1130000000.0	euro
4468365	9409927	0	1200000000.0	1610000000.0	poundSterling
21565555	12002876	0	3684000000.0	7425000000.0	euro
419797	77549	0	5700000000.0	37773000000.0	usDollar
240250	358933	0	100000000.0	8930000000.0	usDollar
38643644	4519706	0	1601000000.0	5350000000.0	usDollar
35520216	12481374	0	395000000.0	1110000000.0	usDollar
16329317	49662	0	1397000000.0	6315000000.0	euro
6948286	43591321	0	405900000.0	414400000000.0	usDollar
8490793	1624440	0	57000000.0	173300000.0	usDollar
23521140	3328811	0	1400000000.0	2280000000.0	usDollar
86740	1429829	0	3306000000.0	10600000000.0	polishZoty
20935463	422571	0	132000000.0	352300000.0	usDollar
43286393	8978919	0	185000000.0	256000000.0	euro
30047284	298877	0	194700000.0	2249000000.0	usDollar
9252243	2305017	0	1911500000.0	10038000000.0	euro
7466573	3592515	0	1939000000.0	2300400000.0	usDollar
1743784	11742735	0	785400000.0	1500000000.0	usDollar
342936	3130460	0	810000000.0	935200000.0	poundSterling
326155	69155	0	3050000000.0	4100000000.0	usDollar
1597083	375466	0	13965000000.0	17223000000.0	singaporeDollar
29157295	44520516	0	36000000.0	164900000.0	kenyanShilling
1341669	19381606	0	2925000000.0	3090000000.0	usDollar
61274	21801609	0	3356000000.0	5000000000.0	usDollar
19264093	3481605	0	48900000.0	454700000.0	usDollar
19727634	1773523	0	505589000000.0	1508000000000.0	japaneseYen
7258670	20782275	0	540000000.0	980000000.0	usDollar
6948286	183050	0	405900000.0	13887000000.0	usDollar
1027852	4063166	0	99000000.0	950000000.0	usDollar
24677815	2654679	0	55000000.0	15200000000.0	poundSterling
3313298	767523	0	504500000.0	997000000.0	usDollar
8370927	25008799	0	33830000.0	1523000000.0	euro
17619332	858986	0	149551557.0	954200000.0	euro
6067767	29565472	0	10000000.0	638970000000.0	japaneseYen
29609081	28012058	0	400000000.0	3700000000.0	usDollar
18049065	649384	0	105700000.0	2857508000.0	usDollar
31478031	35737117	0	3300000.0	752900000.0	usDollar
21023891	263483	0	2000000000.0	21552000000.0	usDollar
12827212	2635449	0	427000000.0	736500000.0	usDollar
3283783	26015490	0	1345000000.0	4300000000.0	usDollar
6067767	1567678	0	10000000.0	1448000000000.0	japaneseYen
4580958	93825	0	600000000.0	13504000000.0	usDollar
1688884	978997	0	6538000000.0	24474000000.0	usDollar
31548251	900118	0	47900000000.0	645465000000.0	hungarianForint
3330354	33539656	0	40000000.0	6300000000.0	usDollar
2608552	339881	0	747723000.0	32028000000.0	usDollar
31653514	24849304	0	183426000.0	8800000000.0	poundSterling
597646	1171784	0	22275000000.0	30356000000.0	usDollar
1071548	535739	0	717000000.0	2900000000000.0	japaneseYen
2659967	12011713	0	25100000000.0	156811000000.0	japaneseYen
5862354	21348428	0	1426800000.0	1731000000.0	euro
2053009	4699757	0	1231000000.0	5880000000.0	usDollar
28411273	46508240	0	3344000.0	6500000.0	poundSterling
888317	222333	0	419500000.0	14570000000.0	usDollar
93765	3970	0	2930000000.0	11421000000.0	poundSterling
25808950	43342561	0	1160000000.0	1236000000000.0	euro
44978534	3183412	0	131670000.0	3306000000.0	usDollar
