154352	1
28027063	1
6642711	1
1511714	1
1169177	1
1969932	1
4375289	1
1355448	1
39435525	1
14919870	1
95170	1
1745270	1
232997	1
17892005	1
11986485	1
16153	1
36005748	1
332695	1
1068884	1
24693970	1
210802	1
24206520	1
2107096	1
1539714	1
1070986	1
584553	1
1853532	1
11121	1
3957482	1
3168126	1
1125669	1
9660732	1
41760410	1
2830354	1
501748	1
641068	1
983849	1
1128463	1
22751226	1
104987	1
11769129	1
43373	1
7829066	1
3287998	1
694482	1
1861338	1
5741658	1
1973249	1
326388	1
19076135	1
492207	1
7850946	1
246257	1
305136	1
2904641	1
2374940	1
9001422	1
363520	1
35124728	1
27864313	1
7724843	1
1050605	1
171936	1
15873825	1
4423254	1
3703213	1
4020042	1
653123	1
15410638	1
8000191	1
10280220	1
548669	1
4787252	1
3073081	1
703986	1
1008271	1
47174097	1
1182745	1
27508279	1
350224	1
14225385	1
149349	1
3136185	1
266137	1
40013327	1
2023774	1
499858	1
5348091	1
27896096	1
1084540	1
1283397	1
1165345	1
5626	1
193113	1
304471	1
318747	1
15671596	1
34513262	1
41219040	1
32368036	1
25215	1
16687576	1
5023832	1
383748	1
33068514	1
2706171	1
3150155	1
417660	1
2795018	1
2927534	1
2540138	1
31640069	1
16683489	1
20569964	1
7575129	1
17890278	1
66054	1
33288458	1
22791810	1
1849303	1
29051790	1
1091334	1
11015332	1
356777	1
2642141	1
23411914	1
36085697	1
663219	1
2097182	1
3271088	1
35503970	1
8584814	1
1298133	1
6880728	1
278119	1
26475181	1
75958	1
49069	1
14582334	1
3721849	1
1862160	1
42997274	1
12357165	1
186062	1
7900183	1
506350	1
21589402	1
3669631	1
23535297	1
18251498	1
39011143	1
3384239	1
2652372	1
3625126	1
2155176	1
47116873	1
1702304	1
2956315	1
39241299	1
1831130	1
3069423	1
18754517	1
2173183	1
10993397	1
760019	1
13473620	1
20086969	1
25640416	1
9933	1
7542470	1
6195	1
11190246	1
7450	1
1790054	1
3878318	1
11457111	1
2323811	1
11811148	1
2201962	1
58478	1
285542	1
4391	1
1853585	1
43483964	1
20288726	1
572831	1
15918	1
2142373	1
5619925	1
7322043	1
19048082	1
44563295	1
6838902	1
989091	1
2189689	1
25737142	1
634965	1
4389540	1
3943175	1
993430	1
2127314	1
5079149	1
2012122	1
3640108	1
2010169	1
1176015	1
2265848	1
100274	1
68110	1
21895119	1
17625369	1
871055	1
33446785	1
472597	1
359303	1
7668355	1
558219	1
993603	1
8860340	1
6118662	1
442597	1
42696552	1
7011593	1
41743045	1
326512	1
14230108	1
4446153	1
28752920	1
26418933	1
441234	1
24616808	1
3536343	1
2645110	1
32338015	1
9354727	1
596691	1
26374477	1
3768488	1
21498503	1
41121405	1
1620263	1
660333	1
2533693	1
2204744	1
495732	1
4366557	1
2364540	1
690240	1
826631	1
15398727	1
993669	1
184659	1
4913873	1
27601200	1
21434210	1
18715918	1
2023473	1
160640	1
31371	1
7089419	1
14826073	1
736233	1
25493	1
13521161	1
42434693	1
14129387	1
1851602	1
9720597	1
196318	1
23466744	1
28869194	1
12744042	1
1158886	1
11261448	1
28112414	1
322473	1
1923942	1
234731	1
7007104	1
7322382	1
49022000	1
4289831	1
769162	1
60296	1
6114952	1
211588	1
18413531	1
13204652	1
24189483	1
1712328	1
20785970	1
827154	1
2038244	1
974151	1
5085287	1
2964059	1
41080006	1
3793	1
2719694	1
7637061	1
897327	1
21830	1
23273510	1
635348	1
1215282	1
9551059	1
3471737	1
6925732	1
3135714	1
9408939	1
242476	1
34528861	1
1330220	1
5910303	1
724258	1
25677728	1
2499419	1
6264910	1
4160734	1
1642030	1
25218073	1
4822	1
31750	1
123417	1
352699	1
36492830	1
9962261	1
47296661	1
19944417	1
1365715	1
32523642	1
40703379	1
39426071	1
23655490	1
1403409	1
21581104	1
16096608	1
14802463	1
19042141	1
332730	1
11593218	1
5238958	1
1553382	1
8946663	1
45380	1
36803535	1
1624138	1
1174083	1
359614	1
18469383	1
15792354	1
883524	1
33786629	1
316183	1
223011	1
396543	1
33427572	1
151461	1
990829	1
13734892	1
52820	1
2533372	1
3229326	1
859755	1
32697	1
24352523	1
17870422	1
3783094	1
2167302	1
397608	1
1824738	1
38175296	1
14513043	1
233411	1
593	1
27110423	1
1268326	1
168554	1
23026600	1
2066612	1
11343645	1
14779725	1
9484671	1
7896554	1
901489	1
27702708	1
3640195	1
299532	1
19104569	1
19675318	1
403406	1
39196509	1
5066334	1
1112198	1
574666	1
1285686	1
785698	1
25596950	1
487870	1
15651965	1
507536	1
1038751	1
7465404	1
13369592	1
515447	1
2694167	1
22443679	1
6037917	1
197866	1
1086198	1
1030	1
319799	1
7374202	1
1398478	1
17541752	1
40309830	1
33401605	1
1349962	1
1977232	1
3495672	1
27974003	1
15593618	1
37011575	1
5999393	1
543809	1
21378277	1
2807843	1
937210	1
9306814	1
1465604	1
223419	1
1493950	1
44956	1
3063887	1
3309973	1
659697	1
39335909	1
984310	1
1975583	1
166514	1
2916938	1
164698	1
44179007	1
19305235	1
3880287	1
2194169	1
34154970	1
43717	1
504454	1
3884346	1
584547	1
952197	1
2889500	1
7084538	1
167071	1
2313750	1
1853296	1
907193	1
3140396	1
1600828	1
16543081	1
3030263	1
225615	1
4561	1
1916053	1
63752	1
229504	1
29650466	1
2039953	1
5116325	1
733795	1
355603	1
15432936	1
964258	1
15506469	1
37865847	1
24121	1
2434267	1
9632283	1
7116977	1
43867112	1
765766	1
21046702	1
5844643	1
496299	1
1205872	1
12295695	1
28993497	1
1179347	1
22463	1
40237711	1
33398373	1
213472	1
34251114	1
408663	1
1103042	1
5249831	1
3826817	1
60133	1
35809934	1
1394210	0
6867198	0
15316983	0
18461167	0
3757588	0
1035451	0
11420837	0
6236945	0
2946372	0
8929051	0
1077656	0
13465088	0
35466533	0
1252966	0
1858747	0
167240	0
2299256	0
3148693	0
40379262	0
114262	0
26536986	0
10839886	0
8232061	0
1854384	0
379263	0
4848759	0
28689911	0
2818077	0
6882267	0
9348432	0
7854161	0
1063632	0
28330067	0
2477537	0
2842681	0
16679817	0
9687957	0
443873	0
863064	0
8698208	0
4107227	0
3241090	0
632357	0
24866171	0
13677875	0
840278	0
919026	0
17181186	0
39430250	0
5639568	0
11818593	0
13984784	0
10732477	0
4414287	0
27507218	0
1142200	0
11202687	0
5385997	0
19996161	0
35613830	0
32655599	0
3737480	0
15416285	0
3880346	0
3986737	0
6715844	0
5118363	0
1822827	0
38781610	0
13716389	0
5088910	0
4374552	0
11108751	0
27747302	0
1248192	0
108920	0
38103397	0
27606567	0
3955590	0
39386825	0
27606513	0
2081700	0
1771853	0
39317582	0
2288282	0
21675927	0
16493400	0
20568	0
8788351	0
40275434	0
485360	0
494275	0
15803592	0
9761916	0
15389367	0
33487844	0
20725206	0
42386973	0
27124276	0
2430164	0
30627449	0
49397841	0
22812401	0
3540859	0
421418	0
12870321	0
1115613	0
40594783	0
7027648	0
623270	0
33535364	0
2526496	0
27340845	0
39529694	0
34902161	0
34606344	0
4161817	0
4425312	0
405504	0
6783330	0
10310134	0
1386189	0
328781	0
24084730	0
18369858	0
12763304	0
1754286	0
16485145	0
13089741	0
497729	0
2619861	0
2063680	0
30311688	0
3544420	0
22523288	0
34360715	0
9584142	0
19859685	0
457803	0
7901998	0
46961559	0
1404762	0
760545	0
34473623	0
1340356	0
12201300	0
3889081	0
16896083	0
7507662	0
1212752	0
2376486	0
973716	0
11723919	0
65837	0
31127614	0
1305702	0
374054	0
7383004	0
2914332	0
433080	0
21282781	0
44469959	0
19508292	0
3692961	0
10909214	0
876211	0
8533378	0
10721367	0
15070722	0
464472	0
12518212	0
6981906	0
17888393	0
134315	0
6917076	0
260775	0
37571613	0
2099900	0
8025639	0
31773709	0
3506165	0
3728282	0
6139649	0
1304654	0
40593318	0
6491400	0
39823396	0
128378	0
962384	0
475462	0
16481685	0
35688655	0
5738651	0
35729307	0
4695176	0
9856386	0
3465680	0
7755438	0
41615758	0
47667270	0
1864174	0
18957939	0
10193935	0
3088667	0
3909858	0
35916870	0
5675252	0
26192018	0
4921798	0
4161950	0
3400830	0
1763314	0
7190890	0
616584	0
13958977	0
5745456	0
19657642	0
10593781	0
2690603	0
10054112	0
24617355	0
23407206	0
23577107	0
47863019	0
16330019	0
14176878	0
17148831	0
5039543	0
6701737	0
7029912	0
108584	0
11449809	0
7211175	0
585728	0
115754	0
2363333	0
2874643	0
7212701	0
782875	0
22986613	0
557941	0
15399668	0
1431468	0
6098938	0
1777959	0
2295423	0
2222013	0
35186350	0
3978993	0
139868	0
3039695	0
30861469	0
10095775	0
39820687	0
1882755	0
5445055	0
11788388	0
12479996	0
26462262	0
5801715	0
1181083	0
1206490	0
24802906	0
35047086	0
2179310	0
1715805	0
121572	0
11364063	0
1258713	0
37610338	0
39902860	0
10883144	0
4822020	0
12223888	0
25794633	0
160515	0
47787278	0
34487848	0
5805889	0
39157866	0
3090913	0
23792901	0
2452299	0
8972998	0
7121312	0
13596926	0
1056476	0
46405227	0
7620655	0
3514432	0
1228448	0
37109403	0
11858177	0
664812	0
19847380	0
40468599	0
2688126	0
1578204	0
11409933	0
23648345	0
7406038	0
31705924	0
2481070	0
32402649	0
33123499	0
3333621	0
6694502	0
11595313	0
21764216	0
30200853	0
1793224	0
624953	0
6126206	0
21760618	0
2513903	0
3598968	0
2330979	0
1100182	0
31925119	0
18491757	0
1700738	0
31659461	0
27560341	0
2314695	0
35004512	0
6562280	0
16342974	0
493563	0
12127189	0
40633298	0
9606373	0
1080347	0
2736226	0
920994	0
5697264	0
29458431	0
22462400	0
20791471	0
7540238	0
13081206	0
2632117	0
116565	0
2377004	0
33193439	0
2005184	0
9050830	0
6478776	0
32183779	0
47259104	0
44887393	0
1138704	0
20321805	0
742463	0
44066182	0
3389965	0
1468357	0
3535835	0
8345366	0
3612865	0
8118421	0
4678085	0
4321715	0
2738758	0
36355931	0
30766558	0
6461168	0
41409024	0
23507054	0
2332245	0
1638115	0
29164653	0
39244668	0
1077984	0
9149984	0
137717	0
53968	0
8723574	0
12490597	0
41272003	0
3608691	0
8422996	0
7291821	0
9723292	0
3285459	0
2662009	0
140121	0
24074377	0
8124292	0
4650848	0
35754420	0
39788086	0
32955132	0
5491110	0
4343460	0
5952228	0
7330565	0
7720857	0
2575560	0
19849848	0
385764	0
1343198	0
46985163	0
32332598	0
114483	0
14121528	0
3494387	0
20492072	0
18934661	0
11975300	0
1707854	0
36645322	0
17081043	0
24979702	0
2540989	0
5886588	0
47088019	0
3739708	0
8884781	0
3526132	0
34752247	0
6116152	0
3540430	0
35336867	0
3128023	0
34101880	0
12470101	0
37982210	0
31050729	0
4204840	0
15607575	0
15329691	0
47442659	0
11290903	0
15725417	0
37800269	0
4347620	0
14072194	0
7319564	0
24530029	0
29626933	0
2004486	0
20414578	0
1226559	0
7186266	0
5871061	0
9754975	0
11601126	0
423372	0
10790200	0
12214726	0
42004377	0
36146820	0
1223496	0
40882579	0
4168617	0
13261606	0
26849765	0
11926198	0
1400975	0
9902995	0
15831093	0
33096832	0
30560677	0
3266734	0
229825	0
36759823	0
9566387	0
5721230	0
550291	0
31339310	0
3588689	0
23347835	0
30775272	0
2055444	0
5700804	0
13676952	0
2865713	0
20575983	0
8453797	0
2860967	0
6103345	0
555769	0
20281736	0
17955720	0
11836001	0
2490301	0
30684528	0
23821044	0
4723251	0
2946915	0
1995222	0
13504069	0
1991935	0
680994	0
3090141	0
18676025	0
6228776	0
2622575	0
6732652	0
22493521	0
