224696	1
303434	1
693306	1
317947	1
2616225	1
86654	1
135747	1
526562	1
1275565	1
701748	1
452912	1
4920426	1
6045602	1
166200	1
3577677	1
18025038	1
4104673	1
2612435	1
14245437	1
2190527	1
7587	1
5891558	1
185130	1
420672	1
17111440	1
2067215	1
27763	1
255377	1
1408731	1
167241	1
1078969	1
980466	1
305649	1
5378	1
13774	1
340630	1
306637	1
8720252	1
20374	1
102024	1
146103	1
48201210	1
89816	1
176851	1
3292847	1
23955286	1
265112	1
154909	1
168783	1
199793	1
3916456	1
2783123	1
67234	1
4185	1
2802847	1
582016	1
32610	1
5820	1
290809	1
3097848	1
18964	1
755875	1
16078228	1
2210	1
654688	1
43375	1
28935	1
6793312	1
507931	1
33544044	1
12101150	1
55013	1
38498	1
88585	1
149681	1
1130008	1
7998516	1
451981	1
271966	1
644233	1
93827	1
703423	1
626248	1
5791111	1
384076	1
20656228	1
5952263	1
156257	1
1392575	1
28119	1
40336	1
183315	1
800	1
438428	1
621547	1
2770109	1
92336	1
106093	1
9186994	1
4835266	1
698205	1
317633	1
1946572	1
31898279	1
24107	1
26828	1
881635	1
160760	1
3237572	1
569	1
22308	1
2083642	1
4279706	1
6736	1
299378	1
453551	1
2346621	1
374367	1
246324	1
30299619	1
73458	1
32637823	1
4336092	1
5775373	1
178755	1
54539	1
1544784	1
23637330	1
1291995	1
305742	1
159455	1
890677	1
25798975	1
153568	1
1116600	1
24983	1
23207444	1
52911	1
3881166	1
3425953	1
551774	1
774520	1
91883	1
89129	1
2265894	1
32897	1
168682	1
81918	1
654219	1
18393	1
315952	1
19052	1
217512	1
392811	1
9403159	1
30502355	1
83859	1
944645	1
1464832	1
199292	1
997963	1
216216	1
2107991	1
1967205	1
435035	1
21021	1
14284842	1
1921901	1
20836	1
25409	1
5042481	1
3246847	1
349889	1
392707	1
1705611	1
55002	1
648042	1
200734	1
54732	1
247756	1
193939	1
18449273	1
295204	1
8354382	1
2647863	1
179948	1
326867	1
101655	1
865389	1
11125639	1
31496	1
212204	1
23538713	1
10015856	1
383207	1
22719	1
37591	1
495221	1
292426	1
91327	1
3019972	1
17867	1
20185	1
31330939	1
98651	1
47106911	1
23315	1
10229	1
25525	1
21347024	1
6026144	1
432494	1
320046	1
2013763	1
199661	1
2331366	1
22780	1
231728	1
108120	1
155673	1
31783	1
135128	1
9586806	1
428336	1
2158944	1
5901046	1
1893109	1
334903	1
28861	1
191941	1
165634	1
33709	1
318779	1
22921	1
2495537	1
4502	1
55633	1
1021213	1
425804	1
245041	1
164633	1
3552840	1
1427451	1
2957071	1
26636309	1
378915	1
369596	1
29746724	1
392250	1
851112	1
17318	1
44303	1
4683805	1
1173823	1
51469	1
28632	1
174834	1
40362512	1
1101422	1
5399	1
19565741	1
2787	1
2573263	1
21378419	1
7326028	1
19088	1
1930	1
969745	1
87691	1
1054698	1
19792942	1
679759	1
9282173	1
17068	1
2329986	1
191429	1
48963	1
21120	1
231187	1
46159	1
2261655	1
2045667	1
26598633	1
102847	1
539044	1
17011	1
18831	1
1626272	1
1569519	1
79505	1
1926540	1
29238	1
54047	1
22350	1
9555	1
782760	1
67430	1
1393859	1
5042916	1
2968160	1
690643	1
266443	1
1635357	1
293133	1
54293	1
2688251	1
1704141	1
25	1
87260	1
65643	1
59556	1
401506	1
19180442	1
9251	1
65828	1
908545	1
425087	1
587618	1
4508007	1
60261	1
166141	1
56661	1
49557	1
1130877	1
51531	1
4372188	1
12608	1
153149	1
16804411	1
5279059	1
24297671	1
21756	1
193596	1
24167906	1
527385	1
4027752	1
6583	1
31744	1
87536	1
37512767	1
617191	1
280998	1
1044945	1
448609	1
197453	1
253124	1
108942	1
186729	1
239685	1
526546	1
25423	1
29631566	1
913413	1
2528006	1
318901	1
37393652	1
19283806	1
186642	1
12799	1
7626	1
508696	1
6822	1
19827221	1
2086112	1
35846416	1
160806	1
142548	1
324359	1
18957	1
1288758	1
50548	1
4066741	1
3673246	1
261859	1
18265196	1
412232	1
235869	1
21732	1
771413	1
19859	1
371869	1
2893444	1
28527434	1
3138	1
18838	1
1002066	1
94347	1
29810	1
247332	1
21989	1
575697	1
1043058	1
3968601	1
23592059	1
1261714	1
51503	1
57707	1
2437974	1
8774050	1
5633769	1
1183639	1
429681	1
846835	1
72848	1
1434174	1
652849	1
19179023	1
11679421	1
3383	1
10033359	1
3078466	1
44150564	1
19547	1
3172937	1
25821	1
1140478	1
3410	1
2120585	1
545100	1
55906	1
43069524	1
66066	1
19659367	1
1397617	1
2022524	1
300664	1
550958	1
536811	1
14535	1
91934	1
748253	1
344899	1
14937	1
404829	1
31853	1
418101	1
221923	1
29400	1
59886	1
288008	1
190835	1
365989	1
5841856	1
867664	1
852826	1
204687	1
16339	1
8398176	1
24715033	1
59294	1
1544392	1
5082805	1
102080	1
246442	1
230263	1
393446	1
758438	1
1265014	1
21354	1
1552939	1
53214	1
746054	1
405361	1
5238116	1
288674	1
14910752	1
33753647	1
15541401	1
261899	1
16761905	1
57685	1
15201	1
44275267	1
7011	1
2701037	1
11039790	1
21788706	1
247772	1
686069	1
184854	1
467899	1
44044	1
1393772	1
53551	1
23235	1
2054605	1
1219663	1
48053	1
37803	1
383854	1
2264615	1
974663	1
117407	1
240761	1
343076	1
144048	1
37438	1
14436	1
37597011	1
921121	1
11142236	0
2732253	0
9378479	0
15619833	0
4711438	0
9600342	0
4953122	0
2268272	0
7074270	0
8270671	0
1807031	0
17445381	0
1448277	0
3069631	0
10967064	0
6987871	0
30283959	0
99123	0
1955445	0
4814761	0
14054308	0
2396544	0
26980753	0
25344916	0
1127456	0
4034912	0
26467390	0
11935593	0
37271462	0
29645609	0
24816141	0
7914460	0
122415	0
9170686	0
41837218	0
4104198	0
36003554	0
2099018	0
44191232	0
5623207	0
2396729	0
2614599	0
17729657	0
178883	0
24201943	0
5213965	0
1002187	0
18180913	0
47884000	0
866720	0
9502952	0
217378	0
1496682	0
5967064	0
19555210	0
19172841	0
12907671	0
4330384	0
1625431	0
33918224	0
995149	0
26854730	0
784058	0
300274	0
2714528	0
4555463	0
1666608	0
1471842	0
7644960	0
11279152	0
20598327	0
852477	0
2614499	0
18719191	0
1221691	0
40078134	0
1017320	0
2513610	0
22037729	0
40700539	0
45345529	0
1036285	0
45599971	0
2136612	0
23793407	0
29608496	0
36172971	0
10918139	0
13694746	0
12295149	0
44292889	0
32265719	0
9294815	0
4791135	0
10953473	0
4415256	0
2174392	0
40765655	0
2897719	0
10162365	0
306908	0
39611864	0
37092557	0
14385942	0
37297343	0
31306167	0
6115490	0
259543	0
36297891	0
14186872	0
962145	0
7296945	0
3275508	0
1879567	0
802732	0
5855046	0
16697905	0
3625783	0
4706465	0
2364347	0
24720540	0
7797271	0
9776894	0
1458820	0
2501073	0
21132240	0
194112	0
47643270	0
38098713	0
27386195	0
8473322	0
630220	0
2389709	0
902225	0
38754679	0
29535413	0
28929602	0
32711170	0
39538777	0
254271	0
7711116	0
32149939	0
8930265	0
5868241	0
28798055	0
20435658	0
31470403	0
28088977	0
110686	0
38949170	0
17126946	0
6840701	0
4279372	0
43143604	0
2617521	0
1427162	0
238020	0
102410	0
48136910	0
5559179	0
13651104	0
39173082	0
10520432	0
1511396	0
24174393	0
21501497	0
33296838	0
4957332	0
36910668	0
22303606	0
5311688	0
33108378	0
18452968	0
18262656	0
3428449	0
1293194	0
307855	0
5701135	0
16686826	0
12704046	0
707152	0
34148859	0
9687817	0
16277295	0
2528309	0
1915174	0
20309786	0
2817981	0
17243106	0
897457	0
1597837	0
6507276	0
128943	0
8703525	0
23077809	0
29500902	0
15739279	0
26339303	0
23666902	0
12745588	0
38096751	0
31856391	0
9824478	0
18343428	0
6816735	0
320852	0
3031130	0
3078034	0
19270644	0
3549595	0
140541	0
690231	0
34186226	0
144358	0
13886925	0
18541564	0
2225178	0
18476451	0
2542456	0
744553	0
29024849	0
45573325	0
1489163	0
25032277	0
12087380	0
8386162	0
17178497	0
6054747	0
7159740	0
8120860	0
4420024	0
134212	0
9450273	0
1022540	0
3921823	0
3568095	0
111663	0
6574467	0
8809065	0
2402203	0
12637985	0
18137277	0
9020561	0
12416369	0
45230488	0
2183451	0
807667	0
23192903	0
7495326	0
17433076	0
2293385	0
30019678	0
2194706	0
4543974	0
28966865	0
8344943	0
7229733	0
37867621	0
38341508	0
842673	0
17581736	0
4479224	0
23439563	0
25206837	0
1493749	0
6538301	0
42181142	0
13368343	0
20796178	0
3040792	0
6345486	0
15525847	0
4515256	0
16040502	0
2112282	0
29482195	0
24908865	0
47746384	0
26176292	0
9556173	0
29433031	0
21770180	0
8230468	0
8291982	0
43864495	0
20060376	0
788925	0
296814	0
2945034	0
2610881	0
7349434	0
39843508	0
15345560	0
12083418	0
4793429	0
4873247	0
2896164	0
9668131	0
252989	0
4937414	0
5771020	0
419462	0
2448914	0
17470066	0
1004746	0
24132867	0
682586	0
2900236	0
30335664	0
7074475	0
80026	0
1243485	0
8818164	0
3524294	0
17634602	0
10415998	0
29159898	0
7158920	0
107679	0
25737538	0
18096743	0
9504440	0
2787175	0
34593309	0
4114020	0
23761938	0
18333921	0
6881031	0
39921875	0
18349273	0
2268306	0
41942031	0
1971622	0
7348830	0
24875454	0
38677786	0
3007272	0
16802116	0
8902097	0
25480573	0
803935	0
2938247	0
3091792	0
6323920	0
6780344	0
27928756	0
42249539	0
35521094	0
12562715	0
19886	0
37534165	0
12788548	0
838447	0
12206304	0
9149372	0
13447353	0
2141257	0
17656688	0
4318078	0
6646765	0
25601138	0
2974756	0
22703592	0
49502978	0
5699876	0
27567474	0
5938216	0
28056956	0
4082399	0
26515246	0
8892409	0
3093552	0
953867	0
8590103	0
1509218	0
401841	0
48139857	0
13521573	0
7022297	0
4547885	0
46692113	0
23763506	0
1039719	0
6559981	0
27649996	0
30779155	0
2972357	0
543679	0
29936924	0
13615359	0
20021933	0
35347727	0
28299316	0
2288594	0
1469394	0
251178	0
21383332	0
123746	0
27420689	0
40687171	0
2730863	0
205917	0
18529135	0
17006564	0
1266339	0
7470752	0
17198014	0
3958776	0
28344314	0
4648739	0
19438223	0
1379502	0
8667792	0
38403640	0
14565780	0
20004054	0
12814569	0
12038803	0
9425607	0
1070503	0
2392259	0
38936993	0
28763664	0
23418173	0
31778094	0
42612828	0
2118061	0
5814864	0
21093270	0
20819139	0
30759299	0
10851107	0
44034500	0
3238253	0
24591009	0
7156904	0
27944616	0
8451880	0
27895081	0
6521262	0
16250994	0
2986604	0
8562563	0
10223807	0
35369601	0
72357	0
2784937	0
6472673	0
5082918	0
1607460	0
33298603	0
16722662	0
426683	0
23206485	0
6588524	0
3164201	0
10876585	0
8890673	0
29730003	0
34885900	0
27155023	0
1720942	0
23814356	0
21353950	0
20518050	0
1603566	0
3084695	0
37969970	0
21636157	0
10192181	0
16336342	0
17455259	0
30502250	0
10821608	0
4709163	0
2592829	0
29635807	0
34147394	0
1007646	0
40363622	0
17508945	0
43498388	0
1980918	0
19962646	0
6561111	0
1599196	0
15786400	0
1715941	0
4840334	0
13906067	0
32518355	0
24375531	0
22446449	0
5432889	0
34507179	0
12770934	0
5272642	0
718355	0
2519143	0
2036639	0
