2990264	1
35277767	1
14571655	1
1230744	1
3170957	1
48290384	1
2254979	1
739562	1
94752	1
4675880	1
12819709	1
3892757	1
3475862	1
2509627	1
532832	1
2157111	1
712719	1
128544	1
2756960	1
1929054	1
20480595	1
60706	1
2598977	1
6707550	1
512810	1
22506422	1
19345255	1
4302692	1
6156073	1
5335492	1
30876605	1
5955	1
10611779	1
39361168	1
23094473	1
4642480	1
2180447	1
1062023	1
391882	1
8931454	1
1365780	1
310413	1
4188497	1
145315	1
14682909	1
6665944	1
4789521	1
5308236	1
40269045	1
735929	1
309762	1
14759518	1
6720098	1
2195258	1
500069	1
607411	1
1314873	1
259675	1
53321	1
764085	1
9556899	1
368418	1
44575	1
3488491	1
409044	1
563078	1
68763	1
1466832	1
516463	1
15080921	1
38835594	1
756466	1
503189	1
11579435	1
25895607	1
21836432	1
27867506	1
32342773	1
196726	1
669241	1
248413	1
396436	1
712117	1
12933566	1
29995303	1
44970	1
26307838	1
2074895	1
1663351	1
42045042	1
32563480	1
533346	1
21124285	1
9509975	1
362829	1
4640304	1
24592	1
35867953	1
11167	1
17936454	1
53182	1
11824176	1
3943190	1
34024890	1
100286	1
3828610	1
193854	1
983771	1
12966444	1
28288087	1
18409652	1
23005037	1
46235046	1
25842946	1
168223	1
2989328	1
33522	1
5046575	1
4146159	1
52666	1
1091156	1
1587630	1
143377	1
751063	1
3221684	1
631670	1
20409877	1
10767362	1
17717229	1
10441596	1
287203	1
7459929	1
400642	1
21612352	1
2321654	1
25668062	1
33836027	1
20673250	1
23933	1
35293049	1
1405855	1
4672585	1
2150591	1
14786020	1
9118221	1
8433932	1
41883290	1
1020255	1
1990956	1
1761	1
6257394	1
874120	1
23478791	1
2959179	1
15370282	1
736450	1
224687	1
23012081	1
1931164	1
40011313	1
543312	1
157487	1
1318903	1
5642184	1
50847	1
102915	1
11485935	1
5119376	1
53395	1
8986539	1
74228	1
239021	1
4764289	1
4624924	1
13356042	1
4447909	1
41884132	1
4367228	1
18983968	1
26649292	1
156546	1
47620	1
255129	1
756671	1
507830	1
15687705	1
4474137	1
30864784	1
7871502	1
5425273	1
1575662	1
230004	1
4405704	1
905811	1
16469899	1
65711	1
415586	1
4215168	1
30023005	1
1733159	1
47367574	1
1155481	1
369943	1
1699917	1
172019	1
508356	1
3881334	1
14813574	1
8541349	1
30535	1
20185841	1
7706777	1
98506	1
13398082	1
286841	1
18154646	1
12285431	1
1218151	1
1463918	1
174311	1
40996784	1
6584119	1
6024	1
2199805	1
3202250	1
9530159	1
194063	1
787704	1
28832041	1
122392	1
24083465	1
7791924	1
4528313	1
11594907	1
1938	1
2755606	1
10511786	1
562550	1
21134807	1
1490395	1
5561916	1
15146155	1
790347	1
128446	1
7222016	1
5326571	1
264236	1
458204	1
323633	1
345768	1
9578387	1
9225215	1
350169	1
145295	1
72573	1
5726717	1
6082865	1
1209883	1
342067	1
19376986	1
473997	1
18408838	1
3570831	1
27475762	1
10553214	1
2410271	1
26485745	1
5699440	1
29442130	1
174145	1
34124489	1
1429218	1
923257	1
482840	1
1721096	1
36885907	1
28139363	1
9006664	1
1399905	1
210133	1
3366732	1
4984960	1
3775023	1
14558686	1
8083	1
680094	1
393773	1
1025751	1
3331190	1
229658	1
1925490	1
24692879	1
32179	1
3050504	1
5612851	1
6547939	1
9885079	1
4392689	1
10277985	1
7323836	1
105897	1
24517778	1
24383253	1
11805842	1
463425	1
616880	1
32792232	1
2576558	1
3932778	1
6191748	1
34042337	1
6626419	1
3498051	1
70011	1
31935972	1
44213	1
287468	1
20644894	1
210081	1
5716885	1
2609153	1
19610857	1
2540809	1
9321609	1
7734	1
581663	1
958169	1
305560	1
1493556	1
2113235	1
27979987	1
1529754	1
1235917	1
47863199	1
215266	1
2509642	1
1342624	1
5169533	1
6269632	1
2221065	1
5719828	1
37551253	1
11674053	1
8445698	1
21227597	1
12739570	1
783466	1
972202	1
13120	1
11055100	1
1598472	1
1427932	1
15051954	1
74219	1
881560	1
7401420	1
740633	1
1481584	1
108867	1
18251484	1
18250933	1
3835926	1
44264102	1
762007	1
19671152	1
5393710	1
16322165	1
11719376	1
8530801	1
19197966	1
256527	1
2413934	1
880486	1
3079898	1
3018053	1
10872247	1
3520221	1
3587408	1
2229439	1
116699	1
26176567	1
3045754	1
7088940	1
5063356	1
6825037	1
9471632	1
92025	1
3115790	1
2666663	1
5807480	1
45297718	1
38053	1
15212284	1
29019131	1
23921203	1
12198526	1
110111	1
151674	1
2787877	1
9203671	1
639614	1
13959	1
749976	1
5970978	1
18065009	1
22886519	1
12966483	1
1504969	1
228867	1
284730	1
875903	1
2292230	1
25373394	1
28809823	1
34086030	1
214690	1
20694281	1
32895327	1
1482909	1
1665390	1
1778716	1
37242	1
19237311	1
29380904	1
11919509	1
1704684	1
31498015	1
310288	1
1286030	1
20702483	1
644602	1
322497	1
310141	1
44561734	1
5425848	1
470486	1
166611	1
851109	1
889461	1
3206120	1
5176556	1
92201	1
534468	1
275419	1
1262592	1
5094642	1
127575	1
8185030	1
17374729	1
3231295	1
9869901	1
32776731	1
1753663	1
21888	1
21430656	1
43425668	1
958129	1
8057177	1
11866632	1
6953435	1
22937227	1
464751	1
190155	1
1158786	1
764976	1
34062565	1
4853093	1
5139054	1
7654605	1
216887	1
62453	1
4243442	1
19763619	1
1660334	1
1178849	1
12726783	1
21883824	1
150201	1
19989424	1
3015414	1
2621210	1
1262636	1
32583210	1
285605	1
6626830	1
66238	1
1071538	1
361159	1
10184	1
8500292	1
26738520	1
1204568	1
6307030	1
27375999	1
9428	1
2155373	1
1098111	1
8764177	1
31376977	1
11887474	1
9369090	0
36966937	0
12719614	0
27302150	0
13234109	0
23195143	0
3401823	0
34891601	0
16195520	0
17518181	0
23714591	0
30832109	0
2235913	0
5605016	0
19877	0
1961396	0
3223621	0
22914384	0
4309882	0
1089943	0
20503425	0
3499965	0
4072567	0
1600653	0
485534	0
14026813	0
44848932	0
22704185	0
5893830	0
548122	0
31439640	0
458821	0
20907331	0
35853914	0
1349632	0
2269618	0
21677111	0
6050076	0
3107263	0
2154940	0
20308452	0
2926664	0
5641582	0
25674753	0
6971997	0
471168	0
15049408	0
29548832	0
21285278	0
10033990	0
48181542	0
204301	0
47794218	0
37165874	0
7135708	0
4274388	0
3342120	0
3973592	0
379611	0
40683172	0
3125037	0
23214719	0
13558441	0
5203228	0
350567	0
24200895	0
1574799	0
905927	0
4431086	0
1177544	0
2664924	0
19345163	0
13517528	0
759107	0
2363228	0
7337218	0
1545657	0
2099075	0
2676299	0
4653348	0
39389411	0
14357614	0
24770312	0
2445203	0
30593912	0
7589230	0
11858044	0
10388053	0
11081373	0
2819676	0
6586106	0
11556921	0
31249259	0
23370521	0
7108488	0
35841120	0
5274154	0
7496502	0
8660928	0
115041	0
635553	0
13753822	0
562443	0
39649928	0
16236225	0
5253877	0
6175359	0
11005147	0
11172542	0
154909	0
1444323	0
11381907	0
5063097	0
23332274	0
10942847	0
37211746	0
23773454	0
33959369	0
1505288	0
397253	0
2108981	0
38897274	0
1266809	0
20837215	0
6167180	0
27605164	0
80074	0
15827798	0
28920090	0
566052	0
23664358	0
16567794	0
38712649	0
6197876	0
7372093	0
40286219	0
35270083	0
2385347	0
15932433	0
26287209	0
4516911	0
5918318	0
40707607	0
21661368	0
6589671	0
7789431	0
14198938	0
33806032	0
179174	0
44377277	0
8841520	0
118073	0
12732855	0
19865512	0
10556069	0
4252872	0
5363306	0
27699184	0
26982857	0
561756	0
42303187	0
20576919	0
18781109	0
191086	0
16878573	0
2431002	0
34823752	0
12923976	0
22740902	0
10997228	0
10111158	0
41908948	0
1438514	0
591310	0
42656792	0
17249305	0
5842483	0
46457943	0
18397074	0
1846608	0
33812890	0
27120	0
3011363	0
37804689	0
7451402	0
11319352	0
24047078	0
3014952	0
4950897	0
25484340	0
15132847	0
15691763	0
24538963	0
6818	0
30026123	0
7804696	0
33228787	0
3945691	0
9272962	0
3630288	0
33109934	0
8943075	0
339008	0
27223178	0
521193	0
41326694	0
17129766	0
14513693	0
494540	0
2483812	0
1338846	0
1922142	0
36465291	0
8773908	0
20735570	0
2528572	0
3463848	0
9109023	0
30693911	0
28508634	0
18588211	0
5666547	0
2356366	0
19711809	0
23970726	0
3816674	0
24251445	0
14230640	0
15422040	0
14799869	0
3207419	0
1347306	0
8733394	0
21726512	0
49287186	0
175880	0
4322809	0
845622	0
25367889	0
25149050	0
3274740	0
9885236	0
18312443	0
4547528	0
16065076	0
2838556	0
10861449	0
34243880	0
1601453	0
5694674	0
11971545	0
42764416	0
3602062	0
2472888	0
1150072	0
27662484	0
11643112	0
8663673	0
14914759	0
27121038	0
5792580	0
7083971	0
12352725	0
2378839	0
816344	0
19714897	0
14513181	0
1362805	0
1650298	0
5215	0
91258	0
1416439	0
11403826	0
551753	0
2198141	0
26701386	0
625187	0
19007708	0
20799299	0
40295	0
31624411	0
5098197	0
295777	0
16889601	0
113801	0
32709005	0
12522706	0
22236518	0
11224782	0
1070959	0
291145	0
14714925	0
35156929	0
47864414	0
21483513	0
27596552	0
28229625	0
6669125	0
17036125	0
135748	0
5548592	0
439436	0
216970	0
6010702	0
434721	0
788195	0
13043215	0
275092	0
855313	0
15999937	0
2497445	0
31218810	0
27481459	0
7364983	0
2433	0
14331921	0
1418173	0
370551	0
2256577	0
383078	0
10025565	0
5452635	0
14523820	0
23306476	0
19331063	0
12898181	0
28769419	0
38022293	0
37745271	0
1099681	0
41008627	0
7984963	0
20443107	0
427503	0
4502629	0
24172952	0
6852665	0
12580902	0
16742095	0
42175813	0
9225061	0
990439	0
25130876	0
26340775	0
1624781	0
6224656	0
105825	0
27774447	0
4230034	0
488544	0
9135692	0
7517346	0
29215444	0
488375	0
669903	0
21443943	0
31905194	0
6340336	0
29512759	0
544566	0
35030619	0
10591039	0
14988180	0
36461922	0
1063352	0
45229262	0
11715495	0
24178610	0
12462978	0
15378739	0
23194714	0
17408432	0
3835137	0
9249751	0
7135935	0
36561681	0
32381634	0
3296462	0
4678368	0
36317802	0
25768346	0
9953845	0
22722167	0
19162947	0
39364115	0
6183576	0
1021850	0
1549507	0
1168004	0
5408662	0
11491063	0
8079889	0
39926208	0
13876965	0
40179124	0
18018182	0
537564	0
1919700	0
2003490	0
3234959	0
11591159	0
1457850	0
27589039	0
614146	0
1001191	0
180755	0
24692048	0
9435159	0
19571223	0
14897246	0
1479368	0
1240617	0
26808045	0
7537260	0
1391891	0
13554724	0
1357850	0
13102583	0
5391558	0
23460111	0
5891042	0
24749552	0
5018963	0
3351677	0
9516095	0
28953519	0
26670352	0
23754761	0
1863016	0
37097920	0
2272783	0
36842917	0
20429824	0
2568002	0
6439691	0
30259912	0
581834	0
23556656	0
5392406	0
5809650	0
33478905	0
41270905	0
9435645	0
29892378	0
526207	0
5471788	0
6570300	0
3241968	0
118035	0
461296	0
15884863	0
1476294	0
3380302	0
2678855	0
32026789	0
43108368	0
1068737	0
38332675	0
472281	0
327175	0
3611925	0
2846255	0
1498169	0
412807	0
1530366	0
8829228	0
3530305	0
5183828	0
673341	0
5793826	0
1489133	0
31553889	0
10165512	0
900532	0
9625573	0
32887322	0
17911016	0
15823231	0
10159721	0
18122130	0
16016493	0
207626	0
30280881	0
6934778	0
3254552	0
16818788	0
8999529	0
2791512	0
1166491	0
28906383	0
1136499	0
16059953	0
1577772	0
2614952	0
8217832	0
1078126	0
45708259	0
2402335	0
22242661	0
34542947	0
