641373	1
407976	1
36258894	1
6820188	1
204360	1
12104273	1
271406	1
31264237	1
2168408	1
174662	1
249758	1
40378088	1
10403542	1
443150	1
2848481	1
41074633	1
34843860	1
628293	1
21738862	1
511477	1
28372078	1
30166809	1
561722	1
36013666	1
23748305	1
3598793	1
622050	1
111980	1
15741056	1
36522276	1
8143161	1
22186891	1
308662	1
54157	1
17848089	1
2190391	1
5381673	1
984785	1
47668	1
3662739	1
94888	1
14527	1
27860785	1
13161566	1
17079493	1
594729	1
399870	1
150200	1
21492263	1
326231	1
620670	1
2814222	1
736781	1
1009773	1
123201	1
47254551	1
128540	1
6074450	1
27429071	1
4545016	1
19283982	1
2231438	1
35888211	1
7822521	1
300231	1
391951	1
18573156	1
453921	1
174650	1
29139352	1
432338	1
3085052	1
2314611	1
2233048	1
4894028	1
1497526	1
4630270	1
26068752	1
43187699	1
3531981	1
1427382	1
109460	1
8332016	1
11820603	1
40491	1
3016382	1
19255596	1
1019326	1
108009	1
16084250	1
385711	1
19797900	1
1237473	1
6756675	1
8339791	1
12908444	1
9541952	1
124439	1
4464346	1
141876	1
1042729	1
449760	1
2603115	1
1304191	1
2202086	1
667548	1
536695	1
3444194	1
26281862	1
29266	1
5517326	1
1173588	1
5974424	1
4161123	1
425759	1
37161852	1
3159008	1
4030083	1
27219609	1
1602852	1
1649703	1
7004277	1
18519288	1
136690	1
716887	1
52819	1
106850	1
52826	1
751063	1
47818667	1
124483	1
34493624	1
37432	1
26609273	1
26883853	1
149307	1
1204717	1
1954688	1
4437312	1
2996867	1
224016	1
11061413	1
19980113	1
251920	1
40878131	1
460988	1
2867544	1
20953422	1
296301	1
3944729	1
603648	1
15522170	1
1151958	1
2239524	1
13269170	1
260879	1
10230825	1
23913718	1
71107	1
12599457	1
414139	1
115341	1
23445033	1
2145451	1
12833990	1
26659959	1
4175124	1
8554178	1
123883	1
549796	1
2322269	1
6163594	1
14649055	1
1924553	1
2600044	1
47909424	1
56802	1
18570264	1
24071169	1
8757283	1
4476333	1
1020105	1
34881655	1
171409	1
426077	1
344533	1
1571964	1
1872785	1
8514592	1
40324201	1
4433338	1
4412959	1
378554	1
107677	1
17924	1
3898963	1
5701975	1
1754905	1
1218943	1
6535409	1
19058	1
3775373	1
1571488	1
458802	1
3800870	1
176135	1
32178	1
1711634	1
627289	1
35530792	1
173989	1
1698952	1
3482814	1
637852	1
5049103	1
1735070	1
22760203	1
30862556	1
2899050	1
385801	1
404787	1
3020099	1
84349	1
20940608	1
441816	1
1467631	1
519696	1
998821	1
1003529	1
2709	1
26491451	1
379161	1
115443	1
165912	1
4568656	1
868170	1
332094	1
995420	1
439057	1
1668567	1
2813660	1
867009	1
323357	1
4210268	1
2731392	1
8756529	1
29228817	1
612409	1
7202553	1
41181874	1
951540	1
1110996	1
22877693	1
1637831	1
36176091	1
3274202	1
5928640	1
8898153	1
3867284	1
39364436	1
8493396	1
784386	1
7038336	1
998231	1
989267	1
3947591	1
22121343	1
39564997	1
27941823	1
128768	1
135269	1
267328	1
650361	1
26171174	1
810368	1
1252794	1
245508	1
833868	1
422271	1
290946	1
8066477	1
4037158	1
15984880	1
32170079	1
984670	1
26680550	1
17706643	1
201410	1
896958	1
26864440	1
5767140	1
12729449	1
2547197	1
23560553	1
770037	1
37052486	1
6999399	1
1047394	1
30860949	1
21179172	1
500597	1
138161	1
5424688	1
374675	1
1864182	1
86445	1
2382554	1
4051525	1
37287265	1
1657882	1
254163	1
424271	1
107981	1
115276	1
11435844	1
259854	1
41380888	1
513558	1
5554047	1
5604369	1
25302898	1
147895	1
7327844	1
352542	1
328483	1
577897	1
5936016	1
107618	1
500492	1
40843598	1
34010837	1
736669	1
21746110	1
144777	1
2561853	1
478837	1
1354450	1
6081741	1
14726747	1
815846	1
240846	1
405967	1
14799869	1
851298	1
161851	1
21723953	1
2323738	1
17972971	1
282250	1
159627	1
3913831	1
16857	1
28203912	1
15461043	1
28263061	1
6212929	1
42511028	1
10343531	1
24005491	1
271851	1
112108	1
199363	1
347781	1
369227	1
3891614	1
3342226	1
12241595	1
424227	1
364319	1
37857	1
967645	1
1933504	1
400658	1
9215136	1
1258161	1
10106759	1
948409	1
65511	1
2592452	1
40854215	1
30849049	1
33368839	1
5162019	1
28957718	1
1698074	1
1245773	1
2668302	1
27302106	1
29687056	1
11587520	1
27283622	1
24527564	1
1356685	1
152449	1
9674475	1
5145962	1
21795020	1
1781262	1
129082	1
10732474	1
2146078	1
410446	1
5437561	1
18303407	1
104454	1
13514034	1
7526158	1
9710125	1
370049	1
692911	1
2369384	1
7706240	1
16001001	1
20137411	1
23571388	1
28666283	1
50674	1
451127	1
1099148	1
2041847	1
42219931	1
700442	1
26501585	1
4141692	1
240315	1
4156048	1
116868	1
32881756	1
17223889	1
239060	1
7014649	1
1007776	1
7301474	1
506393	1
319708	1
8609070	1
3461729	1
341810	1
240561	1
353233	1
10076017	1
3114831	1
54001	1
2663287	1
14577142	1
13590564	1
7063533	1
7841231	1
8984280	1
744258	1
17971545	1
271064	1
1578642	1
21156632	1
30152447	1
858967	1
1325737	1
21338149	1
150823	1
8467223	1
4605711	1
177421	1
3348472	1
13677807	1
147676	1
248965	1
129801	1
12481374	1
1649104	1
105942	1
1152380	1
2206318	1
306128	1
2407393	1
150206	1
45680999	1
1399393	1
269858	1
26573413	1
26649166	1
172311	1
3183576	1
35715863	1
40156713	1
23989702	1
15117224	1
410081	1
51459	1
3719005	1
797063	1
9217950	1
1737793	1
9327479	1
6068715	1
1450219	1
861285	1
3169619	1
4863003	1
24463139	1
13096817	1
14300035	0
5872480	0
12840272	0
30333197	0
4200482	0
10290247	0
1597869	0
12446034	0
46938655	0
15439625	0
14502753	0
3017047	0
2632500	0
16038482	0
41847021	0
2488357	0
11473046	0
15963557	0
39833486	0
25115811	0
7675655	0
41455919	0
1939964	0
4566411	0
31023189	0
14228125	0
135315	0
12498733	0
25613685	0
12181692	0
277812	0
9695678	0
3684847	0
18961769	0
3581616	0
3115851	0
43485895	0
1182376	0
12904051	0
4424589	0
106780	0
17738472	0
20436507	0
842966	0
16809253	0
5298163	0
34566948	0
4756633	0
32618619	0
3500680	0
9295221	0
1967894	0
23651736	0
1565716	0
2637226	0
6933814	0
890021	0
18475428	0
39368493	0
3705294	0
32355238	0
3808991	0
7313590	0
4388407	0
44495745	0
26533118	0
652512	0
15426487	0
618273	0
110495	0
1347741	0
48899257	0
6734368	0
2692822	0
3561078	0
3666116	0
9877091	0
18653953	0
14917151	0
10797636	0
1246114	0
12365926	0
45212740	0
15443133	0
4467107	0
24640403	0
1450396	0
10070407	0
21212267	0
6854330	0
12036605	0
4764246	0
46948388	0
4239807	0
44600460	0
37424686	0
982377	0
1131907	0
9494304	0
9635968	0
2260075	0
38011645	0
37544435	0
29185594	0
22497902	0
5537599	0
11064100	0
38906608	0
1119560	0
21869208	0
5074911	0
10875242	0
18360243	0
39350392	0
8098834	0
1881054	0
6809252	0
10445450	0
30206699	0
8111541	0
30176665	0
14031366	0
768322	0
19163110	0
5854625	0
15519498	0
10224007	0
403359	0
8609650	0
15439249	0
45583529	0
17161064	0
36688	0
10234496	0
26792201	0
9647570	0
2262353	0
38367829	0
25978387	0
38537599	0
402839	0
12291658	0
1079768	0
3087300	0
24165506	0
3320723	0
23586593	0
30779407	0
220565	0
39432826	0
115501	0
3848484	0
28913755	0
909966	0
29997116	0
206846	0
8330653	0
27746052	0
1307428	0
3581622	0
6346379	0
7914181	0
5371299	0
3119266	0
22703322	0
3625236	0
264501	0
18641652	0
2367984	0
36200590	0
2700636	0
6511051	0
3242861	0
893692	0
24517596	0
1999611	0
45602870	0
3768581	0
119382	0
27661865	0
37920480	0
1223992	0
4882421	0
4516471	0
36456265	0
6097452	0
5496980	0
440021	0
39358996	0
19577920	0
15982127	0
13052465	0
22357661	0
115586	0
7223301	0
252698	0
45453157	0
22328944	0
35739255	0
25958129	0
18524141	0
48104351	0
1057236	0
7451002	0
21102001	0
44142324	0
1757004	0
12538981	0
20447823	0
35058475	0
9672359	0
17916502	0
8476887	0
22176234	0
2312258	0
6304099	0
8778016	0
420820	0
36890299	0
5200704	0
10990258	0
3721033	0
13664731	0
2122657	0
259068	0
27612386	0
1501329	0
162594	0
331340	0
102092	0
31977510	0
1604915	0
6718034	0
27306572	0
9590180	0
17008735	0
422892	0
22703815	0
4278708	0
37595885	0
5928660	0
2073494	0
2767755	0
25480637	0
9160840	0
24410946	0
19280077	0
3613880	0
15735433	0
21188854	0
14248795	0
5899408	0
584188	0
2441266	0
9129242	0
2140352	0
27107657	0
1526536	0
37433771	0
13978323	0
23633940	0
15791797	0
2581397	0
25077655	0
40632912	0
16111	0
198802	0
24130928	0
21589100	0
24375223	0
16356895	0
925695	0
20348598	0
2607766	0
33974152	0
26874839	0
9873459	0
5633429	0
319014	0
3832339	0
10899856	0
43523140	0
581580	0
13131857	0
34597215	0
2233470	0
3228820	0
7647586	0
6620599	0
1900854	0
14660645	0
18953261	0
504652	0
3951818	0
4429392	0
19057542	0
20099337	0
23202535	0
32221619	0
17075354	0
5579446	0
5822764	0
15756010	0
44728082	0
4001199	0
33556737	0
2025271	0
23994708	0
39143384	0
36492668	0
701956	0
20772162	0
12294788	0
15171174	0
30844032	0
7503081	0
1009271	0
14004644	0
30311314	0
10096738	0
45710347	0
6802919	0
6967428	0
1119361	0
26623332	0
17740259	0
5636789	0
10189769	0
27327998	0
15670748	0
1870204	0
15779188	0
110746	0
26623395	0
34009644	0
38737	0
6720069	0
20242530	0
3038383	0
14479942	0
24712874	0
39967978	0
152749	0
23806996	0
108570	0
5720338	0
7296945	0
22323761	0
5177301	0
17735605	0
23045794	0
20391006	0
18970356	0
26190274	0
11822436	0
11579373	0
2901800	0
20998012	0
11950439	0
74193	0
32934091	0
13447294	0
2524301	0
21445705	0
47098356	0
15644	0
1642836	0
1887052	0
2668412	0
22766882	0
132395	0
34892193	0
9336810	0
29276472	0
22188937	0
6271273	0
41517308	0
32383636	0
28557237	0
10571741	0
48613784	0
47613934	0
3416800	0
32295750	0
16462	0
3409543	0
23748378	0
15473557	0
40627904	0
585771	0
11612629	0
34082001	0
11827597	0
3045688	0
11330593	0
2391665	0
28714683	0
965107	0
3755644	0
3892678	0
9235727	0
23716491	0
2174283	0
9788085	0
15949824	0
1519916	0
17326179	0
43362194	0
866565	0
1562587	0
18338033	0
32712570	0
16777954	0
13163170	0
2416013	0
27867092	0
26043653	0
6483240	0
43664349	0
34342016	0
4159036	0
38624358	0
25617228	0
6457921	0
97122	0
119030	0
21494821	0
13977776	0
546903	0
11161847	0
18830909	0
108572	0
20631340	0
1255803	0
8702135	0
27290768	0
4444337	0
22235550	0
24128875	0
6966308	0
218738	0
11891218	0
994045	0
36015032	0
6011506	0
19402063	0
762839	0
14476006	0
5097305	0
32505125	0
22175227	0
9703597	0
174895	0
10262367	0
825149	0
3194719	0
44152620	0
5600486	0
2917667	0
13169467	0
35067026	0
2674440	0
43334260	0
11772656	0
39233001	0
5690239	0
20980488	0
14919229	0
24140798	0
3273720	0
25358188	0
31604754	0
4025362	0
10224062	0
30863017	0
2614273	0
18304726	0
21765420	0
933689	0
11884781	0
17565481	0
23360406	0
2081560	0
39427857	0
3344431	0
9135215	0
2350679	0
5084781	0
8607340	0
48229392	0
21194766	0
205147	0
17086393	0
13020480	0
22791	0
14695058	0
30586482	0
31146532	0
6981103	0
7606570	0
