1577893	1
11485460	1
8639047	1
4146188	1
30269040	1
17289959	1
39402554	1
2263526	1
8571432	1
30548380	1
2147099	1
25311379	1
21231199	1
892127	1
563624	1
1515510	1
50333	1
29931358	1
3585538	1
4304924	1
509313	1
14886453	1
23506320	1
101359	1
872428	1
681611	1
5538283	1
3149340	1
2451323	1
27617497	1
8630735	1
13097604	1
954842	1
41944579	1
4401701	1
1693061	1
1323348	1
3430805	1
27394748	1
45884	1
8048539	1
32146412	1
12993528	1
4910568	1
2946790	1
13883894	1
1028366	1
223259	1
691956	1
36228910	1
43226626	1
369460	1
612879	1
585013	1
18831002	1
22493226	1
17826543	1
2715536	1
2427111	1
2309364	1
6717075	1
2580434	1
30872871	1
18802428	1
49417	1
3710766	1
41942688	1
693958	1
212157	1
16379700	1
26692515	1
4941588	1
389672	1
47436127	1
9963186	1
452084	1
2612546	1
1370508	1
694613	1
1401199	1
10256952	1
29729755	1
8714991	1
20239111	1
2086606	1
5519919	1
30030370	1
9712540	1
12585628	1
15144651	1
2162222	1
3831154	1
3370281	1
7436188	1
610628	1
5832666	1
33084144	1
5730659	1
41800121	1
939964	1
3103716	1
2208838	1
731540	1
18756889	1
11318428	1
94211	1
33371834	1
24528471	1
69488	1
1298502	1
11680382	1
3162836	1
603828	1
22814889	1
630814	1
26276214	1
2807755	1
48110	1
12305325	1
3742269	1
3788050	1
8057552	1
1878698	1
1574172	1
14005586	1
4859308	1
515415	1
3718685	1
896403	1
18993891	1
31275792	1
2296870	1
13994263	1
680264	1
354543	1
7974145	1
16682668	1
690809	1
570120	1
2375300	1
5287116	1
2305246	1
1276416	1
1353902	1
1944141	1
23098257	1
15601232	1
2444671	1
1176371	1
529735	1
18625318	1
3970650	1
86768	1
41384921	1
21835107	1
1514837	1
2489568	1
1016971	1
20838839	1
5807283	1
5699455	1
32508116	1
4556235	1
5769234	1
11690636	1
518715	1
1255896	1
1341891	1
701224	1
6657145	1
3453015	1
1213841	1
4417842	1
9184786	1
5607939	1
2127341	1
24653705	1
18816739	1
197241	1
525736	1
8433412	1
419247	1
24714352	1
1210960	1
352843	1
3267470	1
6300533	1
12182716	1
1497757	1
12387127	1
33298702	1
3807984	1
9874322	1
4036416	1
913284	1
1277748	1
395799	1
2847333	1
7660885	1
17109645	1
866982	1
33625091	1
710895	1
23680998	1
3135617	1
27861348	1
8419251	1
977549	1
11542332	1
30937152	1
614426	1
2413752	1
26562842	1
5479707	1
19497539	1
3666503	1
21557316	1
33828759	1
1794385	1
668869	1
39083773	1
615633	1
774571	1
1113056	1
16040290	1
1527955	1
36721624	1
3726404	1
1616483	1
2114684	1
10391232	1
17522130	1
3023225	1
15755354	1
47824265	1
1234230	1
506331	1
1767108	1
18119	1
1622320	1
874440	1
25615533	1
3032660	1
1577829	1
18902056	1
18666962	1
2079161	1
21740121	1
3264532	1
4272389	1
3203463	1
16100029	1
13292968	1
8232762	1
155166	1
25009105	1
12869177	1
2271679	1
41438115	1
14741	1
4906682	1
526599	1
435021	1
1290378	1
21039661	1
3150843	1
35615385	1
1152190	1
6061025	1
2879449	1
1090020	1
660316	1
1924703	1
32390582	1
212087	1
19254949	1
1793985	1
32070416	1
34352	1
4564845	1
10616065	1
3075367	1
4629012	1
192981	1
772901	1
13011581	1
43816186	1
27316720	1
8448026	1
19469078	1
30872402	1
22056132	1
41177375	1
489792	1
5659949	1
908636	1
1123820	1
503189	1
6431048	1
26276718	1
1705218	1
12776314	1
226619	1
2682539	1
323448	1
1433763	1
880687	1
4262840	1
7475178	1
9896170	1
33417841	1
46445121	1
709375	1
4887323	1
5723870	1
25248072	1
34907483	1
7162279	1
391011	1
7288221	1
8331258	1
1282080	1
1364376	1
2315496	1
11327243	1
761338	1
520651	1
697710	1
27538085	1
1024045	1
11865672	1
12316492	1
2653450	1
19843190	1
706471	1
15968659	1
9655805	1
32606814	1
1160830	1
18931507	1
3789919	1
1803310	1
3278506	1
8682695	1
25844515	1
1853747	1
3074028	1
913336	1
1333882	1
4295823	1
5220437	1
22990764	1
12762618	1
4562808	1
34937841	1
2708946	1
6024348	1
21448384	1
481581	1
14837932	1
1056425	1
40443544	1
4857455	1
12027839	1
3575077	1
42380392	1
4178047	1
1450787	1
895511	1
3761114	1
3234497	1
3276232	1
4550990	1
806017	1
7581619	1
38093323	1
2515590	1
2251866	1
6578805	1
14176649	1
39748	1
2574591	1
560806	1
27431584	1
37200665	1
5349626	1
8577671	1
24081840	1
36714285	1
177538	1
530567	1
203237	1
553772	1
24121730	1
15559466	1
1629271	1
307284	1
27871534	1
27868740	1
2220620	1
498890	1
6574449	1
39411962	1
5711781	1
20015523	1
21083845	1
1126804	1
954253	1
3106890	1
24491625	1
4734577	1
28279007	1
894157	1
10676573	1
27938384	1
5780111	1
404129	1
896430	1
49233728	1
18636887	1
2681102	1
5093797	1
35809999	1
168602	1
37086936	1
2618243	1
169004	1
2640372	1
4111296	1
4881921	1
1884591	1
43719	1
266119	1
36589044	1
6147031	1
811839	1
31600363	1
2525732	1
22202130	1
710786	1
7492045	1
7774962	1
18666750	1
2784468	1
990907	1
7607107	1
265811	1
7200122	1
3085657	1
47722	1
15680322	1
485273	1
897981	1
28467814	1
3845057	1
733314	1
35904384	1
11215355	1
16804883	1
37032	1
13457008	1
70510	1
18830959	1
1180135	1
650034	1
633988	1
1220249	1
1192195	1
22751937	1
42427650	1
79398	1
6301518	1
23740068	1
3302836	1
24298635	1
9356412	1
10815871	1
7296955	1
794229	1
30654508	1
12768359	1
27765303	1
11266626	1
34802102	1
29616358	1
548102	1
26910201	1
733571	1
927845	1
306735	1
41950822	1
34937987	1
1604392	1
24602	1
3489797	1
5242195	1
17606091	1
3789140	1
16886820	1
26777497	1
47611588	0
1073210	0
2641122	0
13048238	0
11118873	0
2971305	0
30876838	0
18776139	0
9049541	0
6327759	0
1110272	0
1025817	0
41905161	0
10877166	0
432042	0
470730	0
23860353	0
41237675	0
2568732	0
44888142	0
41374156	0
7310520	0
39176838	0
3422	0
34261160	0
28798468	0
8352972	0
237004	0
22142487	0
4816450	0
30626334	0
23532404	0
43383237	0
19796370	0
30884756	0
1861034	0
34430582	0
8399135	0
1528448	0
1573262	0
13280687	0
48661	0
111533	0
23219994	0
1364223	0
37886957	0
1330187	0
2988948	0
44129773	0
5806175	0
7419202	0
23151276	0
12155461	0
13383129	0
4282578	0
405589	0
2773387	0
18661043	0
115743	0
40515667	0
7675219	0
40471906	0
31681689	0
22055033	0
1435807	0
1508006	0
44113284	0
5062769	0
6573213	0
5975865	0
8638184	0
7707981	0
114692	0
12492931	0
5369617	0
37716180	0
9103875	0
41855384	0
16696582	0
16415132	0
34316596	0
2950304	0
21276196	0
1718249	0
2780589	0
3029028	0
25147385	0
5492491	0
22446177	0
8901515	0
11924800	0
23483420	0
525681	0
63857	0
3098285	0
34120844	0
37651189	0
20096423	0
35276027	0
2655534	0
5515797	0
41791333	0
1504075	0
5182888	0
17015985	0
49418695	0
22838092	0
37331866	0
17771103	0
13509653	0
29702949	0
6216269	0
36267752	0
906173	0
2384549	0
5599723	0
4476071	0
38905227	0
11153273	0
6718678	0
19169355	0
43774023	0
3507427	0
13642035	0
2731897	0
41714002	0
4193373	0
1456567	0
3999425	0
229029	0
34857505	0
43915864	0
7035776	0
10846361	0
13678422	0
47924488	0
14126654	0
10999148	0
2390331	0
35440786	0
11358863	0
3521428	0
1608159	0
34052355	0
5568582	0
2913029	0
3926741	0
4176374	0
37092512	0
1821374	0
3134643	0
464806	0
1941830	0
1108519	0
21293007	0
1978414	0
2372767	0
21105694	0
3596332	0
9913770	0
14981573	0
1539310	0
7081672	0
14422047	0
39307394	0
18689510	0
3870952	0
2772522	0
23727163	0
12854983	0
31239970	0
11419783	0
1342092	0
46516126	0
3274914	0
15653328	0
18094600	0
18746365	0
6119896	0
21771796	0
41456946	0
15347986	0
418037	0
3025527	0
5543038	0
16798227	0
4810696	0
14962529	0
7538875	0
31059854	0
2181840	0
798090	0
6841560	0
3492370	0
10170864	0
35496322	0
42943632	0
2276956	0
4534887	0
3165690	0
2618919	0
3221214	0
2081952	0
15736949	0
24931283	0
30959766	0
19785689	0
17856890	0
1588160	0
3416294	0
1905358	0
25686118	0
12630882	0
5639819	0
48304944	0
8124404	0
10528530	0
25268286	0
2199385	0
29977824	0
13086278	0
32071268	0
31305350	0
4797145	0
6243841	0
30865959	0
30516930	0
856821	0
26550807	0
32631085	0
3562493	0
4680889	0
418103	0
18402564	0
30680313	0
5700909	0
18196190	0
2816795	0
16761347	0
23389254	0
233210	0
9996257	0
19589036	0
23922500	0
18996435	0
2168281	0
2914200	0
38713843	0
38021187	0
39599865	0
19442955	0
40565211	0
18053852	0
427436	0
6574749	0
40320013	0
4932867	0
37594215	0
17473094	0
13179491	0
37546941	0
1986153	0
1741564	0
5743256	0
5348692	0
541035	0
6790169	0
104868	0
129981	0
304601	0
1597290	0
25055367	0
109990	0
1862175	0
6876145	0
43461147	0
8033608	0
11049870	0
2674196	0
24934661	0
31742680	0
38947659	0
26090635	0
2882697	0
22872933	0
1991460	0
13390048	0
2704001	0
93503	0
1766294	0
1677433	0
14450061	0
41463162	0
9643083	0
10133052	0
3725587	0
2017216	0
10504264	0
31421705	0
8199716	0
17655420	0
12884896	0
2174588	0
1513229	0
7213273	0
6479466	0
1805702	0
6072496	0
1214165	0
5958098	0
3529976	0
9682271	0
812253	0
37077965	0
13796129	0
7525618	0
42793405	0
19296019	0
18814781	0
19304682	0
404615	0
12410865	0
621732	0
9064102	0
631985	0
4239006	0
253662	0
5139124	0
9376918	0
21833668	0
27202922	0
11273733	0
48118643	0
598594	0
20464736	0
3012148	0
40879087	0
35224556	0
46269901	0
2380412	0
36595500	0
4105478	0
47116291	0
12561825	0
37019050	0
1742273	0
44415821	0
32865274	0
75107	0
1767018	0
600477	0
2822454	0
4568285	0
41620083	0
6650276	0
31133594	0
43166694	0
1695564	0
13372679	0
2118853	0
25440338	0
38898448	0
43196863	0
19494622	0
6479490	0
46882750	0
27296669	0
1457110	0
1540098	0
34053382	0
182984	0
31489927	0
182402	0
1012294	0
15026228	0
9424380	0
5805368	0
6499079	0
2043233	0
5618742	0
31894081	0
929346	0
10833059	0
1451929	0
1145562	0
25297519	0
6769949	0
19713349	0
25893973	0
5691434	0
4244399	0
6740483	0
20253918	0
7221291	0
944428	0
177268	0
15603446	0
12546778	0
206490	0
24702667	0
7629854	0
110238	0
3112105	0
4503565	0
2754368	0
13821081	0
29816352	0
3689189	0
2304809	0
25785094	0
2205202	0
3136667	0
47329921	0
27899375	0
865983	0
6649732	0
36797574	0
30301833	0
14453135	0
41154456	0
38953963	0
41623529	0
484120	0
17204485	0
20596145	0
8212063	0
334363	0
12079765	0
3397467	0
13179844	0
38909870	0
99491	0
45470911	0
21853424	0
24287268	0
25731026	0
3063603	0
297266	0
4291380	0
39352234	0
116403	0
28145227	0
8724557	0
4127800	0
1571007	0
6397902	0
48167285	0
43441373	0
4257336	0
37763795	0
1393581	0
642291	0
23416349	0
1351164	0
617074	0
15042156	0
19953801	0
18731503	0
10050108	0
21308767	0
10875589	0
37951580	0
12118539	0
909444	0
2624943	0
4440427	0
24884157	0
3319713	0
6085466	0
38430645	0
12009929	0
1287488	0
24418533	0
13628965	0
22622055	0
6415664	0
5461752	0
1359487	0
26835574	0
8557001	0
42086673	0
38253601	0
9422641	0
1655185	0
23774045	0
20615407	0
11394808	0
35310784	0
392367	0
37123062	0
15712575	0
30810976	0
16025292	0
19785902	0
1074577	0
10213903	0
5205069	0
472723	0
40613453	0
12172475	0
