22311014	1
2417798	1
296901	1
252539	1
26168975	1
7338348	1
106644	1
11255739	1
890346	1
419431	1
582488	1
497604	1
168195	1
2179793	1
129732	1
91059	1
9053935	1
1799965	1
13492439	1
136409	1
40397428	1
15054435	1
15234798	1
8424537	1
8901170	1
180251	1
848102	1
1944165	1
2027825	1
3441277	1
2420132	1
20975350	1
1507395	1
1408123	1
660966	1
38170894	1
3863943	1
692891	1
2492637	1
162901	1
2519575	1
4351248	1
10053774	1
4543602	1
3098670	1
72487	1
482992	1
131123	1
316198	1
13609419	1
4547968	1
30173710	1
625529	1
2736064	1
7450504	1
5504900	1
5705827	1
20859032	1
1574266	1
9873746	1
40290711	1
669774	1
391367	1
14358518	1
680632	1
4552643	1
5321729	1
18465507	1
3654788	1
3292907	1
684397	1
26599931	1
18247344	1
9088040	1
1493027	1
18484344	1
524268	1
28284200	1
94633	1
13099659	1
775584	1
26427878	1
23459219	1
44146281	1
38001451	1
807808	1
4562467	1
33209	1
211103	1
114918	1
25497388	1
22938282	1
1741523	1
26187970	1
644894	1
848	1
3606801	1
34192351	1
366505	1
3955373	1
21643854	1
30535	1
5360402	1
37191073	1
1392370	1
1966626	1
13213445	1
1273119	1
1352339	1
1036137	1
33673933	1
108884	1
42236561	1
5172349	1
1218903	1
20764500	1
13274	1
7946143	1
336539	1
5590336	1
1969565	1
799215	1
31325578	1
5556517	1
4430126	1
3439070	1
2422647	1
7336184	1
22477285	1
6186048	1
8229546	1
609371	1
2288300	1
231064	1
17029296	1
1139212	1
267824	1
2634503	1
2785742	1
10689461	1
10192225	1
22382654	1
2288758	1
4564845	1
25521849	1
117239	1
727696	1
3925343	1
16951374	1
2568732	1
701088	1
5551839	1
2452765	1
243594	1
1290500	1
19310804	1
3970165	1
31259461	1
1714889	1
198286	1
260032	1
1464891	1
31781288	1
4264704	1
5020303	1
227135	1
62683	1
174345	1
13394020	1
9001152	1
2383636	1
308577	1
3098497	1
26701210	1
31288448	1
6750764	1
24591984	1
4415540	1
11544479	1
6036323	1
4106799	1
111121	1
1099792	1
160804	1
5197136	1
6483262	1
12912937	1
993725	1
6252532	1
842343	1
25645075	1
4000156	1
1439139	1
13107141	1
8982284	1
300970	1
13332651	1
350337	1
11269300	1
22917295	1
17675947	1
8802744	1
39383034	1
28328933	1
11490942	1
4563468	1
36066847	1
16324394	1
4153976	1
8925686	1
2871603	1
27775100	1
115775	1
6220455	1
1327730	1
87241	1
38837739	1
23796981	1
20573409	1
1369211	1
3451707	1
744888	1
2773961	1
2985239	1
7400236	1
21684396	1
21689945	1
160792	1
13665572	1
2935561	1
24991005	1
577026	1
23273	1
24220834	1
3413334	1
460446	1
137836	1
118798	1
130063	1
4784888	1
12213053	1
2394152	1
37918250	1
37081943	1
2917932	1
15988049	1
16820270	1
415163	1
2435641	1
11771325	1
32642924	1
1417424	1
135958	1
626674	1
2238418	1
9765241	1
3424432	1
18120922	1
273862	1
11945981	1
462871	1
1589667	1
3793843	1
11290734	1
8821615	1
3213529	1
7957737	1
21092126	1
32552087	1
2087655	1
11238708	1
2412803	1
1136239	1
10252567	1
8147710	1
14231371	1
2734477	1
1992478	1
19555672	1
6156073	1
41475732	1
11690414	1
111690	1
5364709	1
209584	1
6822409	1
14363979	1
625705	1
6755623	1
17095	1
20469980	1
18805242	1
3785460	1
4484462	1
9978745	1
4353493	1
58222	1
47266803	1
374673	1
98356	1
5704809	1
12800720	1
4530019	1
138362	1
38570572	1
7999005	1
46287626	1
3011806	1
6348797	1
171675	1
25318696	1
791420	1
1307607	1
255460	1
3698254	1
34612369	1
128887	1
4449898	1
4596564	1
2086669	1
12097363	1
14790834	1
2222172	1
7392143	1
1630513	1
9247684	1
598741	1
4634227	1
4548064	1
6624377	1
42003407	1
41204248	1
37910	1
2858088	1
6636914	1
673079	1
14686795	1
592263	1
950069	1
255188	1
2357908	1
1889182	1
1407551	1
11265667	1
14161700	1
1784700	1
309146	1
14086428	1
47818667	1
2704860	1
9773664	1
23506011	1
47756384	1
5456971	1
1751319	1
2800058	1
34779206	1
11470124	1
82961	1
699280	1
57627	1
4645528	1
35610054	1
1156490	1
1133893	1
4347956	1
5322166	1
5581626	1
32190666	1
3303839	1
31593887	1
864521	1
38983061	1
551388	1
46650391	1
6259222	1
2195066	1
3205570	1
207169	1
25762316	1
7104901	1
536846	1
1183846	1
138593	1
140263	1
298804	1
2637414	1
11466981	1
7707155	1
2390331	1
73132	1
6054625	1
530840	1
32469731	1
5705914	1
7682823	1
29041904	1
2009144	1
12992431	1
2147948	1
8130483	1
1339415	1
8097454	1
21792736	1
4816685	1
295027	1
693318	1
6884596	1
1010923	1
16802563	1
19714570	1
7359814	1
643540	1
30866027	1
2033890	1
23688653	1
132316	1
16245	1
1013983	1
123939	1
10529984	1
1007746	1
15255153	1
2521076	1
6258768	1
18291488	1
1447805	1
259878	1
12177182	1
1492196	1
6583746	1
3936893	1
10356778	1
3700577	1
8639198	1
13114949	1
330454	1
9865059	1
15402549	1
486954	1
3843593	1
321110	1
4619263	1
19559479	1
48584082	1
114879	1
93050	1
1888024	1
507038	1
13181952	1
2174936	1
42073060	1
3147215	1
6767670	1
161917	1
4992540	1
127985	1
6102052	1
1265006	1
156359	1
40752480	1
1741698	1
7621738	1
2485230	1
9351880	1
7079156	1
1677106	1
3879928	1
1697141	1
12740201	1
81285	1
3407076	1
23043890	1
19892857	1
409591	1
543770	1
2564461	1
129791	1
22274701	1
27368665	1
259652	1
545518	1
3064859	1
10316835	1
23730207	1
1144079	1
5645786	1
414552	1
22948341	1
12353413	1
957326	1
316257	1
218947	1
12262979	1
142239	1
219952	1
22458587	1
28139849	1
6764345	1
12740473	1
15497475	0
3031878	0
21102590	0
20762270	0
10251944	0
11732068	0
1113778	0
9462834	0
5108069	0
32565726	0
1278165	0
13123331	0
11798150	0
108507	0
14974304	0
4750583	0
10990101	0
723061	0
18509486	0
1292252	0
10182968	0
18374652	0
6120856	0
20903058	0
6328113	0
9073982	0
13050679	0
22875034	0
28398945	0
2398407	0
15165816	0
537085	0
31503610	0
6979201	0
20070926	0
26890168	0
43149767	0
1426271	0
1422943	0
34833266	0
13366559	0
4579552	0
24102783	0
29862951	0
695436	0
25192046	0
7905620	0
18840205	0
23072369	0
3832453	0
16525468	0
3588179	0
22275330	0
42250366	0
31078858	0
13013744	0
33828385	0
15045210	0
2866386	0
19507516	0
130320	0
846862	0
44052917	0
451789	0
1813168	0
7943260	0
41474936	0
41627580	0
11340459	0
17862019	0
6165194	0
15749846	0
6608324	0
12248374	0
13185521	0
764356	0
18446823	0
755749	0
3579898	0
9349862	0
3601893	0
644255	0
16862917	0
42190006	0
3195435	0
33305654	0
22132567	0
6901265	0
763430	0
16535582	0
16810947	0
635242	0
469629	0
781931	0
27050015	0
454155	0
3122925	0
6162032	0
27637477	0
20862377	0
1637931	0
6725751	0
5146497	0
29398404	0
1984866	0
1314295	0
625796	0
6252173	0
3050617	0
23044568	0
36722229	0
13669291	0
45628888	0
16961322	0
126689	0
9099540	0
15092757	0
36811435	0
25108894	0
227989	0
6578805	0
18401746	0
12805267	0
11469494	0
11314624	0
21413741	0
2363520	0
23728675	0
3197378	0
22735715	0
6703343	0
1369582	0
1774359	0
206924	0
166964	0
27931666	0
3798785	0
12141384	0
43946725	0
12988371	0
32656355	0
2838414	0
2682203	0
7193964	0
24815867	0
3141790	0
13409076	0
23062892	0
5192430	0
18004461	0
35576489	0
2415622	0
26984596	0
5961791	0
386883	0
2927661	0
10051692	0
118568	0
1058208	0
19309615	0
16897103	0
6223409	0
44703610	0
5921625	0
47587038	0
10360119	0
11002461	0
921332	0
16031573	0
21490680	0
8673349	0
25212834	0
935232	0
1995377	0
203964	0
157925	0
9382558	0
6744666	0
946227	0
10874751	0
19211453	0
1664912	0
15599007	0
22805591	0
16952715	0
5953634	0
33581791	0
35248394	0
10171411	0
426808	0
118668	0
19200001	0
5062763	0
2244010	0
39782858	0
2311708	0
19948673	0
20703952	0
5034515	0
868006	0
29552710	0
20608633	0
6880917	0
571939	0
9658831	0
41300356	0
2023391	0
1982691	0
1619826	0
8451572	0
1835570	0
24303634	0
13022191	0
433310	0
956325	0
644263	0
31134451	0
35242645	0
15907121	0
2644771	0
30558470	0
16946425	0
26826940	0
13267108	0
29565235	0
8078273	0
20296505	0
15789415	0
38520350	0
328174	0
150265	0
204746	0
9710358	0
1222548	0
24492577	0
2628711	0
4451000	0
3302028	0
23540559	0
3027168	0
14205717	0
107849	0
3260842	0
16839328	0
23198304	0
407792	0
2606051	0
18236487	0
3168029	0
36437190	0
17699352	0
46287876	0
366712	0
13357656	0
711263	0
917655	0
126233	0
7133489	0
16720914	0
36196790	0
4852141	0
39550131	0
39199697	0
4718628	0
9422728	0
22758092	0
45242136	0
4204106	0
41294973	0
2783831	0
639499	0
27989367	0
9473770	0
3166177	0
7356709	0
24382504	0
40515010	0
29456999	0
16340699	0
15032398	0
35242346	0
23113900	0
354243	0
9436758	0
50628	0
13496705	0
3613988	0
29555072	0
362594	0
2671377	0
10965285	0
8329632	0
2126757	0
3272694	0
9559801	0
19412016	0
10440108	0
39654484	0
1850302	0
39723537	0
160426	0
30857635	0
1546725	0
7743872	0
3704169	0
23687966	0
8754418	0
4787484	0
1102790	0
19394675	0
108982	0
3417890	0
3310797	0
17764850	0
1555484	0
1039444	0
1527116	0
33425452	0
1085604	0
2081551	0
3920308	0
5938418	0
12986974	0
19211290	0
15627254	0
47184088	0
5263954	0
7789143	0
8477134	0
41259616	0
5869854	0
30771048	0
7004377	0
14186872	0
36887828	0
11336851	0
35755617	0
2233430	0
9677575	0
2092505	0
2833181	0
615958	0
5190192	0
29693738	0
8900254	0
4333293	0
521867	0
11079389	0
5867694	0
24144408	0
9450900	0
16647909	0
108663	0
41621237	0
3285255	0
42634786	0
4629167	0
2475403	0
2361946	0
872854	0
10342085	0
25665611	0
533500	0
30497220	0
12510449	0
6009073	0
23688769	0
31555193	0
4308246	0
12578978	0
32291992	0
358146	0
28617879	0
16475635	0
42892049	0
613071	0
5286409	0
382755	0
6207517	0
38256321	0
37905914	0
6344434	0
9881063	0
6043953	0
473991	0
324209	0
26851379	0
2213594	0
12440791	0
22361565	0
43482751	0
22508726	0
23069508	0
6688666	0
44692	0
2362463	0
21312845	0
43922091	0
8416743	0
5803929	0
492822	0
21867786	0
3364318	0
4593958	0
33184708	0
3629502	0
6981305	0
43771541	0
11892461	0
23389549	0
212909	0
739908	0
11415956	0
5579624	0
21020937	0
7661353	0
8067478	0
3866794	0
2200870	0
1769330	0
24601899	0
5494175	0
18599732	0
23954826	0
3515199	0
13837562	0
17926699	0
47767481	0
2601182	0
9293255	0
9346638	0
30953001	0
20799821	0
10553378	0
2156930	0
22136668	0
20189665	0
47364509	0
47871912	0
1995837	0
18477317	0
24893041	0
1179337	0
6434034	0
2244450	0
1854394	0
13927963	0
3667814	0
43945	0
9538656	0
5517205	0
685394	0
4293294	0
4867194	0
9131256	0
5239574	0
35188928	0
2644549	0
4633836	0
16177379	0
6213277	0
1186447	0
28325655	0
5893195	0
11466746	0
377853	0
991357	0
7513578	0
16368442	0
5447835	0
4709163	0
20949520	0
1211538	0
5943238	0
4321702	0
25216089	0
2694890	0
12150556	0
5073241	0
18570317	0
45374230	0
23976591	0
42449013	0
1686598	0
2403455	0
14725479	0
13147353	0
3283828	0
916832	0
1247535	0
843791	0
1870337	0
107085	0
26005259	0
12272295	0
252506	0
3063581	0
27316968	0
263961	0
30861956	0
