414457	1
39039941	1
2038615	1
9171849	1
29218327	1
113367	1
9426291	1
3818593	1
28083077	1
6724911	1
35323976	1
814411	1
245244	1
15378755	1
2990242	1
10156360	1
11438322	1
5479989	1
249414	1
21494821	1
70529	1
2413595	1
211544	1
194910	1
12812607	1
2397004	1
16689357	1
92656	1
7891439	1
6902996	1
560518	1
355072	1
1828233	1
7661225	1
21097801	1
19401586	1
4996774	1
7569380	1
521582	1
19362210	1
36585191	1
1141423	1
416569	1
2079890	1
23853329	1
2021080	1
837913	1
932007	1
2955306	1
2058854	1
634847	1
50409	1
558895	1
47836725	1
20906616	1
1038736	1
29225615	1
3240306	1
3853405	1
402712	1
7138964	1
4994417	1
1046360	1
338104	1
37987604	1
9333366	1
19015327	1
439057	1
66525	1
4994391	1
505391	1
979754	1
98356	1
628803	1
50549	1
399877	1
4752970	1
24824355	1
30974194	1
18859629	1
4928818	1
3536228	1
7198816	1
17046006	1
542556	1
6932095	1
2183637	1
20611105	1
1082727	1
1960704	1
19559133	1
2597066	1
14309303	1
23844121	1
33333319	1
9647657	1
145144	1
1514169	1
3392129	1
6838088	1
11061673	1
1886359	1
41170737	1
2585051	1
14072657	1
353649	1
15009564	1
8770810	1
2508854	1
11569227	1
787262	1
21384493	1
50157	1
21272724	1
1436547	1
3517067	1
15342625	1
2854453	1
8950775	1
20372689	1
1299299	1
22368322	1
19978600	1
157456	1
2991168	1
1291676	1
435896	1
3856617	1
22642449	1
1019633	1
20232755	1
9996	1
25982	1
5830	1
32125808	1
15466761	1
7516131	1
1219364	1
4994421	1
42877091	1
221484	1
954286	1
1949234	1
3328627	1
1579900	1
2770621	1
47375429	1
1018143	1
1514837	1
5894462	1
4098145	1
213739	1
992963	1
12828796	1
8772201	1
1398568	1
7030711	1
230014	1
1995635	1
1019463	1
1548865	1
1222251	1
6710587	1
74711	1
990422	1
102496	1
16487071	1
47302190	1
24332463	1
15006353	1
9952734	1
1617062	1
19421884	1
11400394	1
725681	1
10818981	1
4108403	1
226736	1
17651975	1
39588213	1
4994481	1
420666	1
2238232	1
17475610	1
16065544	1
382606	1
16006044	1
24143607	1
2501349	1
12268937	1
3489770	1
555589	1
6084894	1
728503	1
25405	1
4560009	1
685429	1
23096924	1
19389202	1
346628	1
448997	1
10912356	1
940600	1
8313886	1
14601636	1
1616750	1
956001	1
1633621	1
46306733	1
14887017	1
30942231	1
124172	1
1339715	1
2590330	1
34270284	1
28005809	1
39797626	1
162434	1
7154609	1
991533	1
11544474	1
535413	1
11197621	1
7635748	1
4767814	1
73594	1
202547	1
1138856	1
34699424	1
28046270	1
27858031	1
1475833	1
28033582	1
7149014	1
48414738	1
620333	1
3572726	1
9635399	1
47406264	1
4780786	1
22959617	1
620223	1
32961604	1
629422	1
4330007	1
89516	1
4994301	1
168312	1
5918292	1
29044071	1
876542	1
3184126	1
2767953	1
430779	1
646888	1
738094	1
9311988	1
6950391	1
25680218	1
433214	1
152568	1
1919737	1
3090094	1
18692014	1
765058	1
15776525	1
4007267	1
2547422	1
1361149	1
4049700	1
232879	1
9316	1
1071147	1
49302974	1
994660	1
1553326	1
18974659	1
1546236	1
13238459	1
473185	1
523751	1
19342613	1
6393222	1
1030270	1
7616566	1
1067198	1
3460781	1
14054864	1
976513	1
3082172	1
400037	1
4237895	1
289619	1
21716893	1
13804809	1
9279136	1
6112359	1
9146003	1
3049689	1
15876465	1
10130001	1
532992	1
33449762	1
3138445	1
1176798	1
47645313	1
41696239	1
145930	1
1232996	1
23142731	1
7640282	1
30862876	1
17124944	1
8422498	1
1004321	1
942677	1
305295	1
5356157	1
2749612	1
12953850	1
36980	1
1235711	1
9360092	1
2998105	1
17787771	1
2633296	1
340289	1
161431	1
839061	1
2795647	1
8022805	1
9036317	1
2528025	1
8652406	1
330662	1
8330555	1
19065186	1
22577500	1
24800817	1
9269896	1
233857	1
5082938	1
6178749	1
3570185	1
37035720	1
333778	1
285616	1
1757983	1
965616	1
33853117	1
27697389	1
3071697	1
2757927	1
25031	1
40204622	1
24602	1
5666364	1
1691345	1
2035873	1
16466206	1
760798	1
13549581	1
34609	1
60590	1
30164173	1
5710212	1
1585914	1
5654514	1
11220016	1
208772	1
2673917	1
2182477	1
28312700	1
4545708	1
9326718	1
7679729	1
11535356	1
11291109	1
376533	1
4674281	1
14949691	1
46390	1
18200711	1
6135454	1
1019369	1
48983397	1
16801365	1
214880	1
1006719	1
26586083	1
11839946	1
1472826	1
214175	1
611636	1
52819	1
1714785	1
623479	1
2935544	1
287111	1
7915542	1
7352183	1
353187	1
12993243	1
18835362	1
11470425	1
353197	1
398642	1
1228168	1
241060	1
13190129	1
6162799	1
23016415	1
2706475	1
44217246	1
2682331	1
3637202	1
277548	1
4323961	1
21265	1
29088707	1
5618327	1
2447738	1
33684	1
36521333	1
25881598	1
160898	1
262804	1
28562704	1
9096193	1
23254823	1
866146	1
11289260	1
150927	1
974132	1
3343553	1
2328460	1
2512239	1
16795919	1
416838	1
42599963	1
25145495	1
5456380	1
235309	1
1139893	1
8053569	1
2081153	1
147390	1
11560446	1
375984	1
1050145	1
458606	1
9472838	1
755486	1
4684880	1
10478885	1
2164343	1
6664297	1
15093165	1
7932564	1
1537440	1
30860498	1
150391	1
4994452	1
441906	1
953604	1
3232435	1
4290067	1
2108442	1
27634393	1
13675380	1
352476	1
5303308	1
7314830	1
4851444	1
1697375	1
17920	1
5006014	1
10359188	1
28092201	1
6943369	1
31333422	1
6372605	1
472912	1
12861903	1
7472976	1
1820041	1
70541	1
588248	1
27427586	1
9120102	1
4081091	1
34200340	1
533511	1
917540	1
1971853	1
79745	1
27911191	1
2660175	1
803614	1
6190388	1
615913	0
4195901	0
3649726	0
10820495	0
4034091	0
31156883	0
40452915	0
2839983	0
118724	0
25698607	0
29954670	0
79377	0
23508907	0
437891	0
133386	0
2082836	0
26903213	0
7915947	0
9629936	0
33185730	0
260079	0
35218065	0
139529	0
24027766	0
8246459	0
446615	0
6463737	0
3241968	0
39047903	0
3974435	0
29364878	0
7775857	0
24545461	0
3419981	0
2134450	0
42842359	0
17421524	0
3425574	0
534152	0
24501902	0
47856140	0
12302491	0
15921111	0
25758614	0
12477869	0
239708	0
6209047	0
2404571	0
41894231	0
405103	0
35575767	0
11031681	0
4276062	0
5419625	0
6827424	0
31358806	0
29722957	0
223948	0
37736920	0
3155230	0
3183672	0
43304598	0
7878846	0
2165274	0
5553401	0
49022481	0
3219530	0
16865514	0
18203743	0
6518426	0
46275348	0
25531506	0
9642630	0
5593596	0
37470335	0
41062658	0
21069243	0
1031574	0
19329135	0
19090002	0
38994779	0
2794847	0
25919040	0
5205545	0
2294686	0
8889266	0
2505914	0
193307	0
2574707	0
18272419	0
15517828	0
30485234	0
6559612	0
4462101	0
13414575	0
25055857	0
23409618	0
27323120	0
47768	0
45526054	0
27613275	0
2331349	0
58483	0
6106409	0
42331413	0
4640582	0
29359912	0
7475542	0
4901910	0
8636109	0
6996358	0
30868810	0
14464452	0
39113176	0
1141528	0
5369523	0
108300	0
1528966	0
21466479	0
46046	0
41051448	0
138435	0
966515	0
5293568	0
602143	0
20615407	0
5670657	0
25183832	0
35367010	0
1139595	0
122382	0
1472296	0
4702	0
5897332	0
145297	0
27930084	0
956166	0
9638643	0
8471528	0
2666942	0
23855331	0
23168739	0
1613245	0
30558896	0
15612138	0
408660	0
38607397	0
2241652	0
28153	0
7591203	0
6238659	0
45705882	0
24449177	0
1464381	0
2251536	0
3257584	0
2098265	0
435140	0
23076079	0
7489202	0
8289887	0
13960775	0
7377110	0
19333349	0
637198	0
38589453	0
8341599	0
5056560	0
18945148	0
1271739	0
4584331	0
30871959	0
2482436	0
28580337	0
28659890	0
354300	0
36979880	0
184068	0
12686962	0
31206824	0
8799432	0
3673882	0
7282749	0
4464212	0
6331957	0
105301	0
40070152	0
603990	0
42756400	0
27394006	0
12607486	0
17273328	0
47213054	0
49012141	0
560903	0
13059503	0
3835363	0
36055638	0
42075	0
21187500	0
24455768	0
5224211	0
1607393	0
3355336	0
16504827	0
7288778	0
34572172	0
23399939	0
6775435	0
7632405	0
14701262	0
10570925	0
1004615	0
43058156	0
1501082	0
35825817	0
21980696	0
8767638	0
5481622	0
4916177	0
9582569	0
37288610	0
11163955	0
14624790	0
40709885	0
47329906	0
26510355	0
12340210	0
4763370	0
2885926	0
12554609	0
4153813	0
1892355	0
5329930	0
245716	0
25021686	0
9247802	0
40195991	0
3261357	0
284306	0
6072035	0
474017	0
664331	0
15563157	0
425872	0
1440345	0
480712	0
26248582	0
38229742	0
26637741	0
22247302	0
481106	0
498093	0
3563476	0
31778572	0
2308719	0
6278630	0
3387947	0
34466651	0
1491166	0
657692	0
47383179	0
11189040	0
37911881	0
13452155	0
4008471	0
41257955	0
4412273	0
10123377	0
125542	0
31802285	0
1667537	0
16303047	0
15086529	0
6130405	0
2981681	0
33925712	0
18593431	0
25242504	0
1589768	0
24797922	0
26100439	0
6754816	0
47701390	0
43801564	0
28086385	0
45616930	0
5866503	0
8082411	0
44031955	0
35282075	0
37099764	0
4623840	0
14225851	0
7012739	0
4922809	0
11834742	0
31570	0
164920	0
592115	0
6470250	0
16842144	0
14468143	0
5800033	0
13561256	0
1508687	0
1636567	0
21478456	0
649077	0
385612	0
17675483	0
979332	0
7985236	0
451936	0
10081867	0
7712598	0
34204085	0
6082542	0
4218807	0
34271485	0
6551177	0
5862520	0
38917639	0
17351818	0
5877733	0
29180321	0
21327851	0
18905796	0
39488801	0
1256445	0
19176467	0
10579794	0
33687194	0
17006762	0
23834	0
16402486	0
189688	0
13540801	0
13727665	0
7627340	0
7955806	0
37318144	0
4553877	0
66485	0
118449	0
2935757	0
17712789	0
6096088	0
38658702	0
487911	0
7983281	0
11569822	0
29228707	0
2101794	0
41253944	0
2936775	0
1151624	0
23976870	0
5396880	0
10561829	0
21618832	0
2263158	0
14471138	0
7691219	0
41403283	0
38646980	0
7279589	0
2492221	0
457913	0
32824623	0
8218	0
22556302	0
23034276	0
12192482	0
17280272	0
1037882	0
37682149	0
34391839	0
40141118	0
156907	0
3525134	0
26544956	0
2175391	0
33038830	0
8869947	0
33529058	0
31416	0
5644099	0
23681651	0
8235666	0
10576641	0
24658501	0
134489	0
661863	0
106609	0
21695823	0
1228251	0
9124464	0
440679	0
989242	0
31643142	0
4257525	0
139547	0
22279550	0
21398324	0
26013373	0
15313423	0
659323	0
7329035	0
3884335	0
1467641	0
2299648	0
5358714	0
5612689	0
12451098	0
16609394	0
5570769	0
13100149	0
36280774	0
2442885	0
392585	0
1504901	0
25258302	0
20178966	0
1091563	0
447997	0
20906484	0
13920825	0
2358272	0
8648791	0
38995408	0
847293	0
6738909	0
80683	0
20241886	0
129508	0
18494453	0
6753688	0
1371321	0
6201083	0
569966	0
4300349	0
21631297	0
3518103	0
35849607	0
193975	0
38399800	0
18733577	0
22219355	0
21174782	0
10400973	0
273420	0
40883334	0
573913	0
873877	0
3785858	0
36705281	0
39787742	0
6709414	0
41731741	0
15020102	0
2979208	0
31454973	0
7937828	0
12526058	0
42868218	0
14600060	0
22568570	0
18364314	0
14437514	0
1801795	0
1692279	0
823006	0
45501441	0
5725469	0
12672403	0
3020441	0
6826032	0
24938629	0
8477134	0
15464412	0
5535560	0
25298123	0
15876666	0
4685680	0
37196243	0
414610	0
1638961	0
8000806	0
1816978	0
34891531	0
3242884	0
23018358	0
38325520	0
4523056	0
5487635	0
2170556	0
8895020	0
5316258	0
295777	0
