17524184	1
242119	1
22126870	1
4097141	1
49562	1
11510641	1
299717	1
37731732	1
1156685	1
56647	1
1381142	1
6154656	1
18355910	1
518691	1
14305413	1
250589	1
59617	1
120164	1
2420251	1
29498	1
10074872	1
10874685	1
1235862	1
402874	1
23887624	1
1710657	1
203180	1
1017719	1
3460665	1
4005561	1
65319	1
301689	1
6111516	1
3389222	1
11791791	1
4069496	1
1282198	1
1656381	1
4831380	1
6251	1
31816265	1
719152	1
1658256	1
1770472	1
8015452	1
9483	1
8302	1
240122	1
8034298	1
457426	1
21312956	1
3469337	1
10828599	1
1988802	1
64213	1
767561	1
93933	1
8524796	1
4279040	1
27427757	1
6742415	1
228615	1
1208175	1
4539191	1
11790498	1
3361492	1
505982	1
24441524	1
2099769	1
255341	1
4668519	1
3178217	1
9472	1
158177	1
27160357	1
300825	1
79448	1
34271303	1
2626157	1
7322982	1
2493448	1
107942	1
4433197	1
12608310	1
32659	1
1246044	1
41282183	1
986695	1
23069200	1
137067	1
20878009	1
1519979	1
13805278	1
1396270	1
23588208	1
2286521	1
249234	1
589217	1
707762	1
19116230	1
33549355	1
18168622	1
17901673	1
727568	1
330749	1
4967089	1
663596	1
32524	1
1592602	1
353358	1
367356	1
6936904	1
131882	1
95185	1
1263801	1
791665	1
153636	1
717757	1
10473025	1
2965737	1
44309	1
1574918	1
21114	1
11145134	1
3387627	1
58547	1
967844	1
432254	1
2988657	1
25198689	1
34286	1
554717	1
256762	1
17621239	1
274242	1
32818721	1
1116195	1
250092	1
4892468	1
231223	1
7727619	1
20513780	1
11954502	1
3694342	1
17909239	1
619922	1
4872677	1
5602439	1
399953	1
35108650	1
3470119	1
4791385	1
57985	1
26417	1
108353	1
29647279	1
2500449	1
2606556	1
2080195	1
15299554	1
307805	1
336806	1
726737	1
965005	1
930163	1
2274541	1
18945005	1
1683649	1
3793286	1
319158	1
654237	1
3921634	1
1126516	1
23577303	1
3131552	1
1204490	1
12272873	1
1267459	1
21387574	1
672245	1
1198088	1
1218943	1
20277187	1
5271058	1
16336	1
1772648	1
4455360	1
4303563	1
8135516	1
397340	1
53228	1
11296591	1
5584555	1
3863446	1
116921	1
10541613	1
462817	1
41936350	1
886974	1
286853	1
292708	1
4824664	1
406327	1
7397035	1
14153737	1
13807931	1
1487091	1
18947902	1
10111	1
157447	1
277894	1
15135187	1
49064	1
23790789	1
2858036	1
1851167	1
44283041	1
430901	1
8987812	1
1077330	1
2343789	1
4767357	1
23339	1
202559	1
16657252	1
747213	1
12823794	1
151539	1
33825	1
2162953	1
171133	1
91515	1
8304267	1
5075444	1
1703492	1
28114311	1
662445	1
1113952	1
28646525	1
17911449	1
25393986	1
16435183	1
325856	1
2784872	1
727597	1
2478615	1
2495882	1
15366091	1
31322120	1
3373139	1
8721296	1
1845010	1
110275	1
412287	1
692168	1
38274	1
614034	1
9954901	1
2321	1
9352821	1
5131829	1
14394087	1
152546	1
21463614	1
2653450	1
13413584	1
6366321	1
1172332	1
5480406	1
27948927	1
4740914	1
285107	1
188618	1
8631858	1
3945691	1
324004	1
145006	1
252322	1
23803	1
581057	1
9072636	1
16942	1
17545145	1
30864109	1
27717240	1
1064183	1
163639	1
14655338	1
17095233	1
330274	1
179109	1
2783555	1
485748	1
3995039	1
33180093	1
8078760	1
567924	1
3698726	1
409617	1
202639	1
102720	1
3612874	1
28831284	1
2999779	1
17707555	1
110556	1
323256	1
157529	1
177552	1
2336689	1
741973	1
1895717	1
25679	1
24716242	1
13120827	1
38355740	1
11997136	1
17219544	1
1706204	1
704657	1
118024	1
23297697	1
296234	1
23496227	1
24224101	1
18283045	1
18717981	1
563180	1
77332	1
3277757	1
1647415	1
716942	1
12756427	1
20757108	1
13965973	1
5983221	1
22122	1
3068236	1
25715108	1
27875	1
339837	1
20869112	1
11978489	1
709755	1
3205411	1
61914	1
5603032	1
743103	1
2909732	1
613876	1
24334185	1
5362352	1
4498459	1
354122	1
4679663	1
370471	1
4670679	1
2642588	1
31816052	1
4086460	1
44435752	1
666270	1
357827	1
20050592	1
9259751	1
286363	1
10372031	1
27288513	1
48738	1
17643622	1
2299491	1
101217	1
66243	1
5570808	1
415357	1
8339142	1
365193	1
74335	1
5399518	1
18717611	1
7001744	1
529762	1
1221065	1
1235671	1
8206306	1
32196809	1
1436544	1
1049118	1
40628233	1
33737138	1
2574687	1
29231753	1
6998260	1
1242032	1
199832	1
17524943	1
12741084	1
545025	1
75839	1
460543	1
1175842	1
18424708	1
7595849	1
45710	1
25641580	1
4743966	1
21543759	1
16210408	1
1690744	1
2576882	1
66401	1
523198	1
5454781	1
89530	1
5433616	1
2809901	1
330536	1
234337	1
6951991	1
1072195	1
1235948	1
50709	1
25133520	1
12627202	1
814728	1
29853538	1
25102	1
438343	1
115707	1
824718	1
904005	1
632862	1
807041	1
48621041	1
184771	1
3754006	1
2792708	1
63375	1
306217	1
9241188	1
4036037	1
14139394	1
3438974	1
1297615	1
379716	1
38866333	1
1231450	1
8990834	1
306085	1
4479722	1
815225	1
32412797	1
622763	1
1583955	1
6593490	1
29272398	1
1622864	1
307637	1
29964696	1
3137516	1
4625143	1
2171547	1
907833	1
2305205	1
1525408	1
60508	1
5644540	1
201537	1
5704624	1
10438479	1
11921564	1
611262	1
41423279	1
5556904	1
12098784	1
561510	1
11427	1
41962	1
809515	1
11598824	1
15290398	1
2396703	1
14622346	1
30909608	1
1003278	1
8091	1
1972218	1
53210	1
2321072	1
857633	1
2271641	1
669241	1
964691	1
95855	1
14260044	1
11137955	1
673633	1
17666858	1
3191514	1
4112291	1
765384	0
8368294	0
122100	0
1653043	0
11531424	0
13652206	0
5546174	0
1908702	0
25383476	0
10878388	0
12825552	0
3616770	0
24347289	0
8320817	0
1544088	0
24319139	0
1769591	0
108159	0
122688	0
1312653	0
11943475	0
560254	0
15113774	0
27906701	0
371915	0
25668071	0
40353317	0
18098489	0
4960833	0
20764738	0
123305	0
8919161	0
380522	0
28648800	0
6880917	0
20513873	0
28301159	0
5514193	0
10428723	0
15770239	0
2403197	0
5898598	0
47880351	0
9347746	0
14670160	0
375195	0
32998560	0
33753536	0
13734892	0
15475697	0
11993430	0
36087663	0
2189791	0
3400898	0
27341296	0
6717874	0
2786050	0
34379511	0
12430450	0
2560106	0
3602993	0
40093192	0
8543777	0
4233	0
5015	0
27413813	0
43009747	0
221632	0
5283941	0
2901770	0
2804212	0
13037480	0
10952377	0
15584298	0
1163095	0
4595898	0
690701	0
36475329	0
22232248	0
41808598	0
4271752	0
11075140	0
46087483	0
28761357	0
21252522	0
394464	0
10948353	0
18436995	0
27601521	0
737872	0
5550765	0
12012747	0
28500935	0
3181950	0
28032485	0
3857607	0
735974	0
5634359	0
11393466	0
2391409	0
25677893	0
18152469	0
5169834	0
13795751	0
259668	0
158240	0
1737563	0
2459739	0
24586995	0
27130908	0
168406	0
12706563	0
26386797	0
2314313	0
16353800	0
115992	0
31387133	0
19321522	0
3352081	0
23400652	0
69292	0
34779206	0
10171447	0
1955053	0
2616391	0
15151893	0
807381	0
47529617	0
36234609	0
1742688	0
7680952	0
31061272	0
7420756	0
4714532	0
14628573	0
25472600	0
195267	0
4741752	0
22184164	0
1322817	0
2390548	0
889198	0
2011429	0
97682	0
8998211	0
125374	0
17823887	0
7368763	0
8966714	0
16367027	0
36394842	0
15254635	0
5835517	0
30954342	0
3482634	0
23147895	0
25485619	0
1729179	0
21877692	0
18036980	0
5108214	0
129744	0
5743987	0
4374845	0
790377	0
1426611	0
29399868	0
4191432	0
6826300	0
47807890	0
20554536	0
19542448	0
41774507	0
41970600	0
20005640	0
34283183	0
174504	0
1975888	0
11873567	0
405556	0
655155	0
6249890	0
42009049	0
27745200	0
78879	0
6081768	0
47281222	0
32963740	0
20297140	0
28855	0
3305029	0
35987567	0
18892307	0
3876532	0
19982058	0
46997561	0
3445579	0
5640372	0
1443859	0
475758	0
12714852	0
7040742	0
14676677	0
17387607	0
2227632	0
952231	0
26627006	0
18083106	0
6600607	0
464182	0
46937498	0
47456091	0
6078321	0
6776699	0
403307	0
198138	0
7395157	0
522829	0
31961348	0
216101	0
9674171	0
24918631	0
20669908	0
12249447	0
12524266	0
327454	0
29618103	0
16737303	0
4432565	0
1634693	0
9766536	0
23620193	0
906343	0
39135656	0
31531525	0
33398239	0
3051503	0
7756209	0
660648	0
24068873	0
1698778	0
21734542	0
3540858	0
6717540	0
71870	0
11838500	0
23220191	0
11517797	0
30777251	0
4367566	0
39528851	0
7686095	0
34396188	0
6529302	0
36031017	0
1021708	0
5845838	0
8595105	0
1544788	0
5436273	0
18534909	0
118599	0
5504256	0
12776952	0
2180447	0
2744172	0
19235701	0
3729889	0
32720388	0
33074023	0
1524068	0
18680457	0
27536552	0
8574543	0
22095743	0
17354473	0
9513717	0
7692829	0
29678421	0
9317696	0
35761171	0
31931212	0
12513940	0
1821938	0
24503675	0
42564139	0
23157851	0
7437933	0
34851792	0
3521448	0
24648303	0
1840285	0
2296439	0
36198406	0
7721668	0
16817001	0
310586	0
3440451	0
556175	0
30961553	0
10864611	0
19893511	0
20231309	0
31362783	0
3426261	0
3643019	0
6469252	0
258756	0
10467	0
2503603	0
1585612	0
9285648	0
4207487	0
2406642	0
5098008	0
13005755	0
11934220	0
135891	0
29172875	0
5306178	0
1191588	0
16872918	0
12679281	0
4860689	0
4494823	0
39448280	0
20393287	0
24424239	0
3979359	0
111748	0
3004793	0
3124712	0
40229047	0
12260762	0
29291203	0
46624337	0
46843452	0
732611	0
989096	0
8950962	0
40621075	0
7336478	0
2984553	0
21921300	0
39204	0
2095459	0
9624017	0
6680362	0
2590660	0
21354644	0
4562240	0
4417437	0
34752	0
22434448	0
18511263	0
31021783	0
26119463	0
1470230	0
15880495	0
6238575	0
40790276	0
35790369	0
3102137	0
129542	0
13743931	0
3709081	0
112586	0
8601228	0
2092916	0
34520866	0
275377	0
15367122	0
4470357	0
15921837	0
4253077	0
25045707	0
8400669	0
7614432	0
974338	0
39177665	0
42168907	0
6307827	0
43755872	0
7449627	0
13584200	0
512487	0
28887766	0
16684748	0
29710722	0
1236406	0
5700414	0
7249438	0
12921851	0
10041390	0
539728	0
24594202	0
4611278	0
22697824	0
7323239	0
7032041	0
10196046	0
567506	0
17308611	0
5573326	0
4733977	0
5861804	0
48974098	0
29621356	0
29805795	0
20130489	0
38201947	0
28735930	0
1205979	0
32960806	0
4208353	0
13005518	0
224279	0
47729378	0
1603777	0
3604398	0
26502324	0
33585702	0
11996138	0
10255729	0
28309930	0
20961001	0
233099	0
44444688	0
24058143	0
1945628	0
1425523	0
4249610	0
17567102	0
206813	0
24550396	0
37399476	0
25335142	0
116303	0
32924423	0
14983535	0
395595	0
11822357	0
7958413	0
5765603	0
1832478	0
565948	0
2882027	0
5815413	0
14222613	0
28078483	0
23953851	0
27620743	0
23574442	0
390863	0
118662	0
1766735	0
189132	0
8697196	0
3444670	0
6773472	0
7322382	0
4329971	0
24064236	0
47996579	0
3197639	0
8518739	0
4784502	0
3493438	0
1303349	0
12212493	0
95580	0
1627940	0
1227576	0
5794197	0
3001446	0
4013194	0
15163321	0
40613453	0
730640	0
48883140	0
1255019	0
20530083	0
26555293	0
2965466	0
6551892	0
6823504	0
4351958	0
4364694	0
47227419	0
32700826	0
1981926	0
153569	0
111804	0
126148	0
37800959	0
6182659	0
455392	0
108227	0
9759113	0
29536515	0
