4100920	3850402	0
39133688	7052986	0
22160668	5237704	1
367924	723665	1
31829123	23511262	0
47738123	1092923	1
1395183	1253223	0
7825152	10074168	0
586051	19204897	0
23495643	14872708	0
37092615	856	1
18457155	25764	1
11435293	9305220	1
1424312	1762657	1
3247432	21011166	0
922497	4831623	0
34693053	1895077	1
9294815	430266	1
6065111	7687392	0
7849310	37561559	0
942346	501627	1
52763	15543961	0
5774471	2582871	0
638452	453218	1
413102	177421	1
1980010	32744350	1
3186540	308590	1
4962690	33070533	0
25995645	383976	0
2830250	2642277	0
1493781	453218	0
5946402	8701481	0
547616	31505	1
39215505	1195007	1
969852	969870	1
7607152	939263	1
8066525	8351308	0
12393503	19552931	0
5939773	42168155	0
6817827	3698375	1
1444947	5422	1
14089195	723737	1
4040731	219411	0
2147024	231554	1
8668714	35511175	0
11283085	22363956	1
1125528	16462490	1
32476426	17219544	0
31670783	2971950	0
586051	586051	1
7633054	21449082	0
2046795	141435	1
11243260	19382052	0
4174429	853157	1
17935516	2162166	1
34267968	48088429	0
30740464	7211083	0
18977	6898030	0
851696	288589	1
312015	19001	1
27751579	288589	1
3771732	300208	1
2724439	4993442	1
2146652	30144393	0
172800	8568711	0
23943242	3730254	0
977061	1904612	0
6391579	3515271	0
2039991	45205094	1
1817029	5267387	1
617655	177421	0
58382	7612875	1
5687096	715778	0
31200920	628404	0
904840	807056	0
44251501	14484540	0
10659591	2185099	0
24924465	6456987	0
901696	1678904	0
36627257	671617	1
2802967	31505	1
10988060	8060626	0
1437668	1165380	1
34666277	42777866	0
36627257	39269530	0
18696364	723682	1
40197700	38574584	0
15265989	1233360	0
43143801	2266524	0
27721863	28003259	0
20671750	1628239	1
27509463	39830388	1
25419642	1283692	1
6081785	516645	1
4208925	9435185	0
5080685	162126	0
21175057	634370	0
3599196	3424776	0
36647230	699773	1
1197941	2654830	0
1846625	1004375	1
25839580	38056	0
4496727	5141828	1
22992426	20999384	0
459250	1043642	1
10322	18344153	0
24924465	797249	1
1047196	13583151	0
34732646	12043223	1
1922111	3508844	0
34666277	12869641	1
38053070	12043223	0
177953	32087	1
45146	87367	1
10176539	1688664	1
45576061	948396	1
21154446	2702063	1
2590398	31602324	0
502020	23044797	1
12604896	8850204	0
8124104	1650809	0
11243260	1336	1
28744675	11382094	0
22497692	1929662	0
1645556	40379651	1
4946259	1116340	1
876353	1255677	0
11150982	7703028	0
45063760	9075370	0
28808209	41346485	1
11090262	28013	0
7796377	16187287	0
6457710	3128849	1
177953	11329355	0
6600638	52814	1
2141741	595323	0
502020	1574482	0
17987485	34466651	0
453331	12898517	0
39479457	10099060	0
9484231	9212773	0
4962690	1375173	1
14264241	27798575	0
208996	19001	1
5086371	288589	1
2152262	4106539	0
1784922	527368	1
2043233	23766623	0
5997786	8258801	0
4224835	2442334	0
18443867	1634947	0
12866681	20305066	1
323725	3306061	0
724012	169350	1
12393503	4830490	1
28059907	52842	1
169658	38299	1
9442758	25764	1
13326000	48757755	0
31086601	17386118	0
20189521	1681430	1
10902417	357893	1
30736670	21169782	0
28080018	10535945	1
436015	33912724	1
1026897	2830908	0
12542799	45507805	0
4081273	2934675	1
5809432	21568774	0
3543406	308590	1
2476884	5422	1
3760799	864220	1
5765740	17905918	0
39184456	19418723	0
3305317	14124747	1
28080018	1444512	0
7633054	1673941	1
1637448	1910313	1
3185777	3094695	0
3543406	30600028	0
35658944	3140213	0
4786997	14441063	0
1286441	5256490	0
1310032	1649162	1
6125707	17475025	1
11021407	338740	1
7896554	2934675	1
1047196	3206132	1
2476884	6062086	0
2994995	13799476	1
12580284	5045619	1
1637448	6724984	0
47086	856	1
18457155	2703574	0
2262245	1387902	1
5545041	44627614	1
12184312	21673753	1
5604756	288589	1
3787693	38341794	0
26339233	659333	0
22297017	9560369	1
18977	3110	1
4905353	21053301	1
22027971	19760187	1
1426564	40271312	0
22871537	40965587	0
16235434	12595126	1
14731020	1624645	1
18366471	16759965	0
4174938	285146	0
6182500	28222625	1
40915989	7529378	1
11626077	14617	1
2147024	2831038	0
21897525	4296413	1
17447188	6093131	0
920512	293023	1
29854030	8024910	0
2146652	693454	1
967361	1195007	0
1412244	26800	1
1564641	2840356	0
38940254	1717396	1
12666670	28093290	0
1026897	5422	1
26201247	166849	1
1823191	5045822	0
904840	556621	1
8453474	13534227	0
5517617	31505	1
10550623	4997965	1
5997786	1624645	1
1865407	10927345	0
21226029	431176	1
10927708	1648616	0
2708006	10584374	0
323725	22591	1
1887427	8736410	0
11625077	24132917	0
16734664	288589	1
363695	10454365	1
5067243	6030932	0
13793751	18932575	1
45063760	45001238	1
920512	7536032	0
8325745	366024	0
2533539	16044417	1
1378871	16784061	0
10550623	39267567	0
5687096	4409866	1
43392853	47037970	0
8067052	31406531	0
3907487	5687040	0
14089195	12954496	0
20153592	1129627	1
5517617	4682479	0
23887624	5727785	0
1437668	26173331	0
1393711	13437633	0
11021407	13615359	0
27721863	956109	1
1320860	1355188	1
511730	21155835	0
27486424	25184834	0
48933627	288589	1
5448555	20701171	0
25143203	19001	1
33499215	24137968	1
23227809	2910073	1
2994995	664331	0
31978361	17468177	1
43961325	25357418	0
18443867	707844	1
18140807	1688664	0
1799593	10533034	0
2533539	28977211	0
27715743	9339341	0
4586517	36338773	1
16975517	4347203	0
8716363	58032	1
52763	28355	1
1493781	1311825	1
27751579	13589659	0
8716363	44261865	0
5630045	5272934	1
742259	49066902	0
7796377	143382	1
22992426	1336	1
19105989	516136	0
32770280	11271100	0
34040115	22470620	0
14925033	10481704	0
31552031	634370	1
35472319	28222625	1
3907487	5697878	1
41576393	1025398	1
24442189	1835411	0
34937365	6699810	1
2386949	11888135	0
1038167	38341794	1
4905353	26966274	0
1197941	1955	1
22975991	37550399	0
5656738	58222	0
4511393	380007	1
17987485	6062201	1
3950433	10012664	0
32693629	6870165	0
23016115	32877699	1
36268255	1628239	0
4496727	14670799	0
3185777	4164593	1
21692140	13534227	1
23849866	8102206	0
2063880	20287434	0
2590398	4459351	1
21154446	2969270	0
157105	1085448	1
41345164	8126421	0
10512032	31923	1
10693078	1167763	1
37531003	21049	1
37047259	18048407	0
7160474	485577	1
14925033	1991448	1
3404241	21936925	0
27984780	10748195	1
4946259	2409419	0
2669691	430266	1
4764199	3128849	0
1025819	24975769	0
12604896	15526	1
18905668	1237195	0
3588315	9624036	0
20102331	19452995	0
18360054	33128721	1
7210261	275549	1
39610095	3428030	1
42737216	18933448	1
16975517	17341962	1
33499215	149959	0
41713667	30222538	1
17612463	2828026	1
16266878	1336	1
4039609	28680468	1
1341689	4990507	0
6081785	3388372	0
5508892	8024910	1
39832432	11542548	0
2866956	1750547	1
13191813	16044417	1
14345690	226939	1
635841	14347934	0
5630045	290752	0
940401	4459351	1
6994441	35722328	0
44373565	44638871	1
31985500	38797222	1
422516	30791821	0
2613737	2613583	1
12866681	2193308	0
157105	15197445	0
7292693	1856234	0
23184087	9522062	1
635841	2198230	1
762950	3018349	0
10930739	46623317	0
1523285	17416342	1
39660346	6253732	0
25143203	20149429	0
153432	37409717	0
18360054	15688415	0
3374953	29417595	0
28471887	5267387	0
19577205	5263403	1
4089754	8574796	0
13326000	856	1
8993439	26980	1
36042408	5866302	1
6145034	18993153	0
27871672	24545984	0
5939773	288589	1
2987591	1737464	1
4744750	24877562	0
37092615	5516478	0
27509463	2783352	0
12549564	5436233	1
5991876	1955570	0
37531003	2702553	0
23887624	149959	1
4817796	7293508	1
7974266	420561	0
13337023	1092923	1
2196712	21492800	1
22497692	5263403	1
6718782	6733392	0
31565174	20305346	0
34040115	1336	1
106178	57493	1
9491675	10704733	1
8763932	38212511	1
46525041	42571129	0
2613737	3655515	0
12323	275549	1
3142563	4367039	0
1751154	14788	1
8102882	6070244	0
638452	21753812	0
22744280	1345535	1
41576393	4653366	0
447357	46548547	0
2405719	9004714	0
39660346	2592719	1
4081273	1628239	0
5782414	9069467	0
29006007	7778216	1
1657434	10047127	1
11473046	1355188	0
7210261	252750	0
6763494	7612875	0
1846625	25990956	0
3977538	262933	1
46525041	2162166	1
3652578	35722328	1
7160474	9972886	0
6082373	1345535	0
37223168	418159	1
30872824	9849907	0
15321529	288589	1
36705518	1283692	0
20556944	4319671	0
31287167	14441063	1
3374953	288589	1
34349919	34358797	1
20102331	7246809	1
2203966	19001	1
48933627	22133986	0
46313839	44627614	0
2601262	2972681	0
6817827	2764870	0
31086601	3698375	1
22085222	17416342	1
30507095	1904612	1
1799593	452856	1
31200920	14089329	1
476361	28013	1
166204	19001	1
1424312	22534321	0
23227809	2261514	0
12866681	20305346	1
3172466	34223528	0
2043233	300208	1
22085222	864023	0
2039991	42916883	0
23040993	1981353	1
9269516	7529378	0
447357	6235107	1
1474294	37234969	0
1320860	1908150	0
31670783	9700851	1
30518782	42635160	0
6873724	6461124	0
7308423	93258	0
4764199	6368683	1
8066525	308590	1
38940254	19428460	0
35472319	16306095	0
408567	3791032	0
32670994	648232	0
1310032	650229	0
16385032	7246809	1
43223749	2851600	1
2294250	36383953	1
7452962	19001	1
31973657	4271771	1
3095708	787873	0
5337479	11334251	0
251212	546334	1
11500785	1387944	1
1341689	289724	1
27984780	23377126	0
24442189	7246809	1
11500785	43267854	0
18905668	6947502	1
34267968	398283	1
32784185	22256121	0
3491415	4580219	0
35180555	25184834	1
6866397	1059776	0
1865407	662289	1
20153592	6486053	0
5979001	1195007	1
10927708	8839363	1
3977538	7014856	0
1261600	41620638	0
37146311	411700	1
4067832	1270655	0
3896689	2910073	1
2479157	5045926	0
35963232	8285746	0
1125528	26284297	0
27715743	2162166	1
6065111	308590	1
39721583	28093290	1
2724439	284758	0
4339411	3428030	1
2046795	32098498	0
13888160	1721496	1
5086371	9560369	0
443873	4794905	1
35471943	41758301	1
8102882	37394812	1
30736670	39059613	1
17698784	43973782	0
1399686	23373699	1
35471943	11626140	0
10579863	2979056	1
2708006	1061539	1
43722670	12204780	0
26720865	32343598	1
28443547	1092923	1
30518782	210868	1
1870598	5654167	0
1313021	34402133	0
6125707	1921274	0
3217705	5422	1
1409254	5697878	0
2001282	1619074	1
8124104	22702322	1
2140603	33437485	0
44012033	2630897	0
4174938	13223589	1
298349	149959	0
3609374	1955570	1
3404241	1387944	1
21113	38056	1
17649209	36338773	0
19840001	1991448	1
1120214	1516127	1
1523285	2863460	0
27169354	37550399	1
6273255	10748195	0
2185099	2185099	1
1513683	2540678	0
32693629	2162166	1
40197700	10839777	1
1823191	604123	1
18440503	15468271	0
39184456	4421440	1
744152	7211083	1
9442758	13779573	0
4791600	870373	0
1784922	1018967	0
5302493	1549290	1
1120214	78212	0
37223168	19787406	0
984290	12760160	1
46881932	5431342	0
876512	1355188	1
5648401	308590	1
436015	30121857	0
4744750	376631	1
5795167	501627	0
1100885	5163480	0
36867905	17553949	0
1566175	1092923	1
34937365	4507850	0
4068088	231554	1
1566175	12639	0
298349	434274	1
6479961	2234	1
24158686	265323	0
18366471	21053301	1
5765740	3684820	1
1258356	5014436	0
5809432	1439333	1
6597364	3759578	0
1351932	939263	0
43223749	1222902	0
2001282	92210	0
29636200	1221174	0
6479961	21963569	0
10988060	19001	1
2386949	382489	1
19840001	4755193	0
4439439	14124747	0
5574930	5422	1
3095708	1140799	1
851696	1756545	0
31978361	22196176	0
166204	39954643	0
1197941	40181153	0
5773034	1880010	1
34180296	9254445	0
1197941	1336	1
26453001	159527	0
44012033	31096095	1
1025819	5422	1
3217705	15351200	0
2942310	5681501	0
7154488	2863460	1
3599196	5422	1
2400228	856	1
4675243	2767237	0
13793751	1330531	0
1100885	12641300	1
31659275	18618509	0
41345164	4355941	1
7028360	3850402	1
10693078	6840822	0
37960557	3602779	0
12197018	30007882	1
4224835	32057016	1
1106271	15149062	0
36989968	17199982	0
2830250	288589	1
19577205	46844385	0
10927178	41346485	0
4246120	1596262	1
7292693	288589	1
43392853	1895077	1
7439689	24178123	1
39610095	14846009	0
984290	10938388	0
36989968	37259730	1
1137904	31445979	0
18696364	8181684	0
1780174	14788	1
45576061	1930234	0
8067052	262933	1
11435293	12202486	0
113193	1281454	1
9113961	2266232	1
3703448	1144327	1
4740065	1345535	1
1049037	3684820	1
39133688	8696160	1
19105989	1037251	1
2578297	21390362	0
3172466	1880010	1
42333244	1327710	1
1922111	36839827	1
3169845	2476068	0
29006007	7757316	0
6597364	17864686	1
6391579	1311825	1
24378483	36231990	1
4068897	292614	1
5067243	1461751	1
106178	7022082	0
24549836	10839777	1
47086	958263	0
11150982	4271771	1
6328266	28222625	1
153448	1886111	0
44299461	21723953	0
5335043	5420822	0
31664400	26916824	1
26453001	306304	1
490528	2613583	0
1657434	228215	0
20556944	43283728	1
1378871	380007	1
320482	16462490	1
2370556	4794905	0
12008803	7031082	1
9000696	9069467	1
3303027	8209250	0
3247432	3247548	1
511730	856	1
33313518	17553949	1
1332120	11628989	0
903751	1919041	0
1329168	856	1
3351983	43486714	0
39201008	10099060	1
4456386	6481401	1
20997521	11600163	1
37146311	12300807	0
172800	275549	1
2063880	1025398	1
3142563	251716	1
6200658	999137	0
215467	21197	1
36042408	22453336	0
1137904	398283	1
1230332	21223357	0
14264241	26386	1
5335043	315590	1
320482	8119928	0
762950	40379651	1
31495436	1721496	0
169658	2826234	0
32770280	41067925	1
4208925	21251822	1
15727974	265323	1
6006516	498922	1
6273255	5444828	1
1214676	44286183	0
2987591	17196821	0
3186540	2952581	0
5979001	1717454	0
3491415	1955	1
47154989	9624036	1
35365068	1945783	0
13337023	7133111	0
1277259	8172160	0
2669691	40040343	0
39470126	10704733	0
188572	6481401	1
5337479	1384396	1
11626077	16289346	0
9089339	1904612	1
8763932	3775954	0
24111479	38368	0
22297017	43247794	0
46994455	210868	1
2201266	6384699	0
4456386	18063054	0
15321529	36018876	0
3809465	33822	1
2196712	21609991	0
4817796	8842875	0
5604756	2640796	0
2942310	143382	1
4740065	18575211	0
16385032	1100936	0
10322	611139	1
1230332	222186	1
43961325	1545273	1
1870598	52814	1
9484231	3254928	1
11283085	39184269	0
724012	18930370	0
12197018	19504101	0
6866397	610070	1
11931850	2224234	1
922497	177110	1
6113270	31923	0
46997453	19807398	1
1275121	4207058	0
153448	308590	1
40484482	11899580	0
14731020	1658660	0
34180296	1895077	1
24194878	10454365	0
21226029	34527078	0
20932769	1327710	0
1474294	288589	1
32670994	48093	1
14345690	17359324	0
12008803	5774982	0
26049587	659333	1
2960935	9849907	1
246953	87367	0
23943242	1439333	1
1257892	1195007	1
46997453	30054	0
742259	288589	1
22717208	20305346	1
2802967	735427	0
5005115	5612299	1
4339411	11801525	0
22257159	36231990	0
367924	2028205	0
2921033	288589	1
1780174	22042583	0
2140603	17990	1
43722670	9492540	1
5306077	20140267	0
3139098	153992	0
14664331	13396820	1
15842171	5612299	0
5574930	4353622	0
5774471	2565136	1
1887427	13079529	1
6182500	18926012	0
969852	1094276	0
1564641	4226939	1
8325745	288589	1
4153478	58222	1
5302493	18977134	0
12580284	7554772	0
1444947	43973420	0
23849866	1891208	1
28059907	32309267	0
7896554	11857	0
34693053	2434320	0
8351619	5798296	1
11258796	27765443	1
8668714	2162166	1
2489061	5347488	0
422516	5422	1
2343774	8494041	1
12549564	18998750	0
1409254	436930	1
1275121	604123	1
739182	300208	1
5448555	28222625	1
1393711	16462490	1
24549836	8647559	0
14961692	2702063	1
14664331	13009435	0
24238490	7921892	0
4068897	1426378	0
1789064	1269914	0
818031	27634925	1
3809465	12574898	0
7849310	13928808	1
2203966	1252017	0
46881932	3684820	1
23040993	669930	0
47770289	5237704	0
8286705	20388383	0
16734664	1860912	0
4511393	7323185	0
25734053	23249371	1
3703448	208921	0
6200658	288589	1
38574078	21418254	1
547616	15654175	0
1214676	376883	1
7974266	798792	1
8993439	12293466	0
6600638	22664195	0
35658944	2910073	1
25415094	43016816	1
6873724	17275567	1
3760799	2344421	0
8351619	15876465	0
42005412	2540678	1
31985500	4674014	0
21897525	47836828	0
491663	885126	0
1412244	680366	0
2921033	13224140	0
82418	153992	1
1389448	1043642	0
25734053	252579	0
38574078	3134434	0
30507095	2081126	0
24238490	5422	1
30865826	1596262	0
37047259	22702322	1
113193	2333594	0
9113961	22970374	0
2262245	14158594	0
47738123	914	0
3950433	31561963	1
1426564	3294065	1
13037861	30222538	0
3303027	939263	1
38763779	595323	1
25096802	2380968	0
28744675	210868	1
17447188	2828026	1
43093898	33527838	0
12184312	793910	0
18797225	383976	1
25415094	16698240	0
1106271	13929314	1
23016115	25466575	0
7308423	4309781	1
3771732	35337880	0
25096802	1101705	1
208996	16238820	0
6707496	4690065	1
6145034	853157	1
11931850	5455570	0
1277259	2667443	1
41766219	3791032	1
10930739	2198230	1
490528	262792	1
32900870	2266524	1
1286441	16462490	1
36647230	27591221	0
1049037	9932044	0
14750631	19760187	0
6718782	168724	1
7154488	1898371	0
10902417	2905235	0
6328266	1974508	0
188572	22008311	0
44373565	5622587	0
6707496	1785080	0
11625077	14617	1
1645556	294908	0
4067832	231554	1
2343774	2926664	0
8286705	6093963	1
35963232	9212885	1
12221586	4226213	0
11258796	6451723	0
1751154	36334783	0
34349919	40977476	0
5648401	8044011	0
44585566	2233757	1
27668546	48271139	1
23184087	12541643	0
2518086	15468271	1
28443547	31914700	0
27668546	4247261	0
7503041	2910073	0
5080685	1483696	1
1545347	2110167	1
9294815	23700322	0
13442084	2233757	0
32476426	2475450	1
20297478	14484540	1
31829123	318413	1
2405719	52814	1
12323	15731157	0
6457710	18381019	0
26201247	625812	0
915255	870373	1
1545347	290752	0
312015	912578	0
32784185	2162166	1
2201266	5422	1
1332120	586485	1
1789064	33822	1
2479157	38145	1
27871672	604123	1
876353	18941364	1
17935516	7410531	0
704136	5864002	1
13191813	2757451	0
15265989	288589	1
5946402	5422	1
39215505	3061932	0
6006516	1966027	0
39832432	8880989	1
7889918	21697188	1
2601262	17990	1
1258356	293615	1
10124844	1221174	1
617655	11899580	1
37960557	210868	1
44299461	1276543	1
3169845	292755	1
2294250	25496298	0
4174429	403887	0
215467	9019429	0
31973657	10783298	0
4039609	36451156	0
7825152	1422612	1
43093898	16823743	1
453331	1336	1
12542799	4271771	1
12221586	1372745	1
901696	26773101	1
5653035	4106539	1
153432	308590	1
1329168	11235352	0
5773034	9893851	0
230250	11600163	0
17817893	1919041	1
1620025	2767237	1
7452962	10166171	0
5517502	1172192	0
46994455	8203303	0
5517502	1880010	1
40965587	40965587	1
2400228	37695557	0
24111479	886383	1
1313021	288589	1
4383739	14872708	1
4040731	198684	1
35365068	47924791	1
30040329	4459351	0
5306077	5422	1
1395183	26773101	1
3351983	2270401	1
2866956	23175180	0
177953	26916824	0
1756910	32343598	0
491663	391379	1
2578297	161537	1
1399686	39725654	0
16266878	22671764	0
14961692	29378661	0
2489061	1264982	1
42737216	1053288	0
704136	22397221	0
10579863	2585006	0
7439689	1697924	0
22717208	12797493	0
739182	584841	0
1261600	24944387	1
2810570	1681430	0
1980010	25889203	0
16235434	48202470	0
1549210	546334	0
4068088	2841918	0
30210476	27634925	0
17612463	44460474	0
7889918	42748043	0
3546081	8574796	1
323710	18618509	1
17698784	275549	1
