2643929	1
588775	1
11318356	1
493242	1
2352838	1
1832202	1
1776818	1
7142058	1
10622408	1
20459929	1
2122426	1
20539071	1
2584407	1
2281588	1
9510	1
551047	1
409222	1
22765888	1
14137056	1
7266972	1
1650701	1
1472136	1
1267247	1
15986069	1
11013196	1
16502331	1
17738949	1
1617529	1
481654	1
14139394	1
1304989	1
30743742	1
5619696	1
244126	1
690875	1
10464631	1
824791	1
2697879	1
780416	1
2919542	1
33470818	1
25498783	1
968257	1
725686	1
10251364	1
3575664	1
8304515	1
1423934	1
21587124	1
1887889	1
477682	1
6965220	1
176416	1
944329	1
3892161	1
13007679	1
4067218	1
1875877	1
745308	1
2557959	1
454616	1
174922	1
9877552	1
9953062	1
37886672	1
1058278	1
4684988	1
4941926	1
15601372	1
151786	1
975355	1
975524	1
118366	1
2133236	1
2869175	1
2577985	1
838406	1
4381221	1
8844211	1
5338147	1
14672295	1
839579	1
269826	1
29463383	1
5851765	1
34230247	1
3151817	1
149569	1
554778	1
11670565	1
19523893	1
11843506	1
615958	1
1120249	1
2420966	1
4132910	1
1224902	1
4432682	1
1359792	1
2546448	1
4342097	1
3431094	1
4509636	1
402052	1
4959157	1
2098733	1
152851	1
122363	1
3781880	1
930757	1
28309	1
2593279	1
3226886	1
1521199	1
1539665	1
1922914	1
7250631	1
6844573	1
24053103	1
1234558	1
486882	1
159349	1
4381199	1
1544423	1
22237162	1
10712365	1
376883	1
291880	1
5037599	1
1584727	1
2911472	1
10700938	1
3215197	1
100285	1
7461407	1
178802	1
19563384	1
352525	1
4462407	1
22177843	1
203081	1
8346677	1
238737	1
3756347	1
590131	1
3259501	1
8049327	1
698662	1
9784258	1
19766330	1
1409614	1
11019809	1
12098912	1
1114561	1
1773832	1
818242	1
3235632	1
528877	1
5096063	1
957280	1
8496683	1
164359	1
3774506	1
14548703	1
6161679	1
773446	1
11066164	1
15408176	1
1169417	1
22603910	1
155572	1
1072970	1
34860636	1
2113431	1
10838173	1
8652947	1
2464424	1
13769744	1
8888020	1
39976386	1
9280811	1
9814807	1
2795749	1
3700293	1
24506291	1
6206543	1
14339714	1
2266591	1
25755231	1
16757836	1
2043170	1
52780	1
711614	1
3014843	1
2396724	1
5464321	1
515068	1
8970390	1
18197266	1
2698546	1
30169566	1
8105061	1
18175500	1
143174	1
15893557	1
3969572	1
45530828	1
1122897	1
2845346	1
9817096	1
3573758	1
5537599	1
159489	1
3271376	1
174139	1
2182698	1
13981266	1
23726	1
1110161	1
706566	1
12620	1
20782064	1
273420	1
18205103	1
7338320	1
9754366	1
2415802	1
184152	1
1012403	1
966095	1
6229475	1
327169	1
6102749	1
22551484	1
5862931	1
18366633	1
12561866	1
565372	1
1235493	1
6693468	1
2092226	1
12037619	1
8191277	1
19753121	1
5002249	1
12727637	1
6071392	1
2387728	1
945326	1
446556	1
45531061	1
48001071	1
4914069	1
3215359	1
1941415	1
13909994	1
4951037	1
5597827	1
21733606	1
264175	1
937063	1
179950	1
17332816	1
1132395	1
4747633	1
5033	1
14693669	1
17992023	1
956618	1
10464932	1
18642659	1
2798877	1
16131337	1
835175	1
6755071	1
1950928	1
8018330	1
8403138	1
18193436	1
11999940	1
2249590	1
8562563	1
609576	1
5500214	1
962954	1
38859823	1
1726430	1
18302942	1
7663739	1
1209637	1
102896	1
902539	1
9421924	1
13692303	1
9053982	1
15763838	1
425867	1
3651191	1
516019	1
28525070	1
1291995	1
42664366	1
31072175	1
2595496	1
532353	1
20234003	1
5193670	1
5674956	1
19544037	1
56708	1
992582	1
7334740	1
655583	1
9806473	1
6365880	1
1003061	1
23127944	1
290399	1
1729026	1
5847679	1
1733334	1
3618289	1
609582	1
5159729	1
1738973	1
33350151	1
2285079	1
9807462	1
4947228	1
14382020	1
40136821	1
6535752	1
9735424	1
1003071	1
1847719	1
41576162	1
32370353	1
3878521	1
725671	1
515132	1
15097424	1
18711912	1
12667252	1
10539458	1
20302732	1
5174451	1
1792760	1
2606709	1
5209032	1
14920960	1
1284266	1
22364440	1
28254345	1
3763437	1
5537988	1
577595	1
88401	1
1735520	1
726134	1
5364241	1
30874470	1
149225	1
108240	1
23987535	1
2372841	1
487998	1
35543589	1
36555256	1
47780808	1
4551228	1
7923672	1
21205877	1
29426778	1
3862989	1
20381396	1
1472757	1
3333210	1
16176828	1
2872703	1
2709482	1
1019711	1
870413	1
1530914	1
300306	1
4674859	1
7518981	1
1640935	1
1124051	1
16119046	1
169594	1
196393	1
43767348	1
6123843	1
264178	1
4279513	1
3414087	1
1368914	1
1566906	1
4980868	1
4195118	1
197019	1
174599	1
10204793	1
30858957	1
207953	1
2139925	1
10200934	1
3403879	1
962680	1
969106	1
2220934	1
1954688	1
247401	1
3983153	1
5833166	1
3562651	1
1410072	1
8057163	1
30607063	1
1042222	1
889858	1
6231032	1
1575033	1
845146	1
4249544	1
3425044	1
8807126	1
6266308	1
617216	1
12783559	1
2105783	1
8502867	1
6381027	1
13411949	1
265217	1
40030428	1
5381635	1
1225316	1
154044	1
8028415	1
185202	1
21591082	1
775013	1
4932781	1
23225313	1
23069935	1
188533	1
1296578	1
19106533	1
30872487	1
2796025	1
5739489	1
363043	1
3384967	1
23402964	1
25813905	1
685957	1
3321315	1
23893058	1
26496842	1
4826169	1
25565874	1
1919754	1
2518362	1
648966	1
1573809	1
10198419	1
5107633	1
5903611	1
9967063	1
23592968	1
6630673	1
2534555	1
12030929	1
22283388	1
22540047	1
14117436	1
7831977	1
1260566	1
15040364	1
42010	1
174383	1
16177017	1
167787	1
28505464	1
29103636	1
314873	1
10526722	1
5022195	1
2476980	1
277925	1
3540594	1
4544	1
11039968	1
36257420	1
14677187	1
24654661	1
34903788	1
9039	1
3052814	1
130540	0
38130675	0
3694562	0
2688554	0
11435114	0
8224103	0
1189907	0
10329622	0
18804650	0
21712532	0
25362202	0
44748233	0
6956736	0
26138411	0
19494219	0
894748	0
21677653	0
10903920	0
36891934	0
151299	0
21847976	0
40313604	0
28606344	0
17144990	0
34779456	0
35294118	0
2468542	0
13011904	0
42835959	0
14106119	0
7527000	0
3258978	0
15931755	0
3584534	0
41658215	0
3895242	0
6575259	0
15016187	0
365525	0
8101947	0
2081065	0
20618853	0
18387271	0
23427853	0
383411	0
8812593	0
7475583	0
2278099	0
15396921	0
25209152	0
17685356	0
33161086	0
328240	0
2932288	0
9912775	0
342743	0
86913	0
8083000	0
6080542	0
4444688	0
3573340	0
4550501	0
6733680	0
5876234	0
9274053	0
3035702	0
24749590	0
2840396	0
19180141	0
28680931	0
12331655	0
5641693	0
4211374	0
38650571	0
27317847	0
3591504	0
2014766	0
5940868	0
153708	0
6612137	0
4174267	0
24516418	0
2029241	0
31988364	0
20420606	0
1578223	0
7226703	0
12868546	0
369366	0
3571116	0
29717925	0
3693300	0
213059	0
3196646	0
3475262	0
15389976	0
10561151	0
2460374	0
21384217	0
18334333	0
841342	0
8167170	0
34946990	0
507411	0
13765390	0
37828893	0
16791063	0
12676677	0
5646101	0
23795526	0
6253399	0
3252247	0
19738146	0
9311273	0
36661457	0
8819499	0
3115744	0
3102398	0
33112	0
27336643	0
5706842	0
14555551	0
6440529	0
25440588	0
39963356	0
28800001	0
3694298	0
1100552	0
38983486	0
4472342	0
34547806	0
604123	0
2943309	0
6115836	0
5803768	0
44534800	0
5425661	0
74212	0
33863003	0
10707825	0
699000	0
550480	0
11597827	0
28926735	0
2399535	0
2608191	0
2661010	0
18842673	0
26348257	0
4211636	0
17734922	0
13435696	0
2253169	0
3318812	0
28013372	0
23579160	0
21996618	0
22846668	0
13720787	0
4545946	0
33804162	0
26178713	0
6930884	0
36494894	0
23277130	0
2419726	0
41645864	0
482882	0
5810259	0
11587520	0
9493345	0
1117457	0
1024501	0
26588687	0
32403011	0
5805670	0
24164150	0
5732537	0
8440900	0
2081736	0
1584981	0
972473	0
7193433	0
2172525	0
9166339	0
29005621	0
6129481	0
25124844	0
1187052	0
1091563	0
3296449	0
9879531	0
13384548	0
9923390	0
15611080	0
1689086	0
16826444	0
47861136	0
16858301	0
3333681	0
19928852	0
6213705	0
17598780	0
7650944	0
22223452	0
52627	0
7384945	0
1439372	0
10897677	0
2691871	0
3005163	0
1436536	0
21654362	0
217062	0
481233	0
44386667	0
4780298	0
23523734	0
949371	0
35199462	0
7716929	0
14704314	0
3021441	0
20459650	0
7752714	0
20741435	0
18088	0
6468374	0
3738993	0
11507238	0
23207845	0
758814	0
24717250	0
4121865	0
2180457	0
1630566	0
7038254	0
13511829	0
5086954	0
5259476	0
1045094	0
2104209	0
30307	0
200009	0
1835771	0
22372530	0
3066322	0
1844212	0
43575130	0
796333	0
8831103	0
3676994	0
27004791	0
9252621	0
5011410	0
22701749	0
31681243	0
11538638	0
8715508	0
34491284	0
238811	0
107150	0
1435461	0
35632253	0
116439	0
27164904	0
21806684	0
798896	0
12220082	0
3611140	0
21872812	0
399813	0
32451306	0
5634417	0
111484	0
11417995	0
119626	0
7138643	0
39364723	0
24565430	0
462090	0
35502456	0
13821787	0
539884	0
2259090	0
29152592	0
6139347	0
33334632	0
2836246	0
11470901	0
16901131	0
28561114	0
4997489	0
229181	0
42200711	0
32416307	0
8234056	0
30902154	0
1794562	0
20462104	0
5202211	0
1139347	0
20008468	0
448816	0
1824155	0
17814582	0
104780	0
27653461	0
4928371	0
23782982	0
1255691	0
31418767	0
173428	0
7817504	0
1813149	0
12976757	0
4843637	0
10981527	0
116099	0
3086282	0
25870968	0
6759883	0
3962860	0
2331125	0
4215226	0
33109161	0
126759	0
1609674	0
29846095	0
18526064	0
34558993	0
7421102	0
34288010	0
4501673	0
33013223	0
1437727	0
16776074	0
18508513	0
2432618	0
260067	0
12615865	0
15749397	0
11936508	0
10099885	0
35625355	0
870935	0
33333217	0
16919243	0
5508070	0
6584119	0
437310	0
8117318	0
3236344	0
18108410	0
9027764	0
33799437	0
4193168	0
44447726	0
25040546	0
19948385	0
576261	0
36397809	0
42179469	0
7441369	0
2004867	0
2791274	0
15481037	0
1583484	0
126080	0
450299	0
435481	0
5158154	0
12531691	0
14309045	0
158974	0
29469931	0
40132266	0
32751401	0
1277425	0
4851653	0
138122	0
31170737	0
6704675	0
11071241	0
21201443	0
49418695	0
3124876	0
5362561	0
15960782	0
294980	0
10716726	0
4050948	0
23951192	0
7546120	0
27672596	0
24956122	0
41141568	0
14999119	0
98053	0
23795566	0
4861104	0
40331903	0
40534418	0
2340236	0
803814	0
1206095	0
14640231	0
1041079	0
1152098	0
3202721	0
6646902	0
16234834	0
25973759	0
25142200	0
20096701	0
19553302	0
17486397	0
9215946	0
1840612	0
19898379	0
5564386	0
22828023	0
787058	0
14927423	0
11606495	0
868165	0
34199831	0
35847455	0
22921609	0
6170639	0
2361910	0
801108	0
580387	0
22590426	0
36539595	0
137547	0
23865500	0
3482939	0
3179576	0
15018359	0
718323	0
3096224	0
9077701	0
662606	0
16311815	0
5956836	0
39088842	0
9262623	0
22382341	0
477544	0
5983825	0
22533766	0
2171078	0
27533728	0
44781108	0
5314950	0
12402211	0
3345289	0
9493467	0
2258724	0
2177875	0
50022	0
7453087	0
11561748	0
2420742	0
9087474	0
30135995	0
2949575	0
791855	0
5650783	0
39019287	0
40718975	0
1228224	0
1582822	0
1282819	0
15894801	0
453794	0
18846677	0
2356196	0
663735	0
961633	0
7033388	0
2406453	0
13134794	0
18119232	0
1806283	0
3770076	0
49020860	0
3217027	0
3554254	0
652424	0
16078228	0
8716363	0
5446995	0
39405353	0
5492964	0
13910645	0
4496023	0
1584685	0
7686514	0
