13801650	1
766729	1
18010442	1
2861	1
13255277	1
2802656	1
24377086	1
3112624	1
401877	1
4306091	1
2254780	1
12259598	1
705165	1
26818506	1
12242232	1
31567999	1
3222237	1
4957378	1
11136700	1
28286024	1
30437	1
5309820	1
2662543	1
5653894	1
3547353	1
2427906	1
378686	1
5432889	1
1214893	1
82198	1
2376693	1
9884035	1
2650935	1
164477	1
1368914	1
6730365	1
712240	1
14185951	1
129293	1
597981	1
7573023	1
12805578	1
2556100	1
2487326	1
1215271	1
47768999	1
147320	1
30861084	1
6225059	1
11405183	1
472575	1
1276611	1
11026043	1
42704333	1
593	1
17669457	1
1109784	1
4078865	1
3779130	1
8658531	1
435374	1
13297007	1
38419944	1
880974	1
28893667	1
6079563	1
157232	1
1356329	1
20903597	1
4996413	1
14744904	1
3394339	1
8171308	1
619884	1
6706119	1
467218	1
8890124	1
23808637	1
4946722	1
1119420	1
7634867	1
389817	1
1962426	1
3129670	1
6065974	1
290612	1
25826636	1
8811988	1
582015	1
20675573	1
7387223	1
27269564	1
5204468	1
2482119	1
58520	1
4773216	1
1159052	1
17176453	1
21000680	1
3891172	1
227681	1
3521832	1
21928783	1
1124174	1
1751682	1
3487570	1
10583812	1
1281865	1
1084401	1
855690	1
4223152	1
9289004	1
26137601	1
1891946	1
22564041	1
6438586	1
4266683	1
194739	1
186089	1
1901677	1
2253277	1
32019399	1
634886	1
9114064	1
5294277	1
15508137	1
49417	1
19389399	1
17992902	1
1191188	1
4981624	1
2041105	1
720314	1
170592	1
1999260	1
12002027	1
21577947	1
5319327	1
1032951	1
20879327	1
579144	1
18990932	1
2722953	1
1963504	1
507931	1
248239	1
5749008	1
2433832	1
3983554	1
205811	1
39534203	1
24935627	1
449982	1
8569224	1
795424	1
1604611	1
5554843	1
10953478	1
12930677	1
1422488	1
20615110	1
303197	1
12634718	1
36841191	1
938506	1
31405433	1
1418034	1
8456082	1
15343670	1
1825632	1
1347147	1
3045601	1
25706063	1
13169508	1
1363223	1
26490107	1
34848239	1
14229534	1
195305	1
1097614	1
11279707	1
2345685	1
2593429	1
5895165	1
3386587	1
762694	1
4040075	1
24909138	1
10077129	1
597	1
782133	1
2990536	1
26014885	1
512449	1
2477075	1
250471	1
298571	1
3149505	1
1135598	1
2353683	1
3226886	1
13125866	1
4957435	1
14205360	1
211554	1
26187970	1
194149	1
13443013	1
8449462	1
36454014	1
753155	1
14306647	1
677907	1
1947708	1
2286114	1
25379956	1
12534570	1
458577	1
174839	1
6199684	1
23598008	1
2299595	1
15656948	1
230878	1
21566645	1
11526174	1
2011377	1
780007	1
12222626	1
1616080	1
20755764	1
2379362	1
4767159	1
41336619	1
1141486	1
37846456	1
3515433	1
34753014	1
289669	1
1905897	1
1067312	1
8268172	1
2602504	1
3323500	1
35529459	1
104573	1
16044	1
43707268	1
3365816	1
3316851	1
480735	1
24662979	1
199882	1
330771	1
30858977	1
180499	1
2150633	1
9724452	1
1920567	1
8462534	1
966760	1
5703684	1
6644053	1
17582075	1
2492917	1
5773744	1
11352510	1
3677476	1
172878	1
7490642	1
755753	1
3336749	1
23080206	1
26638127	1
5740521	1
1220992	1
701298	1
40240159	1
6191098	1
29248056	1
20143	1
36683174	1
15055451	1
11271646	1
24124269	1
4009296	1
27248400	1
1617134	1
4403924	1
427488	1
2619861	1
9851328	1
33381637	1
2686709	1
2258670	1
42833412	1
1731524	1
812554	1
1481002	1
8352185	1
2377280	1
2353575	1
3037310	1
400293	1
14938034	1
29426381	1
1019985	1
16579320	1
8937889	1
28733332	1
25511604	1
2725072	1
1181423	1
316483	1
18102493	1
152098	1
15986595	1
751302	1
995649	1
14743580	1
25128495	1
55526	1
5989807	1
241193	1
1598702	1
3827742	1
7957736	1
10625832	1
576320	1
4097322	1
4435236	1
2147253	1
1475388	1
1356715	1
2019407	1
28354639	1
92632	1
10583512	1
1462102	1
23737194	1
5611347	1
2316048	1
12944734	1
7038336	1
1126471	1
1464141	1
27003778	1
370815	1
41623908	1
1008905	1
677733	1
11683464	1
3525190	1
12691968	1
12110792	1
1311486	1
35097790	1
12585331	1
571967	1
999968	1
3796854	1
29963300	1
5518019	1
5411118	1
4278178	1
80103	1
440375	1
2567672	1
2392043	1
664359	1
5094258	1
25001970	1
8432271	1
1754880	1
29780652	1
975914	1
28164068	1
5745052	1
2041996	1
11493107	1
262622	1
1399380	1
2458121	1
5370094	1
2512166	1
12685662	1
248413	1
1421277	1
24760746	1
19860621	1
426699	1
467103	1
7284964	1
2997276	1
2112895	1
4849902	1
810541	1
2202550	1
384586	1
2348231	1
1501452	1
195781	1
173989	1
4537301	1
1065389	1
26292731	1
496455	1
1245864	1
559157	1
10586631	1
2437935	1
11591635	1
27358	1
794894	1
11331160	1
3114319	1
84242	1
30775027	1
21006561	1
38387746	1
1364085	1
3961213	1
7810800	1
17993075	1
3579827	1
11075950	1
31981215	1
16183488	1
8234228	1
807119	1
25025647	1
24388535	1
13496440	1
2576872	1
511806	1
7393283	1
4255975	1
38607723	1
975136	1
14342094	1
6861810	1
46624914	1
33221243	1
590778	1
195519	1
857765	1
1277712	1
8093311	1
1003404	1
149569	1
9654119	1
8563090	1
16866266	1
19630743	1
564693	1
5110114	1
30875404	1
587388	1
4382	1
25393356	1
2916295	1
11557052	1
236018	1
28181409	1
14366259	1
17858864	1
57738	1
948695	1
13126304	1
585332	1
21380911	1
1549187	1
2579694	1
35752667	1
2531105	1
143272	1
1209747	1
225718	1
50350	1
21602691	1
37669	1
7380059	1
238731	1
1008354	1
1797717	1
33396072	1
3725813	1
5034416	1
25384260	1
39399821	1
6566271	1
4717414	1
27605041	1
28820	1
24551395	1
943988	1
2002586	1
1204985	1
1265911	1
2620322	1
36393924	0
1211311	0
9096718	0
7416229	0
31107761	0
2015137	0
1117598	0
5535159	0
5052598	0
2383142	0
9277164	0
21820147	0
21710245	0
24369956	0
2990811	0
195037	0
43218132	0
4299492	0
6151806	0
4205858	0
13691443	0
25624757	0
3857410	0
44308384	0
18949878	0
2223107	0
37327277	0
2545016	0
8943155	0
129195	0
8280672	0
187607	0
18863708	0
363882	0
23997352	0
16113376	0
2503187	0
2247791	0
2226618	0
583947	0
14939037	0
24164600	0
8402999	0
2116891	0
91796	0
14982187	0
22786771	0
2698529	0
416447	0
67581	0
3791497	0
37503408	0
23466073	0
15786863	0
22758385	0
4292440	0
13267292	0
14061712	0
44491702	0
782573	0
7830727	0
2039186	0
40808316	0
3626204	0
35781232	0
1915220	0
2108379	0
32510665	0
2910922	0
16239863	0
6952895	0
6913270	0
371684	0
34147750	0
2618407	0
18832217	0
43766382	0
12641429	0
28625049	0
17656176	0
22761582	0
1181101	0
28688833	0
76771	0
290112	0
18673649	0
11799379	0
200748	0
42206819	0
46405122	0
15248686	0
2212309	0
2445640	0
34381866	0
3809520	0
2207837	0
23661557	0
37632536	0
3745017	0
16120525	0
2611362	0
1271520	0
17784736	0
34674564	0
31904174	0
1632339	0
15931177	0
4270741	0
23260056	0
29196311	0
1927154	0
46721093	0
20114452	0
30758300	0
37519841	0
38210799	0
8792660	0
29561914	0
12877741	0
24483194	0
324174	0
11570226	0
29013452	0
8735154	0
20087245	0
37522	0
2438834	0
4129024	0
18020404	0
9651255	0
46394953	0
22688665	0
9383752	0
5809208	0
32345689	0
1219052	0
2518430	0
11391541	0
27926175	0
22739370	0
20050592	0
11215979	0
50815	0
3139289	0
1298994	0
12106684	0
974853	0
5165907	0
7524794	0
3001443	0
21795133	0
11721606	0
1414704	0
2028013	0
2160356	0
37006233	0
13169467	0
39196144	0
26226682	0
1744419	0
13916761	0
44162557	0
2922485	0
11120766	0
23397898	0
5972289	0
15079764	0
17473515	0
1054770	0
8910640	0
18557754	0
30616987	0
77768	0
1021287	0
4437935	0
22383066	0
1082901	0
173248	0
4025953	0
961424	0
4780247	0
178686	0
25660631	0
9424924	0
17722364	0
22050811	0
21437206	0
39159677	0
26974275	0
6815597	0
26583125	0
1248947	0
2574418	0
11400807	0
40357056	0
18424807	0
45442609	0
8245845	0
355774	0
11534443	0
7436929	0
25117953	0
7092613	0
5157556	0
48639572	0
14717904	0
32624718	0
133546	0
16657709	0
23423535	0
87467	0
14831162	0
32513185	0
2251492	0
5285038	0
32659976	0
26020269	0
5210850	0
2427516	0
3809873	0
28847298	0
38211016	0
325954	0
450022	0
39607773	0
13187999	0
6164445	0
2836384	0
47156947	0
1034359	0
3725280	0
2243203	0
2779825	0
37024342	0
34578789	0
37847650	0
3142052	0
859758	0
9447608	0
34978095	0
27746869	0
1066931	0
39196705	0
11345187	0
660448	0
42514350	0
711138	0
24107404	0
13060373	0
5181248	0
8170752	0
3970308	0
45481406	0
19540559	0
7759668	0
7773536	0
43371301	0
14678807	0
6718500	0
19519656	0
14970927	0
2169225	0
981656	0
1502369	0
1364590	0
25138264	0
38410565	0
8317023	0
15104521	0
11007592	0
136282	0
4732627	0
632590	0
1402022	0
3542495	0
5912521	0
33497969	0
1446131	0
14521312	0
36492703	0
2616350	0
11187086	0
2561123	0
1092982	0
174510	0
2654679	0
8127609	0
162620	0
44555161	0
23118371	0
2154625	0
41287504	0
11000645	0
3959773	0
1125593	0
6439718	0
47210149	0
4957734	0
9215238	0
6570404	0
3895865	0
22546052	0
2924083	0
3472944	0
708289	0
6784328	0
36956326	0
4240096	0
28776863	0
19341571	0
3293846	0
25642285	0
863475	0
3663903	0
109654	0
30092818	0
16975686	0
3976223	0
2291716	0
8597114	0
4989754	0
15756552	0
30723539	0
4125457	0
10331791	0
6364147	0
31156577	0
23557619	0
46924608	0
2687075	0
2968833	0
9654812	0
178400	0
4301390	0
1634280	0
7014327	0
1051659	0
29804787	0
5772216	0
130195	0
431767	0
25135111	0
6946815	0
1979303	0
110743	0
118336	0
676175	0
15939574	0
14617866	0
11377863	0
34913281	0
4431301	0
2300558	0
8877994	0
46415808	0
7916544	0
910252	0
33674783	0
18527974	0
15432890	0
41635691	0
20111477	0
2247305	0
2260773	0
22158134	0
14715348	0
28945154	0
22546007	0
5092310	0
13281119	0
4116374	0
29752442	0
19334831	0
41392435	0
15387178	0
34186542	0
602475	0
33858152	0
468544	0
17420074	0
132875	0
43831843	0
828381	0
26067673	0
9108679	0
1416245	0
38285836	0
17882073	0
128783	0
26159583	0
1381344	0
6966348	0
26888335	0
8191743	0
39248444	0
32238877	0
23490086	0
17482534	0
33611813	0
853298	0
13616876	0
1890439	0
19331902	0
15255426	0
386473	0
7610253	0
1569634	0
24780850	0
42398817	0
2874555	0
30862528	0
32825550	0
966524	0
3705068	0
2578960	0
1086020	0
46245501	0
8421948	0
32682043	0
4424747	0
8966966	0
519243	0
151016	0
26943840	0
10529802	0
14582120	0
46673508	0
39582033	0
29545691	0
22255798	0
30947148	0
2896890	0
4574804	0
3914790	0
11879636	0
2664825	0
12044771	0
6042600	0
15323135	0
2973552	0
18993956	0
6043223	0
1714594	0
2497976	0
3639606	0
14431773	0
13745244	0
1988852	0
3523408	0
3888019	0
5960909	0
3485829	0
4645027	0
6692931	0
12376121	0
35318417	0
1458523	0
25238796	0
2657126	0
1871655	0
6698180	0
124032	0
15951711	0
43191395	0
478326	0
1161717	0
1944805	0
119929	0
6141556	0
845339	0
9984524	0
6478196	0
8421100	0
123821	0
5228898	0
12176531	0
13293739	0
44974155	0
22209086	0
1890319	0
4519477	0
976621	0
24459594	0
10212712	0
7800727	0
2622412	0
28722847	0
7149552	0
14386837	0
27892489	0
7836832	0
45389302	0
1351347	0
124120	0
127743	0
12529450	0
15365560	0
4061674	0
55040	0
3652820	0
