7470043	1
2111173	1
6391286	1
689521	1
8572437	1
1041853	1
9850427	1
209715	1
594800	1
3289452	1
138841	1
966377	1
5075087	1
11451681	1
3735890	1
2120650	1
209824	1
9369050	1
241655	1
4005	1
17538489	1
4748479	1
9934743	1
109368	1
140157	1
18097465	1
523186	1
12563925	1
10084456	1
338149	1
5339244	1
151282	1
5122699	1
6369646	1
62633	1
4685524	1
23150158	1
1273448	1
699456	1
3313909	1
309081	1
5676714	1
20896593	1
2097855	1
27415706	1
8482959	1
412934	1
1204309	1
1704684	1
22743289	1
261918	1
7449634	1
109433	1
28666755	1
4227599	1
1681834	1
6657861	1
6455342	1
11584029	1
4669269	1
7783610	1
14789974	1
1645518	1
1481399	1
4689709	1
8341388	1
595710	1
16678071	1
18622314	1
615832	1
1712046	1
16091648	1
2400929	1
4123738	1
149135	1
697457	1
465954	1
36709721	1
445038	1
259601	1
277479	1
10183550	1
67537	1
300210	1
1514325	1
511925	1
841066	1
2723117	1
38474432	1
3739470	1
3348895	1
3456078	1
9354649	1
414487	1
25668641	1
2307098	1
4656787	1
468634	1
847469	1
4118651	1
270406	1
5041076	1
622763	1
33605011	1
919509	1
2216593	1
11526353	1
5375852	1
4080719	1
1950676	1
136254	1
12495	1
7498660	1
13813749	1
712397	1
7279819	1
726739	1
274451	1
6202324	1
8728595	1
41072204	1
262958	1
293544	1
72879	1
426458	1
95040	1
15624643	1
7821	1
190445	1
628770	1
22687	1
8106151	1
40879773	1
762811	1
2521794	1
140118	1
16716	1
1024946	1
24046897	1
30702141	1
36080514	1
11708394	1
2863105	1
3975514	1
30304526	1
1980468	1
1397862	1
5345735	1
29897937	1
31740	1
11130874	1
2895182	1
92023	1
33752474	1
10823355	1
115623	1
68683	1
24760945	1
2335106	1
178617	1
355515	1
14553457	1
6243045	1
3407040	1
426702	1
7719989	1
251756	1
136839	1
3836528	1
336452	1
2012226	1
95434	1
116820	1
24176735	1
21590776	1
1604676	1
17693500	1
7891457	1
91531	1
440038	1
1381121	1
4229837	1
960392	1
597113	1
33742282	1
3407421	1
415569	1
167389	1
151061	1
30896465	1
814333	1
1922157	1
21759521	1
4197357	1
12068963	1
11352380	1
552048	1
112090	1
308528	1
75006	1
103011	1
382953	1
8133899	1
25816336	1
502336	1
9480045	1
1143349	1
710288	1
9366980	1
14290539	1
3235263	1
412189	1
5354622	1
18993416	1
2093350	1
702821	1
96201	1
2269618	1
524276	1
1890480	1
12740248	1
5863246	1
14473108	1
950369	1
4173303	1
404227	1
23741	1
4335258	1
3517654	1
353899	1
3146280	1
19596649	1
1954212	1
4240919	1
5407237	1
32243028	1
28478004	1
577359	1
2912515	1
19166	1
3158923	1
135389	1
3677912	1
6430472	1
181042	1
2526234	1
3052050	1
9523877	1
339211	1
337248	1
135191	1
154027	1
233764	1
4847234	1
4217065	1
1266395	1
84892	1
110212	1
3138922	1
8631185	1
2162943	1
15672850	1
15280443	1
12156688	1
13992512	1
10348610	1
12010057	1
17215801	1
151217	1
33345883	1
10746751	1
15983214	1
139258	1
11316497	1
3162892	1
165917	1
18878014	1
127302	1
24514969	1
725286	1
20928816	1
23794120	1
935669	1
23690406	1
4631885	1
24137236	1
925575	1
32911711	1
102478	1
1335514	1
22865881	1
6705450	1
420821	1
55846	1
30933198	1
111860	1
1708087	1
1955008	1
3525461	1
513544	1
4199666	1
6168268	1
1937067	1
871772	1
84349	1
6705371	1
5243591	1
367105	1
1886940	1
9900744	1
19884690	1
2418952	1
11766999	1
8240839	1
6270046	1
5847198	1
683219	1
23646395	1
3402665	1
4636485	1
295139	1
6775482	1
11717371	1
115065	1
1071769	1
13256777	1
129944	1
335062	1
19099511	1
91333	1
4742854	1
361176	1
4053969	1
257155	1
591559	1
1700693	1
34384448	1
25775524	1
4836039	1
184779	1
34949364	1
2554565	1
160670	1
1327035	1
2120866	1
1189415	1
45153731	1
25099993	1
36709406	1
19875435	1
582051	1
60120	1
9179100	1
34167979	1
4919814	1
109227	1
8602538	1
4657202	1
101227	1
7494720	1
17377888	1
2784898	1
1828331	1
476070	1
4802002	1
10482649	1
4363500	1
333608	1
27978475	1
42849741	1
24034545	1
834964	1
616876	1
66941	1
409644	1
3641439	1
129915	1
215994	1
36711368	1
734060	1
5578201	1
148541	1
301648	1
4595895	1
17231853	1
602443	1
752069	1
242097	1
180394	1
126800	1
2908932	1
16075158	1
4262010	1
23286602	1
3258352	1
3755665	1
24753062	1
833717	1
107224	1
15497750	1
1332645	1
270674	1
1381806	1
23943260	1
136413	1
116397	1
3312410	1
3202478	1
4243319	1
3836907	1
22978958	1
25763248	1
33112	1
7769974	1
2883507	1
249329	1
22405318	1
1468676	1
784269	1
1265589	1
11877379	1
1354602	1
8745284	1
378715	1
443525	1
1821240	1
12390034	1
96146	1
15974322	1
105547	1
108812	1
1198428	1
8559271	1
286216	1
23433006	1
1042746	1
228936	1
7107672	1
8797314	1
586204	1
296729	1
115620	1
114680	1
470972	1
599137	1
2538032	1
16273	1
1578375	1
1354776	1
11156914	1
2853809	1
115054	1
18439925	1
18519108	1
168890	1
26880789	1
127919	1
23654834	1
116585	1
12892722	1
11389122	1
2154914	1
6857532	1
1161869	1
22007797	1
598571	1
449376	1
21140778	1
58592	1
893108	1
12457654	1
20374498	1
2421594	1
33186	1
129470	1
2408105	1
825826	1
15696775	1
40539246	1
9257001	1
27553159	1
19061352	1
186703	1
15299876	1
1526552	1
4556342	1
596534	1
3909226	1
123433	1
10252285	1
2328261	1
378834	1
3331111	1
3585053	1
6994151	1
40107923	1
135289	1
9459182	1
607240	1
11284	1
20077037	0
637161	0
2029	0
5567589	0
4348867	0
9954952	0
35998555	0
336846	0
28611833	0
9321045	0
7212907	0
5201091	0
2202364	0
30596884	0
12376330	0
12558195	0
17873637	0
36843320	0
4955703	0
296037	0
10082696	0
7291082	0
20112594	0
2901158	0
1515933	0
2384150	0
3631020	0
1798170	0
11985451	0
3660522	0
5308538	0
1813131	0
22637561	0
8525301	0
40106389	0
3108410	0
238975	0
1860252	0
48908210	0
3102315	0
27035744	0
3738119	0
121366	0
3205346	0
7352197	0
43475368	0
39113767	0
7546518	0
2926597	0
42682499	0
3893785	0
20993041	0
26997704	0
115953	0
12171916	0
427248	0
602835	0
1375613	0
2632221	0
16047480	0
4994341	0
15708721	0
42924407	0
3420198	0
6696120	0
23016020	0
12265479	0
1930965	0
1356000	0
115759	0
11019569	0
4994577	0
3740742	0
43671972	0
12011331	0
23661309	0
23514149	0
12075847	0
38070004	0
1239040	0
1632338	0
3248247	0
955971	0
4426857	0
32985327	0
31444280	0
20577588	0
5413578	0
40676	0
4520407	0
6744555	0
860912	0
5075778	0
13497595	0
40968887	0
11205926	0
23974552	0
417342	0
45281965	0
995859	0
41267090	0
5221318	0
28043627	0
1631494	0
1263376	0
13604898	0
8025221	0
2666519	0
13916076	0
21163209	0
30740514	0
42386657	0
3460697	0
5683834	0
36888036	0
41316078	0
14594574	0
6123546	0
1040755	0
988469	0
44003294	0
25369477	0
13965118	0
7534838	0
3336623	0
11130546	0
849964	0
7410218	0
8304789	0
20032796	0
2190353	0
12953408	0
2860699	0
15300954	0
23066419	0
5313481	0
32890071	0
10400275	0
2672052	0
10525289	0
15822398	0
19729729	0
29513794	0
13323372	0
31469873	0
1922838	0
112363	0
1735078	0
1379860	0
1587028	0
2422845	0
6813018	0
238538	0
24361967	0
38313721	0
10485469	0
4687948	0
3153321	0
106667	0
31689132	0
8869816	0
104829	0
765766	0
66491	0
23481409	0
434989	0
1721112	0
1590636	0
34876766	0
39300485	0
504554	0
19300161	0
23933878	0
130440	0
40534618	0
48377914	0
19303040	0
9813870	0
501912	0
7330320	0
29372030	0
108195	0
4557765	0
156827	0
12782164	0
4537649	0
19326032	0
23866756	0
10704391	0
36908606	0
4019738	0
115067	0
1925907	0
24852915	0
13952707	0
33141541	0
185868	0
6936	0
6016224	0
16164405	0
2147	0
6786417	0
25767	0
24086521	0
4607466	0
29463388	0
6555378	0
14018	0
1785404	0
23795669	0
2411073	0
9853664	0
54956	0
38361832	0
28705622	0
36988585	0
8843397	0
5232232	0
644909	0
12749130	0
12349186	0
3711101	0
34507656	0
20102947	0
168726	0
5700404	0
8160998	0
19229986	0
17655280	0
1723384	0
1353675	0
2613411	0
22958387	0
6701244	0
5287550	0
9300952	0
31299401	0
2994102	0
4928141	0
2579686	0
7579158	0
11769829	0
1850532	0
16038646	0
30019560	0
928359	0
18617663	0
23236423	0
14003030	0
2834129	0
4864255	0
2458779	0
8375852	0
4542524	0
665841	0
22008785	0
1291727	0
23208691	0
717904	0
933603	0
10573777	0
32896493	0
2501683	0
4865731	0
5420700	0
765165	0
24579986	0
23593860	0
181249	0
15190830	0
24145980	0
1940476	0
676495	0
14971451	0
392066	0
11798452	0
2734302	0
1556549	0
1480754	0
7319868	0
27925995	0
5534320	0
39095119	0
6491088	0
37709888	0
4619366	0
2217246	0
5694051	0
20519406	0
39678304	0
35461465	0
29765537	0
464282	0
21276536	0
1829126	0
1258256	0
2238152	0
6973986	0
24126761	0
1224026	0
12986359	0
409227	0
3384856	0
16072751	0
4255813	0
8564855	0
2377695	0
417201	0
12424534	0
46894508	0
18784606	0
30839553	0
4920813	0
2401978	0
43449879	0
6321275	0
24541059	0
46256716	0
19933578	0
40615545	0
5814784	0
1904608	0
5965998	0
5988737	0
9016027	0
4559700	0
2249618	0
28205770	0
22538496	0
6557928	0
3389046	0
3944556	0
18482162	0
2458226	0
39048183	0
3884226	0
14898421	0
2755269	0
6643045	0
2851849	0
44617	0
10440864	0
14227822	0
1114528	0
15518676	0
19592755	0
22752445	0
7468597	0
3411626	0
23001840	0
1999090	0
567752	0
31643353	0
46674726	0
20605727	0
3481063	0
7324850	0
8783913	0
1554401	0
6822948	0
8901470	0
9114067	0
10208831	0
1421152	0
5668935	0
37560321	0
14274947	0
29415148	0
8370862	0
809832	0
47126555	0
2401560	0
32074171	0
15861179	0
35781420	0
6066987	0
35708159	0
9420252	0
2169644	0
3968159	0
13313792	0
748850	0
288090	0
488517	0
6342306	0
1735703	0
826361	0
22623245	0
9209921	0
1572563	0
43649932	0
2785475	0
29417811	0
30738671	0
9285648	0
7769531	0
16151572	0
111481	0
5512409	0
18952681	0
18257574	0
32343983	0
29406667	0
9407042	0
30792795	0
44217157	0
6234818	0
25445635	0
13123468	0
22469721	0
430631	0
10875410	0
9035781	0
39353987	0
37592359	0
13056894	0
24259249	0
41378821	0
911851	0
40877347	0
28570791	0
755875	0
40891261	0
10816233	0
27545791	0
330536	0
2680945	0
22629192	0
13943204	0
260034	0
150196	0
1933236	0
33214961	0
26019797	0
23203555	0
11677339	0
12162840	0
1431516	0
122354	0
15400983	0
8336301	0
3873544	0
47524729	0
1594162	0
37486710	0
17406982	0
38956815	0
47637372	0
12794294	0
9827341	0
24106048	0
32910649	0
3801516	0
42083267	0
4833077	0
12315720	0
9153862	0
16573801	0
3086054	0
31562363	0
34430924	0
34757903	0
17089402	0
13528573	0
6201095	0
18691178	0
6699694	0
32390867	0
4119064	0
45393073	0
35316178	0
927517	0
119448	0
9358568	0
12349665	0
24373494	0
10416819	0
26292346	0
33367943	0
10990727	0
5469014	0
1239993	0
12883888	0
1435063	0
2095437	0
15341600	0
25738683	0
23513014	0
1441792	0
10006412	0
5795145	0
1418526	0
1298818	0
131634	0
2163977	0
24137345	0
173299	0
449019	0
1443555	0
10812964	0
