1986251	1
22450394	1
366540	1
23389227	1
305091	1
365561	1
768194	1
18438290	1
450784	1
625601	1
17830187	1
14279	1
2978030	1
61949	1
13118744	1
5080963	1
19590	1
3134986	1
25163301	1
12592501	1
11631702	1
2154598	1
1491798	1
9240113	1
3215091	1
359501	1
17671216	1
2909687	1
57848	1
13924	1
702650	1
319659	1
871394	1
86444	1
40305	1
544255	1
787419	1
842182	1
354047	1
13017167	1
520651	1
89110	1
376934	1
11228	1
36134118	1
503157	1
2806454	1
360931	1
457564	1
440641	1
1174822	1
661547	1
175552	1
554232	1
4468025	1
42162	1
261824	1
11461646	1
107931	1
5206241	1
2117293	1
18618239	1
1107313	1
197574	1
2477797	1
3731210	1
1196680	1
36098696	1
11372028	1
88261	1
2114543	1
9874821	1
287013	1
371476	1
34310	1
755212	1
35639562	1
627360	1
199964	1
128380	1
36559888	1
499767	1
42880	1
188886	1
1300870	1
996719	1
7063615	1
1281715	1
27690594	1
572291	1
2759290	1
12406	1
6206412	1
24504071	1
17176453	1
77958	1
13567026	1
443381	1
32117	1
226577	1
11146	1
5360668	1
322010	1
3133629	1
122337	1
25253126	1
4926629	1
910569	1
2397550	1
26576703	1
2140856	1
11823796	1
15389408	1
3660785	1
6881447	1
362945	1
442633	1
740626	1
158354	1
31969	1
94040	1
33617	1
214880	1
9986116	1
261182	1
43356	1
193623	1
60918	1
20757601	1
7744057	1
255183	1
55846	1
345779	1
5123059	1
2994115	1
1051522	1
2900440	1
1718954	1
2425513	1
7901954	1
163154	1
7690016	1
11579103	1
5146253	1
50229	1
23809	1
13079926	1
26206960	1
1552552	1
502775	1
6127757	1
22558827	1
48643490	1
89836	1
30872618	1
3501961	1
12795007	1
1375944	1
22732434	1
3028571	1
11542963	1
323884	1
1583836	1
2685788	1
30646571	1
1891017	1
952833	1
8253348	1
733674	1
32048	1
1468622	1
515297	1
134361	1
45069587	1
602984	1
10133	1
405905	1
331801	1
2823473	1
289672	1
126997	1
4836017	1
84692	1
3319949	1
1600206	1
1820377	1
1829556	1
4987644	1
483694	1
77298	1
4404202	1
128345	1
37472454	1
272165	1
2102365	1
2731101	1
744870	1
35114410	1
40144916	1
8269587	1
115325	1
128377	1
80135	1
188966	1
18648235	1
16143	1
1298452	1
1017418	1
3841146	1
36073130	1
28270498	1
52110	1
10618522	1
199801	1
7244483	1
15642379	1
13535265	1
22199	1
333320	1
20650188	1
1701910	1
204281	1
521942	1
4732637	1
8522	1
13014325	1
7447721	1
11340577	1
2396703	1
790074	1
129552	1
14394684	1
804154	1
847550	1
34645079	1
816137	1
5412146	1
316977	1
40469	1
1930	1
1156012	1
306071	1
30863334	1
2799200	1
27238	1
2293402	1
4012374	1
252991	1
7690795	1
950915	1
18684439	1
1259138	1
6251312	1
13447	1
361558	1
5332300	1
194194	1
102227	1
260872	1
24540	1
273811	1
493706	1
12521	1
2204526	1
14015242	1
1071161	1
1206016	1
11227	1
7994706	1
8385872	1
458468	1
2297173	1
12466492	1
12495	1
16766761	1
1815965	1
674234	1
3531942	1
9681890	1
358894	1
25671	1
1723065	1
699699	1
433095	1
4642876	1
8917627	1
284337	1
25714291	1
4282193	1
433377	1
680589	1
15980	1
28323297	1
1639358	1
30324285	1
649290	1
582264	1
33785915	1
963887	1
4011027	1
10235682	1
10858	1
6750923	1
504928	1
952447	1
1996242	1
515884	1
2200822	1
8264562	1
1452446	1
2220099	1
61115	1
3979	1
738505	1
4987720	1
381909	1
294084	1
20408	1
30240799	1
614552	1
967844	1
112246	1
1930927	1
7940221	1
783	1
14283114	1
309292	1
2532167	1
159999	1
25847589	1
188978	1
5943125	1
540104	1
294743	1
124828	1
19286656	1
10896784	1
129683	1
2285904	1
217428	1
55300	1
9872574	1
29922	1
1344277	1
979274	1
36948	1
22890881	1
551756	1
35515	1
3047058	1
1296549	1
130441	1
9976621	1
18949200	1
701247	1
195057	1
13736167	1
326833	1
12260004	1
18865094	1
4626770	1
21608740	1
21833618	1
14431303	1
434730	1
765608	1
70085	1
12736100	1
1051886	1
30594798	1
81455	1
32670132	1
26977	1
6903	1
18953277	1
235952	1
86945	1
2652380	1
49625	1
9597105	1
233146	1
161466	1
5178	1
10671	1
57454	1
18951602	1
3769254	1
28351256	1
154955	1
448022	1
716244	1
627758	1
370467	1
318036	1
2507216	1
40473	1
2308091	1
4748652	1
196365	1
550845	1
11543383	1
14395560	1
3666878	1
714699	1
314445	1
507177	1
14987	1
44642	1
8631870	1
42491081	1
31938596	1
30872408	1
10063600	1
89777	1
22283600	1
756723	1
355679	1
21461263	1
708954	1
3525295	1
128376	1
12531448	1
386047	1
2550105	1
700228	1
3357881	1
1701355	1
13739770	1
889448	1
1393400	1
2677145	1
1868497	1
364118	1
18994221	1
533748	1
105167	1
31105998	1
260879	1
176634	1
28190346	1
1034500	1
28923613	1
241119	1
19977	1
9768941	1
425368	1
21131645	1
2064976	1
154989	1
4528686	1
451358	1
3244124	1
8050929	1
1539877	1
15838	1
22751937	1
7554518	1
1014113	1
2065237	1
872580	1
75960	1
965796	1
7761361	1
4462898	1
47124	1
295268	1
324138	1
11823408	1
157296	1
170686	1
24019501	1
47620	1
21118319	1
17126280	1
6243775	1
7937376	1
32094	1
2668367	1
408482	1
7287351	1
12453107	1
3429006	1
1811597	1
1229635	1
91386	1
2011723	1
171751	1
516739	1
18247391	1
9555878	1
672360	1
36980251	1
9622608	1
1850879	1
9026003	1
448754	1
102123	1
23513831	1
3203463	1
7141424	1
47498512	0
157320	0
26619746	0
3020334	0
19219688	0
28058679	0
7040482	0
34532565	0
30557730	0
832566	0
2325674	0
1604128	0
6124655	0
2070239	0
7110144	0
91367	0
601990	0
7059187	0
2168838	0
12857384	0
3609729	0
27332907	0
313050	0
46738391	0
5661316	0
11542891	0
3131682	0
19355084	0
1988954	0
7669488	0
5726617	0
8263047	0
41585885	0
1212245	0
8674198	0
704540	0
10220560	0
408896	0
13214124	0
1007469	0
11127130	0
797684	0
35001111	0
12152512	0
12648166	0
19956485	0
18645888	0
11283446	0
12057677	0
21946575	0
3928160	0
1337573	0
8571874	0
10294122	0
8768771	0
42507235	0
3857440	0
5224394	0
10820670	0
2885855	0
25163956	0
2426185	0
36493488	0
5754074	0
15638052	0
3118349	0
2819708	0
8935364	0
6614609	0
1361595	0
2421107	0
55770	0
7631024	0
313899	0
1632159	0
572653	0
2340409	0
5241716	0
620518	0
3216912	0
2103282	0
90945	0
20952533	0
9217950	0
5757695	0
2440168	0
11843170	0
1220555	0
5712954	0
20899009	0
22289519	0
32410	0
10940628	0
3183527	0
41122692	0
45453182	0
1959958	0
24456408	0
1803709	0
2147416	0
7714688	0
4153006	0
5229541	0
4928	0
12348479	0
24759136	0
467254	0
25239975	0
16959374	0
27151449	0
30874078	0
29273390	0
811359	0
2732029	0
20703292	0
15513281	0
841347	0
3629196	0
1030112	0
4946265	0
8504221	0
64913	0
16292504	0
471370	0
3304549	0
28762932	0
13720530	0
2460827	0
916896	0
14263077	0
38494433	0
12908588	0
2455519	0
20976473	0
4190469	0
15017320	0
5733711	0
14121532	0
8319749	0
28819978	0
9107978	0
26322316	0
16936811	0
1020830	0
423506	0
87321	0
4108173	0
6204355	0
2101670	0
8805531	0
3675797	0
7327254	0
9021777	0
4628057	0
7874046	0
357807	0
15337003	0
44566839	0
18491729	0
789610	0
5305529	0
1684028	0
3141197	0
36354271	0
12454608	0
12172306	0
14537770	0
128927	0
23483284	0
128481	0
900168	0
17511626	0
925384	0
6542648	0
18696903	0
6854312	0
1292595	0
118860	0
25303655	0
22452671	0
26309185	0
25233074	0
1877151	0
5898324	0
338683	0
17595669	0
28766578	0
2854864	0
5162606	0
36059397	0
18222911	0
13057003	0
6942810	0
36059385	0
4307774	0
25960990	0
17653419	0
1164312	0
22037813	0
31452762	0
589943	0
40578635	0
25479107	0
37715714	0
28352922	0
453672	0
47621466	0
9501629	0
6789892	0
1625465	0
642825	0
48094664	0
22010295	0
617293	0
6076979	0
3883385	0
2246979	0
21562545	0
5733480	0
297486	0
14325817	0
4466768	0
2578407	0
9749165	0
125040	0
264249	0
23529207	0
135655	0
191836	0
6851539	0
32568686	0
16741919	0
30721095	0
902081	0
9478350	0
3173720	0
22741476	0
383193	0
3956718	0
14229606	0
5716333	0
17507160	0
19767020	0
8829423	0
47639345	0
32489501	0
19144738	0
37607194	0
1058564	0
2487042	0
25509150	0
13042377	0
16199615	0
10878107	0
8696836	0
3335279	0
27880730	0
20832419	0
2642277	0
2517526	0
46390698	0
2132591	0
5891199	0
1883942	0
38499722	0
33259487	0
10608091	0
20030897	0
33026480	0
42014594	0
12128835	0
9467217	0
27691905	0
8785289	0
1363195	0
1238544	0
8206371	0
94602	0
19370057	0
12192528	0
1787569	0
34395623	0
838256	0
91733	0
138159	0
7499060	0
39207657	0
970556	0
30221001	0
28264795	0
37835686	0
10399945	0
1143926	0
131029	0
134604	0
3967545	0
1394585	0
10823	0
4516247	0
28155014	0
32748265	0
12821776	0
22113112	0
2646631	0
3303293	0
7218423	0
4309256	0
46789	0
32271193	0
16386320	0
17183266	0
3872291	0
10871232	0
40093462	0
123157	0
5809995	0
25725626	0
38852076	0
1256263	0
12534242	0
6717194	0
16797601	0
6999089	0
4237925	0
1602398	0
4592909	0
7671306	0
14862158	0
879428	0
8066527	0
19205456	0
747690	0
28259454	0
11215429	0
48625277	0
360150	0
18153348	0
21700873	0
757835	0
3488672	0
23880169	0
33820173	0
1352968	0
10616744	0
10099178	0
130688	0
36622563	0
887360	0
486395	0
987009	0
2186185	0
5683235	0
11526174	0
24002867	0
39207101	0
6758542	0
18992988	0
8564221	0
37113055	0
37905959	0
46807753	0
36472524	0
5239019	0
35862803	0
33011170	0
22239181	0
4530986	0
25495379	0
35347089	0
5013777	0
5635715	0
5512098	0
37326987	0
13345162	0
42565242	0
11434521	0
12818435	0
12094399	0
37223168	0
15665201	0
10831633	0
262500	0
19237560	0
28829718	0
26346236	0
13061341	0
295283	0
1323592	0
4133213	0
4710589	0
1237638	0
21134616	0
1808789	0
53972	0
6776046	0
24295985	0
15545385	0
10101124	0
8124726	0
2227649	0
4638049	0
198324	0
19444571	0
8073926	0
1646184	0
1287177	0
4601430	0
107084	0
2486976	0
2499852	0
1346296	0
37803853	0
33864404	0
2488231	0
12993967	0
35228710	0
32372087	0
3184474	0
5570799	0
36563812	0
35677079	0
36808797	0
4534589	0
28074535	0
19553048	0
13791847	0
21265563	0
1866955	0
34987479	0
3055905	0
22181335	0
12246761	0
21182046	0
12026395	0
20098607	0
14322056	0
1401033	0
15878680	0
46749848	0
23556055	0
15493918	0
1774388	0
3895569	0
5448137	0
26226	0
28787942	0
2711265	0
3012670	0
32560617	0
45081742	0
36113468	0
13185022	0
21924269	0
2154227	0
42721812	0
3065606	0
16178906	0
74809	0
30664535	0
4678773	0
33572791	0
3488318	0
18751100	0
7632974	0
47242373	0
23328622	0
3037466	0
20914982	0
1399893	0
44337151	0
15219887	0
12455759	0
3101072	0
1688530	0
13743847	0
7002390	0
6672653	0
37418529	0
24765729	0
2649530	0
6514702	0
26961208	0
408197	0
18912832	0
30865636	0
14439916	0
20808814	0
2332841	0
640478	0
9654828	0
7221507	0
21581326	0
3405945	0
2498420	0
26191	0
18297374	0
8851020	0
31204773	0
135681	0
7881604	0
