1958591	1
6017822	1
3818231	1
21116374	1
19420487	1
10111797	1
9952340	1
464820	1
7811390	1
1202799	1
14686242	1
24661945	1
30645	1
6208171	1
34946990	1
4418547	1
4430446	1
5301245	1
94046	1
2596464	1
332679	1
12812502	1
11963088	1
1030023	1
134490	1
2504543	1
85731	1
3179341	1
51929	1
372316	1
1206729	1
12681427	1
511477	1
637911	1
3303049	1
4300180	1
137209	1
68993	1
4114314	1
17424208	1
3762652	1
31380050	1
7493807	1
21343851	1
20387831	1
23807340	1
202323	1
776116	1
6115953	1
950473	1
1306955	1
898542	1
13219645	1
206643	1
12116161	1
23744186	1
7680344	1
69596	1
10485110	1
5222275	1
13314581	1
10425359	1
15506	1
214213	1
1400709	1
8405986	1
3642191	1
24227	1
606692	1
48458634	1
2107474	1
6250801	1
8168913	1
55382	1
2176664	1
4096848	1
12189137	1
7090661	1
3109801	1
14106614	1
1450471	1
783089	1
11503309	1
24051252	1
2276891	1
6783344	1
46269307	1
177211	1
11161932	1
1368914	1
2361089	1
633211	1
11185352	1
1623663	1
330065	1
31986971	1
214393	1
18438507	1
8076600	1
2006208	1
2909316	1
5667717	1
27189226	1
9976449	1
390119	1
677907	1
3863406	1
150735	1
3264525	1
81576	1
3897583	1
15308499	1
4200087	1
932068	1
7857886	1
3627452	1
170807	1
18700904	1
13836913	1
22818697	1
214303	1
5786002	1
2094130	1
1021267	1
22062939	1
950919	1
1255798	1
228811	1
12255183	1
8229007	1
9188606	1
2333920	1
1755552	1
5942	1
7398187	1
11511803	1
9900421	1
1801266	1
15031126	1
3110834	1
165383	1
3283183	1
21721	1
3520182	1
1713766	1
11372692	1
12830633	1
1679660	1
21461716	1
39109241	1
16712667	1
3021851	1
4098212	1
32818264	1
70441	1
10268971	1
30217994	1
34338632	1
3029140	1
9711876	1
10581978	1
353772	1
28165322	1
4429562	1
1312201	1
18159762	1
8656157	1
24715292	1
1806600	1
31331942	1
31754637	1
237504	1
1392358	1
3703407	1
23906228	1
1568024	1
2174392	1
3358035	1
33997712	1
14146773	1
799464	1
213237	1
110885	1
4503565	1
3716678	1
16258945	1
1916224	1
3108871	1
10845858	1
2678857	1
24425863	1
4677124	1
9342777	1
6797809	1
5796771	1
34635017	1
23461148	1
1977049	1
7840817	1
236236	1
29510122	1
11850755	1
1095036	1
3283187	1
337038	1
1844279	1
3356284	1
12470707	1
23960	1
774450	1
15095310	1
37987604	1
520887	1
1971329	1
3038220	1
6350363	1
1505679	1
34634396	1
594162	1
3484344	1
3643901	1
8659297	1
149283	1
4615995	1
4477604	1
2220856	1
23377364	1
7561223	1
3107941	1
726651	1
18932047	1
23406132	1
2235353	1
14786599	1
23643316	1
2302919	1
111261	1
3881201	1
6293654	1
1627020	1
7654127	1
20976622	1
36803795	1
3489891	1
20722495	1
8177023	1
871185	1
335645	1
30865087	1
869077	1
15034869	1
1988673	1
1807218	1
32745703	1
15362262	1
3397671	1
3336712	1
2904269	1
5860596	1
6515204	1
3681678	1
23394629	1
179902	1
11885238	1
25125832	1
3876597	1
91423	1
6669141	1
7399004	1
71069	1
3678615	1
137159	1
391578	1
28617711	1
10657428	1
13909694	1
1830054	1
21965765	1
4083273	1
5303458	1
16298163	1
3090517	1
2676954	1
15353865	1
14876466	1
181934	1
8160279	1
7668679	1
3377774	1
5764521	1
38924004	1
1915664	1
2114783	1
94229	1
6476991	1
3520167	1
371069	1
34262091	1
44557712	1
20903181	1
9058166	1
4960749	1
2918019	1
5439604	1
8164804	1
16416127	1
2320029	1
24283	1
3497427	1
15165	1
31130055	1
33008515	1
2026839	1
37355732	1
8582804	1
26208023	1
8240211	1
8422631	1
7857445	1
5048	1
158001	1
2133820	1
10616135	1
8057947	1
11673485	1
2811318	1
2385166	1
6733002	1
10973312	1
44987155	1
3713321	1
68066	1
2448503	1
3800407	1
102054	1
629560	1
34254667	1
17146760	1
14349174	1
8500292	1
22996707	1
11136799	1
5256687	1
7420720	1
14291	1
12581580	1
1497619	1
24039704	1
1168704	1
17043167	1
5144350	1
14013061	1
24022344	1
852633	1
8570251	1
414191	1
2949465	1
26624010	1
659127	1
3773569	1
41328545	1
2624407	1
19110818	1
6617151	1
20657974	1
3654908	1
372477	1
4607710	1
45082129	1
7523251	1
7100067	1
601665	1
23002660	1
173676	1
35177091	1
5424350	1
17492024	1
8485170	1
250376	1
23096797	1
13637225	1
37676179	1
77304	1
2387773	1
5871638	1
1436610	1
9524827	1
22086059	1
13299019	1
9581594	1
17062965	1
885627	1
1174084	1
2279317	1
16011807	1
31715506	1
3566275	1
45574635	1
5395844	1
31374773	1
6820302	1
11203402	1
1655841	1
203733	1
36714257	1
2439	1
18951262	1
18805066	1
1250389	1
3335560	1
6498425	1
23951113	1
1144782	1
5878759	1
35196101	1
137047	1
9040508	1
8335666	1
7894770	1
5422257	1
6881831	1
11725335	1
20296165	1
5245920	1
19698138	1
250276	1
642593	1
8199021	1
7373836	1
1406959	1
20797750	1
3095948	1
546842	1
14924353	1
10996789	1
15602623	1
2911447	1
4960723	1
1618256	1
18809077	1
1161973	1
6592123	1
1384606	1
2455415	1
206470	1
24714247	1
17281895	1
1997486	1
4666156	1
10232518	1
4959588	1
16034645	1
36523679	1
89852	1
137191	1
2756245	1
1402235	1
16577879	1
3301602	1
260166	1
6960331	1
26292	1
3218131	1
21996618	1
5625030	1
20803466	1
16006525	1
7197762	1
1775656	1
20972783	1
30167552	1
2913594	1
5582322	1
7950310	1
15089614	1
13017176	1
11261541	1
21119487	1
23572522	1
9352106	1
10552199	1
69574	1
470229	1
360401	1
29437780	1
883653	1
3041318	1
33219469	1
16811518	1
916301	1
863113	1
3771893	1
8318322	1
2134119	1
1766692	1
8828359	1
4740286	1
10295018	1
21585667	1
24930946	1
491153	0
175867	0
4855510	0
21760919	0
172899	0
16751168	0
17544719	0
31026810	0
15895310	0
5136051	0
35030681	0
39477050	0
38649802	0
1587630	0
23902371	0
24400693	0
1593287	0
47884000	0
2058840	0
1179077	0
19179203	0
11754249	0
5315051	0
25687397	0
415915	0
15130035	0
39728964	0
22548361	0
21336360	0
1579906	0
28597478	0
43258574	0
1162001	0
8968271	0
4355812	0
12727312	0
36863	0
27919355	0
5801808	0
16090209	0
1846564	0
26274975	0
1627662	0
1007935	0
11978489	0
3058252	0
11542794	0
651488	0
3191669	0
5559837	0
1010867	0
427588	0
18536652	0
4508707	0
9078644	0
2600421	0
19792500	0
5368671	0
6184114	0
40937367	0
16307723	0
757717	0
997294	0
26639272	0
517256	0
19309783	0
886993	0
2104651	0
33874160	0
6522583	0
1552707	0
36128389	0
29792872	0
29214103	0
29906674	0
31860265	0
6843011	0
24935216	0
9258443	0
18410971	0
42968648	0
35738090	0
34655445	0
38068441	0
41678755	0
8008893	0
184854	0
1830003	0
49126310	0
27876004	0
38067192	0
3021369	0
8540437	0
12593510	0
27811409	0
16467451	0
598103	0
6703840	0
9972164	0
2926775	0
6071197	0
27305297	0
6593192	0
5855587	0
5731488	0
36431841	0
28497848	0
3852436	0
3284264	0
2901358	0
40950907	0
8424282	0
6008849	0
40941120	0
753391	0
2929758	0
16242794	0
2765916	0
2880435	0
30777507	0
3292026	0
8403349	0
1929571	0
21382037	0
11751493	0
48470822	0
158330	0
1498144	0
3194847	0
15935757	0
1665817	0
1155791	0
10856152	0
11026027	0
36902558	0
165935	0
3812089	0
43013410	0
752184	0
35815018	0
1924401	0
150211	0
9222408	0
33030324	0
11944327	0
6272182	0
34422180	0
15907853	0
8890432	0
18666613	0
127052	0
1223711	0
8175658	0
28850071	0
2533835	0
15311250	0
5217950	0
1582426	0
6559970	0
22500513	0
43961325	0
16886820	0
30480254	0
31364633	0
21290404	0
12183528	0
2693273	0
9367469	0
34558928	0
1704569	0
2312217	0
816274	0
29576763	0
25937811	0
5116360	0
22318859	0
4908314	0
22717875	0
1037735	0
2339116	0
3993799	0
122324	0
139228	0
15423902	0
3225473	0
7281580	0
24166077	0
4535197	0
127587	0
17088848	0
3994985	0
3988056	0
31745408	0
1789513	0
12471403	0
15296394	0
2863776	0
34286	0
10970327	0
44832310	0
31944262	0
12032100	0
5401924	0
2768201	0
40593246	0
7220054	0
37973241	0
38620469	0
5918342	0
199665	0
12820841	0
549672	0
21738967	0
10684944	0
12710678	0
22586254	0
917259	0
1669335	0
432784	0
1723218	0
36686596	0
4494326	0
9287467	0
15652654	0
28324765	0
17361899	0
26438080	0
23390406	0
4305156	0
4964779	0
11072635	0
2127868	0
11550016	0
15146639	0
39273410	0
3535166	0
21400533	0
9171478	0
17606300	0
9359819	0
8436184	0
18938036	0
36252077	0
30604040	0
42483818	0
4278103	0
11551	0
15414637	0
1155647	0
5815898	0
637993	0
23560016	0
842330	0
523152	0
3293237	0
19135131	0
156504	0
21671130	0
7429730	0
413715	0
37877478	0
13354315	0
4693719	0
1344008	0
16565761	0
21121896	0
18603841	0
1648385	0
16367923	0
1164857	0
3457677	0
33542117	0
35081893	0
753952	0
2590783	0
36623858	0
27971715	0
15228955	0
6554851	0
1982322	0
27801	0
18576384	0
1086531	0
3091718	0
283920	0
6574987	0
4433161	0
19454862	0
4358398	0
1265165	0
5907510	0
4387140	0
25055260	0
18024074	0
91766	0
564711	0
2452514	0
5928668	0
33799364	0
14508031	0
31502605	0
47008150	0
30640644	0
24341602	0
32655649	0
7601097	0
12173638	0
27524187	0
43320526	0
6616403	0
24597116	0
195442	0
439722	0
4036670	0
18666750	0
251512	0
37018238	0
31096074	0
1286	0
1119238	0
502345	0
210820	0
3373865	0
3210020	0
42787443	0
6768398	0
3818837	0
29468	0
2295659	0
31003681	0
22678702	0
1027363	0
6450179	0
1920495	0
7323782	0
30352163	0
42472722	0
1709444	0
30313850	0
13439841	0
40634066	0
28958959	0
2746794	0
96765	0
76142	0
8989482	0
11158533	0
23989486	0
10966346	0
20569369	0
2541898	0
39088114	0
2256460	0
5844294	0
39040350	0
19172989	0
32415312	0
45211255	0
22167267	0
2116146	0
504400	0
6569225	0
122630	0
243372	0
159994	0
10524173	0
33525137	0
7800244	0
2890085	0
31873572	0
5884532	0
487878	0
655676	0
9018573	0
16284678	0
30633451	0
8945051	0
310582	0
2710443	0
5405359	0
2225320	0
1891199	0
7002622	0
8162766	0
450004	0
2397298	0
16792341	0
3900684	0
162873	0
1511782	0
11006202	0
351071	0
5955851	0
10727293	0
1830548	0
10880419	0
18425489	0
35161300	0
32670752	0
1693407	0
21063080	0
24129674	0
18997014	0
29446265	0
1507859	0
42194368	0
5768578	0
607058	0
22246288	0
46614861	0
21849797	0
286162	0
2407823	0
32931715	0
7507521	0
22847399	0
136686	0
3516650	0
1116565	0
972039	0
8311357	0
13332551	0
42200735	0
43098	0
35688434	0
3842225	0
1842815	0
555818	0
2715795	0
3658762	0
5794534	0
4913863	0
728793	0
2413154	0
25462171	0
2336182	0
26750826	0
8753274	0
33699461	0
127476	0
519053	0
3789516	0
7208318	0
40388981	0
37757513	0
42505605	0
26225297	0
22361419	0
13061341	0
16673963	0
32026934	0
283893	0
30988654	0
26231816	0
8853553	0
21076175	0
253536	0
4980349	0
38546057	0
43112749	0
11069468	0
7972970	0
5550520	0
4058866	0
620311	0
13951058	0
2880123	0
24918759	0
17029	0
24815816	0
6701458	0
7658917	0
7748557	0
7097443	0
14461075	0
43364725	0
36255552	0
43955002	0
11853497	0
9520247	0
17114897	0
153050	0
41883290	0
1558401	0
14047552	0
27955112	0
2973915	0
3763937	0
24440360	0
9927966	0
5820958	0
44089047	0
49001386	0
9135615	0
210536	0
5712457	0
14786545	0
308126	0
33894066	0
16709166	0
