20727674	1
119117	1
16187	1
2235726	1
11854188	1
6060798	1
11993362	1
1203232	1
1828460	1
10541224	1
1272663	1
343209	1
14999453	1
9138832	1
31148910	1
20535919	1
7182189	1
20409511	1
17356341	1
3232883	1
316772	1
11114228	1
20943569	1
139886	1
489521	1
20603162	1
117553	1
278413	1
17330811	1
118795	1
3621622	1
7798237	1
119115	1
1691614	1
1421820	1
7381149	1
5897941	1
17290837	1
10949992	1
23584542	1
24534418	1
5023223	1
7984838	1
1657125	1
23584528	1
117606	1
95100	1
1210286	1
1886774	1
924224	1
1346339	1
10271646	1
21293340	1
15307039	1
1359031	1
16081443	1
22833339	1
5090201	1
6480872	1
27400802	1
4649814	1
8218172	1
1061938	1
1513342	1
8705146	1
1102960	1
9539066	1
4157719	1
6048551	1
3799763	1
787424	1
4031	1
8278314	1
680632	1
968002	1
119068	1
610793	1
13450769	1
26714319	1
16326601	1
882218	1
4482348	1
6582167	1
117216	1
1457886	1
5632303	1
17706794	1
6119732	1
275775	1
117614	1
3788445	1
116986	1
951184	1
27430954	1
5207039	1
117045	1
3262885	1
119230	1
1636836	1
18745447	1
5833870	1
32247501	1
3199504	1
24325373	1
17146426	1
5507149	1
6064132	1
118915	1
118299	1
25728640	1
1427938	1
118141	1
117362	1
13314580	1
35291387	1
1609470	1
150828	1
3646644	1
7367967	1
12705142	1
119213	1
541267	1
3819549	1
22291334	1
161726	1
4508606	1
5425661	1
1806781	1
13891933	1
30929363	1
7079978	1
38053724	1
13222299	1
1748990	1
1520733	1
10079774	1
2571809	1
16693932	1
8023618	1
24268296	1
7167906	1
273222	1
47785056	1
20334173	1
14354825	1
1617432	1
815557	1
31416	1
117468	1
510803	1
5935315	1
105908	1
207199	1
24963946	1
1107755	1
24748251	1
11769129	1
117803	1
832537	1
13829593	1
1720690	1
9724992	1
554021	1
11163475	1
11231071	1
3464338	1
4651074	1
8091916	1
2120935	1
2412803	1
867641	1
117265	1
622294	1
7494828	1
117675	1
34040942	1
2386894	1
117347	1
404300	1
34310519	1
23823681	1
583947	1
95046	1
23395581	1
6754505	1
2991956	1
1017273	1
19159473	1
391658	1
37155204	1
23772809	1
28951463	1
14316528	1
5591115	1
7192027	1
4187334	1
4465051	1
117374	1
4946243	1
14517809	1
5989149	1
10991064	1
111401	1
5158868	1
620102	1
238192	1
1048955	1
30324193	1
37519797	1
3837487	1
4114166	1
5776591	1
96101	1
649275	1
1907724	1
6584131	1
10733660	1
148675	1
117859	1
759444	1
21286535	1
8667351	1
117164	1
2379199	1
119090	1
888315	1
481816	1
19923114	1
117905	1
26764267	1
117370	1
17213804	1
5198551	1
20709846	1
9482333	1
117372	1
3039735	1
205060	1
119194	1
1179978	1
33975036	1
5025856	1
11290298	1
8924844	1
7767036	1
11297132	1
6597533	1
148440	1
26758248	1
3860470	1
4469108	1
117880	1
2595542	1
1076922	1
6051383	1
118193	1
3313537	1
1114029	1
7552346	1
2402868	1
118045	1
117760	1
1537385	1
117012	1
8599	1
8110345	1
40224	1
14814258	1
1651520	1
37099582	1
117828	1
41834378	1
1287684	1
138730	1
1509377	1
2905071	1
4973950	1
1477365	1
43658431	1
36493903	1
7731647	1
17199326	1
129961	1
1549475	1
19991599	1
23181999	1
1357519	1
13800948	1
190199	1
112540	1
24428095	1
2157658	1
1012503	1
26886029	1
119214	1
26740069	1
93056	1
30372149	1
20277556	1
10949916	1
8898384	1
480424	1
157437	1
117178	1
4437941	1
1203881	1
764105	1
866484	1
509225	1
24498445	1
117005	1
545665	1
117946	1
240265	1
119299	1
13672645	1
902652	1
119278	1
91638	1
10116107	1
6804281	1
17906718	1
4354601	1
82981	1
2187755	1
20185	1
934306	1
1936862	1
4608390	1
51857	1
5104607	1
2767670	1
21572656	1
117421	1
117261	1
880581	1
13024799	1
2489878	1
38068454	1
22443323	1
1465039	1
25130349	1
1958409	1
23584375	1
223140	1
802797	1
117019	1
2470199	1
1118770	1
45267947	1
117988	1
604501	1
117849	1
3958364	1
22199037	1
41392416	1
117582	1
12285744	1
255669	1
838799	1
4322316	1
48519	1
24101137	1
13631549	1
3161985	1
361548	1
1854655	1
6759337	1
2480694	1
16836702	1
2994766	1
246678	1
1292361	1
6898340	1
536107	1
3248422	1
894714	1
34091749	1
3270734	1
2079161	1
54353	1
3187762	1
1675899	1
1826309	1
9798616	1
13303098	1
5290531	1
1324895	1
470827	1
5266518	1
117357	1
30283838	1
3562725	1
12567556	1
119237	1
9025617	1
544106	1
29103147	1
5454992	1
1079985	1
496468	1
3818960	1
9929243	1
6060952	1
32658414	1
95088	1
1345605	1
119000	1
118203	1
6266660	1
4354810	1
594729	1
17945178	1
197046	1
118074	1
3733548	1
2174566	1
13803388	1
14403945	1
42969	1
2086736	1
20010140	1
5988570	1
2685559	1
1978763	1
43844743	1
110984	1
41736443	1
2580403	1
31507532	1
8472428	1
119199	1
119277	1
1741958	1
117654	1
15792647	1
118025	1
1557342	1
23816221	1
112440	1
11564169	1
13248031	1
2151504	1
11593681	1
949747	1
2423863	1
2513460	1
14424095	1
10528004	1
40462	1
15432096	1
350364	1
117180	1
29756405	1
1364207	1
16408534	1
2341919	1
2344443	1
43827511	1
511477	1
3106745	1
2077705	1
2227897	1
41964	1
12636252	1
118277	1
20450233	1
578576	1
10381257	1
117909	1
2408334	1
27530247	1
5247906	1
2163183	1
5281259	1
2130872	1
4801342	1
1835482	1
117037	1
3256677	1
3183371	1
6424966	1
95056	1
4106576	1
40124537	1
16304774	1
118088	1
28790188	1
11301398	1
19513932	1
4481692	1
367040	1
7686733	1
1578061	1
19090647	1
25408	1
3080937	1
3418653	1
33188864	1
732550	1
15501850	0
26631632	0
13333874	0
1779598	0
3934965	0
4080346	0
3013752	0
9487651	0
34507586	0
1852232	0
21602595	0
23056618	0
22684241	0
2916142	0
595342	0
33941464	0
110586	0
5860058	0
13040338	0
14367671	0
12858106	0
29690608	0
4032798	0
1053628	0
356834	0
1955750	0
34702110	0
34023756	0
21807166	0
44324	0
34044957	0
6581909	0
49855	0
2076856	0
19043524	0
697480	0
51624	0
567252	0
20859120	0
17206493	0
5558802	0
26137348	0
1243084	0
4032870	0
18674939	0
5017297	0
28379818	0
755454	0
4165652	0
26940216	0
20151205	0
1455955	0
6838976	0
9127184	0
3897203	0
42635152	0
5524842	0
23486265	0
404444	0
9289020	0
16046948	0
28435949	0
21276418	0
1503795	0
10251250	0
499806	0
22334799	0
13564460	0
49479985	0
13547149	0
11258435	0
23251282	0
75029	0
10494375	0
2880625	0
799432	0
4040714	0
2184349	0
3920058	0
110061	0
20264002	0
1033374	0
159855	0
41008824	0
124291	0
2284867	0
7149254	0
27847887	0
18358542	0
121172	0
12404769	0
150415	0
3713622	0
41106552	0
13647541	0
8076912	0
1598183	0
7097342	0
21823086	0
10054154	0
39173779	0
139056	0
31236580	0
27049179	0
7509927	0
29468487	0
135985	0
13491357	0
13536966	0
6773050	0
39971080	0
23518704	0
7074714	0
13932192	0
14244899	0
37475435	0
15286717	0
1442742	0
4640422	0
19949530	0
10406706	0
1153177	0
10298225	0
1213696	0
24367897	0
17066744	0
192450	0
9976718	0
37211592	0
483448	0
40971844	0
13130339	0
35524875	0
29510122	0
1924474	0
637627	0
45466479	0
19877711	0
10036067	0
48721359	0
20393010	0
43516943	0
320104	0
2093622	0
6736939	0
893248	0
860421	0
7333446	0
43038280	0
2456668	0
4769265	0
16219406	0
3834945	0
11585342	0
8628438	0
38607482	0
31635316	0
2051564	0
41567896	0
125054	0
7430055	0
4464495	0
29464303	0
15332680	0
6688910	0
9865477	0
26898538	0
29332463	0
12482271	0
17454778	0
2306851	0
15212257	0
18777501	0
13710390	0
12340701	0
30862471	0
30863142	0
17298807	0
3584794	0
17988245	0
43505545	0
8550276	0
1536171	0
31387133	0
19985073	0
9531368	0
4605107	0
3157468	0
10799658	0
6523421	0
21236734	0
2892496	0
31584592	0
27902649	0
11289306	0
41301466	0
630169	0
2857744	0
8261602	0
3418988	0
2634891	0
40028873	0
24658400	0
42963819	0
1992044	0
106026	0
40975869	0
1787772	0
24110395	0
24661071	0
1248516	0
3647556	0
1547841	0
20015523	0
640472	0
951112	0
21849266	0
30529165	0
12158174	0
6276035	0
977673	0
3957024	0
3158539	0
10141138	0
19439833	0
767672	0
24040051	0
10016207	0
20751714	0
299489	0
3356006	0
29536628	0
23934834	0
21490256	0
8158850	0
43946355	0
12341304	0
1471587	0
2168968	0
31848047	0
6204481	0
2315952	0
5062059	0
4220882	0
20217069	0
13850970	0
5414128	0
1331511	0
19403233	0
36569921	0
3596963	0
25352101	0
13105888	0
48718166	0
9595825	0
1588479	0
233964	0
3184589	0
16132057	0
160116	0
4981189	0
45998	0
9780869	0
929093	0
17224990	0
2223457	0
13187493	0
29731553	0
41997256	0
33382022	0
14458652	0
41120896	0
29354907	0
9824230	0
863923	0
4860791	0
1498745	0
151630	0
32821942	0
24507701	0
3124166	0
8770957	0
16789543	0
7789992	0
8261868	0
24525337	0
10511086	0
1829176	0
30269914	0
1388834	0
37965115	0
6067611	0
12156711	0
809686	0
718315	0
6202283	0
2262382	0
32581570	0
98225	0
1518329	0
1619830	0
1205652	0
26055268	0
45246948	0
112913	0
8348385	0
8655337	0
290164	0
41013998	0
23986008	0
20769322	0
2480600	0
4968376	0
34044387	0
3202070	0
1234965	0
35765465	0
1132660	0
14656860	0
25659574	0
296774	0
20325540	0
4465984	0
12885889	0
18674332	0
5852014	0
106262	0
42009	0
27434656	0
18441577	0
11674397	0
44260734	0
14698879	0
40646723	0
6775909	0
1028186	0
9892214	0
15159807	0
31557	0
24569687	0
7205519	0
15687713	0
137755	0
5513048	0
16105621	0
18182990	0
262699	0
8921015	0
23275824	0
44075563	0
46468023	0
6786495	0
1995279	0
48086452	0
11413526	0
47535723	0
21061054	0
1858969	0
12417087	0
18845338	0
120969	0
15638579	0
898044	0
34350995	0
2268495	0
4091681	0
3276957	0
8914658	0
6010238	0
1910482	0
32780487	0
31281067	0
1092948	0
1748268	0
1420277	0
424893	0
29992942	0
17736629	0
137212	0
1014494	0
7413932	0
501593	0
6072905	0
458725	0
24568209	0
33641242	0
17442478	0
19400832	0
19523221	0
24157552	0
23728633	0
9633152	0
3543795	0
2785391	0
22083110	0
14484905	0
1202706	0
24497604	0
109673	0
27480821	0
15880428	0
12595140	0
16415714	0
11269730	0
9207160	0
1801266	0
19410909	0
14084757	0
4243039	0
8174014	0
38126029	0
12706319	0
17831149	0
13216454	0
35039652	0
15923899	0
3785814	0
3129363	0
7360412	0
16306621	0
7801733	0
950919	0
105603	0
15431663	0
24753139	0
20439062	0
17142041	0
31185204	0
16639471	0
331754	0
640670	0
11607339	0
511205	0
1219036	0
628843	0
14960580	0
14638388	0
7067	0
6923088	0
2154218	0
11817619	0
6300843	0
754142	0
2676070	0
1997451	0
16050235	0
5488505	0
40275434	0
3308390	0
27997123	0
130775	0
1137210	0
14744304	0
16905	0
6215572	0
4676437	0
4215350	0
27711787	0
12964178	0
27968314	0
18381228	0
6728126	0
44284965	0
21249568	0
1061426	0
7796729	0
14680776	0
309834	0
383111	0
40127453	0
442288	0
18946324	0
6916385	0
3685097	0
2925819	0
13890371	0
2189015	0
2361294	0
5980805	0
13517393	0
15474039	0
5421050	0
14718655	0
1036235	0
694705	0
43180664	0
4996256	0
4134532	0
470119	0
40286219	0
20455659	0
40149201	0
13714631	0
14313208	0
1610870	0
2971019	0
386711	0
19316585	0
5984078	0
909809	0
