555554	1
5120960	1
3083386	1
8847725	1
4614029	1
1787317	1
10283905	1
6051503	1
333240	1
10550737	1
20690219	1
117139	1
3781782	1
6998851	1
22365106	1
143622	1
1965639	1
7778216	1
24653333	1
28179	1
4162994	1
1990703	1
7783741	1
6311768	1
24152089	1
27338131	1
1251544	1
27975684	1
10158081	1
5334289	1
1100038	1
704652	1
12159551	1
116070	1
256383	1
2227192	1
96741	1
1304051	1
1597869	1
3194955	1
22057565	1
133164	1
16665405	1
16165857	1
5424343	1
6852371	1
7059408	1
713283	1
34828150	1
9449104	1
6250004	1
45450	1
842170	1
718913	1
565217	1
20341	1
245359	1
21481587	1
132359	1
24554860	1
4970179	1
140661	1
37098870	1
19858725	1
236646	1
4242317	1
4288772	1
14564801	1
25192095	1
22448698	1
3239305	1
18014590	1
25738090	1
1876231	1
15415063	1
3094500	1
10026250	1
407258	1
103497	1
6930507	1
20309658	1
13484781	1
16029513	1
28397375	1
400251	1
11230873	1
349028	1
269341	1
1386189	1
4912339	1
12018207	1
29485710	1
31563901	1
2797164	1
12656421	1
3507069	1
524024	1
1261419	1
1051338	1
5909173	1
38363969	1
2816303	1
34377279	1
125185	1
15056532	1
453590	1
1595952	1
106858	1
2511735	1
7266116	1
703968	1
2577083	1
2219932	1
1467285	1
25363594	1
448342	1
28557670	1
14483939	1
20860484	1
13439087	1
233570	1
3872624	1
34700877	1
95491	1
2304668	1
2890065	1
71083	1
15595955	1
1361067	1
178513	1
11848168	1
8518452	1
1218553	1
7847101	1
29589798	1
7891555	1
744485	1
2717992	1
8879281	1
3916560	1
382084	1
5442771	1
19488968	1
30990742	1
47342637	1
178155	1
2100593	1
26302249	1
871065	1
1060563	1
116677	1
4386045	1
79753	1
75870	1
619922	1
853318	1
6898231	1
155547	1
5858208	1
5184930	1
7923453	1
2947200	1
5671489	1
215428	1
37279599	1
450281	1
42548	1
475230	1
1529732	1
1153929	1
32976284	1
3973757	1
10761429	1
8129828	1
695644	1
9401406	1
123548	1
3528973	1
25603688	1
137816	1
429623	1
1584296	1
257311	1
20621450	1
108294	1
21102462	1
644586	1
4956377	1
1628786	1
12250046	1
291238	1
37063506	1
11372157	1
392335	1
4119376	1
2701	1
14602251	1
840197	1
4330584	1
137249	1
9840841	1
7370911	1
34654464	1
1787824	1
233717	1
162715	1
3096968	1
4328596	1
14529187	1
1827841	1
6771495	1
30406590	1
1698402	1
4890640	1
226675	1
555527	1
27975830	1
1100617	1
2598041	1
93503	1
3259034	1
454342	1
1180746	1
7462748	1
32929389	1
877392	1
961147	1
108408	1
1754684	1
4756653	1
31191860	1
1327639	1
3333767	1
26438506	1
8015001	1
25839969	1
18952975	1
1992483	1
62073	1
3887360	1
101006	1
137378	1
60626	1
178315	1
2417557	1
21688003	1
13477373	1
26772279	1
2823289	1
176069	1
4349459	1
10608977	1
2104842	1
94155	1
1443845	1
657841	1
2386403	1
4669260	1
877115	1
10056441	1
6172884	1
6552550	1
1062940	1
6194857	1
7016618	1
3197784	1
1920181	1
14624146	1
3593812	1
5709604	1
8736121	1
9384624	1
1356364	1
740039	1
97489	1
3590805	1
39433945	1
39271141	1
110321	1
2322074	1
8107648	1
3079903	1
853447	1
110255	1
5907691	1
31374571	1
636675	1
428897	1
9757695	1
6969158	1
38138	1
1660963	1
345548	1
425305	1
124571	1
13320891	1
24570313	1
28051213	1
28023138	1
1572044	1
8900827	1
13190961	1
620091	1
31662570	1
18973583	1
12527103	1
32727808	1
8876944	1
9818609	1
137209	1
644501	1
3017506	1
14401973	1
59919	1
140899	1
40347135	1
2680433	1
37482154	1
18861905	1
63125	1
9009598	1
2543316	1
18633300	1
7151403	1
629204	1
25808	1
40872234	1
1552939	1
91814	1
668151	1
552214	1
239573	1
12594562	1
27650026	1
737961	1
171480	1
1230141	1
1602561	1
3067053	1
9791036	1
27975795	1
47911	1
11793804	1
1053351	1
11658547	1
2242523	1
1021806	1
30720775	1
2013108	1
17703731	1
11359562	1
114259	1
907614	1
193422	1
3948003	1
3511945	1
16435788	1
21076367	1
5949160	1
23306833	1
4160702	1
322655	1
7246650	1
16717319	1
3343838	1
12062878	1
7276524	1
5497650	1
7273684	1
1271526	1
2327077	1
6798734	1
619700	1
131453	1
21788444	1
24552452	1
3268070	1
15662	1
3981120	1
4958611	1
2001200	1
124644	1
728307	1
4016366	1
32908773	1
10378352	1
860784	1
7340424	1
3496224	1
2275434	1
23577707	1
4104423	1
124518	1
42212612	1
6767670	1
4852862	1
38846	1
94742	1
1806222	1
36704952	1
8953546	1
25446918	1
599869	1
666362	1
404435	1
1435309	1
3652645	1
17746462	1
2297747	1
127903	1
63405	1
7246007	1
909671	1
2410271	1
692068	1
284767	1
795391	1
14934180	1
3542071	1
1035772	1
6324107	1
104688	1
30277587	1
27919570	1
8890640	1
181846	1
23578717	1
15152993	1
7165938	1
377694	1
10655290	1
10981997	1
266930	1
1033073	1
44740	1
259238	1
3774877	1
13261406	1
2642271	1
14289001	1
4357770	1
1654755	1
54322	1
29549481	1
11186	1
29380217	1
865328	1
9808645	1
13378422	1
776558	1
1144977	1
2855561	1
7809848	1
20586213	1
859877	1
2369588	1
48802771	1
259615	1
54753	1
10002787	1
9977086	1
7817817	1
15443128	1
26283693	1
6211759	1
263220	1
44805	1
4710515	1
6745310	1
535045	1
880868	1
29643702	1
1494532	1
38867910	1
10394596	1
7283413	1
4917	1
12843370	1
25451542	1
24326205	1
11996549	1
11246287	1
5250278	1
25289412	1
7159850	1
2772436	1
643804	1
445046	1
916546	1
124654	1
37966	1
5127668	1
11882360	1
696215	1
13470015	1
3274926	1
368020	1
48812669	1
17562	1
130998	1
35526865	0
7788300	0
28089965	0
10036642	0
41101658	0
1422397	0
21664681	0
37327415	0
20731543	0
39563304	0
21980636	0
11579435	0
11503793	0
1299984	0
21770728	0
132043	0
26503679	0
4612774	0
15579059	0
7523251	0
7000078	0
9735403	0
3358109	0
4784659	0
7408540	0
3579848	0
3186436	0
4849721	0
24565510	0
23822068	0
4607125	0
4148176	0
8096648	0
4899992	0
5242559	0
7874008	0
2469341	0
10410154	0
112613	0
15288840	0
22418934	0
35269708	0
1699276	0
2521200	0
42820418	0
31785962	0
12595737	0
1327045	0
15941915	0
44701047	0
46235196	0
39066697	0
15932031	0
31871422	0
34191227	0
27192714	0
381325	0
4911007	0
21607088	0
7095635	0
11542963	0
11197066	0
2636597	0
413552	0
7759658	0
13368098	0
23616834	0
9353923	0
8949767	0
708024	0
223898	0
40402119	0
2991137	0
737606	0
5767317	0
28352642	0
1105116	0
130267	0
9031174	0
45135513	0
5042657	0
26549327	0
20646405	0
10040164	0
1859165	0
6520284	0
3170415	0
7892	0
744572	0
11433647	0
17144703	0
11303699	0
115723	0
7236116	0
5946427	0
245819	0
32910410	0
5548725	0
42371019	0
47488636	0
892738	0
40012917	0
4604433	0
36641135	0
6786544	0
31807712	0
18553089	0
654354	0
1502329	0
5565726	0
1355663	0
112840	0
16911244	0
1501856	0
31106638	0
1548643	0
6457853	0
5587190	0
12472429	0
742035	0
5211818	0
4310490	0
3119730	0
15945008	0
25461817	0
14112923	0
7319309	0
10391990	0
3451077	0
99689	0
15763125	0
851498	0
240845	0
1431592	0
5461656	0
29178863	0
3485358	0
1419380	0
735214	0
3597805	0
34546514	0
5363651	0
21460316	0
3625053	0
30237919	0
134175	0
1366267	0
46315999	0
22577582	0
14055	0
8956290	0
2635558	0
7641928	0
3307654	0
26796026	0
17575939	0
39973157	0
31839680	0
21350090	0
2710995	0
25554631	0
16154000	0
1396270	0
327498	0
16689218	0
957421	0
406588	0
5072668	0
26580795	0
3031866	0
2183856	0
803339	0
12416709	0
230811	0
24859293	0
8433932	0
16313409	0
16978179	0
4070024	0
42225544	0
22670347	0
452431	0
26166626	0
38805858	0
2682886	0
1788990	0
21541195	0
20220021	0
2893510	0
7084910	0
953383	0
24048197	0
45160941	0
38335571	0
15148171	0
7148867	0
870675	0
46908609	0
39402711	0
38063867	0
4832430	0
39668	0
27109474	0
30404391	0
2607766	0
11742198	0
30306919	0
35031626	0
262120	0
1871878	0
734263	0
23412951	0
846591	0
27572502	0
1412408	0
291312	0
19137727	0
5378274	0
1735503	0
3624241	0
24934497	0
28472758	0
827890	0
34609946	0
35271516	0
20371224	0
4653070	0
7957666	0
5627379	0
8667858	0
6528178	0
16701931	0
26068911	0
27306414	0
4367323	0
12558362	0
36668194	0
15675295	0
4044262	0
19804250	0
34305215	0
27742001	0
13406090	0
18244723	0
1956478	0
31019230	0
18921547	0
36577283	0
20045177	0
25336084	0
12459420	0
38321021	0
7678009	0
369508	0
5938887	0
5398408	0
33028800	0
7097342	0
1852132	0
11683728	0
2191680	0
4156632	0
12469279	0
94132	0
40782808	0
36945850	0
2534776	0
38647064	0
827991	0
9225047	0
5795629	0
1520300	0
14630605	0
15519369	0
27332607	0
30873866	0
13255253	0
29372343	0
12151542	0
30105401	0
2373261	0
1004615	0
28288074	0
131582	0
35086808	0
122558	0
13141375	0
3433846	0
20072992	0
23070467	0
1606225	0
34158472	0
35701318	0
1517311	0
2621010	0
24277802	0
17625408	0
10872434	0
35628790	0
16690734	0
908632	0
17573132	0
276041	0
2673910	0
1448829	0
3916700	0
43713006	0
4298075	0
44148692	0
5358321	0
19968559	0
54639	0
25760925	0
12143691	0
14110556	0
12822363	0
12454679	0
29240265	0
13961934	0
23514209	0
26865371	0
7007955	0
72370	0
991819	0
991867	0
553903	0
16176403	0
14875076	0
769248	0
10856181	0
12484289	0
1017648	0
32034084	0
6201993	0
26306104	0
582842	0
3976144	0
2865750	0
48424171	0
8594009	0
20237578	0
5458929	0
8389387	0
23917031	0
6677186	0
878175	0
7611794	0
17607395	0
1425718	0
17732279	0
4083829	0
10524121	0
609347	0
17135651	0
677663	0
7475488	0
141030	0
1693811	0
110856	0
457858	0
1842790	0
20405331	0
8038635	0
3729800	0
22387841	0
9809519	0
4408638	0
27047475	0
12774107	0
23005544	0
4992416	0
3165834	0
16833892	0
28371201	0
2794528	0
5848383	0
13754404	0
14340959	0
17618452	0
2184209	0
39232495	0
13642282	0
2254196	0
42615845	0
22519	0
28324915	0
2827137	0
12706663	0
5690760	0
3954298	0
120947	0
1987098	0
10236743	0
14445361	0
5091342	0
14434130	0
1010129	0
14370693	0
22897996	0
11629424	0
1575600	0
2703060	0
3506165	0
7270356	0
9387862	0
10565925	0
9811312	0
7592456	0
12266122	0
30820906	0
2144442	0
3740792	0
5427176	0
810076	0
165561	0
47900875	0
69853	0
48388752	0
2086687	0
2145622	0
514199	0
20333432	0
23586735	0
901211	0
25707139	0
1448960	0
46435744	0
31633547	0
23681959	0
4271762	0
12877572	0
3962496	0
31058453	0
3909513	0
16993738	0
12522160	0
8761226	0
23170618	0
1856478	0
4073258	0
1004851	0
20399140	0
1744989	0
10848053	0
18907211	0
28011666	0
128528	0
15003920	0
87111	0
4250301	0
24835551	0
22314741	0
24092627	0
13002275	0
151220	0
17755467	0
8434060	0
114461	0
31097139	0
11882311	0
13087016	0
19662264	0
35565161	0
11050232	0
36992680	0
21379159	0
13567484	0
649661	0
11393362	0
16808939	0
628929	0
25029248	0
29071391	0
25225938	0
1220125	0
1967564	0
6166796	0
18818234	0
33235941	0
723810	0
7636123	0
21878820	0
3864076	0
21935625	0
34838991	0
1228578	0
4524985	0
27419469	0
37459304	0
37408398	0
20587994	0
37824979	0
3439709	0
8187015	0
13375653	0
1190131	0
377007	0
6969924	0
24662087	0
369436	0
