8186664	1
47668	1
6110228	1
1948381	1
52544	1
11677932	1
21098616	1
8072715	1
1428243	1
19608457	1
416779	1
9932386	1
35653625	1
1201469	1
37401799	1
26130790	1
254379	1
1130620	1
15214523	1
44805541	1
26922661	1
46312608	1
11745593	1
5032503	1
15212125	1
1705611	1
18875655	1
13498125	1
744909	1
24222218	1
326834	1
31112949	1
62556	1
3860112	1
39116	1
396517	1
4224701	1
3844982	1
40323434	1
2133388	1
231699	1
304519	1
27619	1
46344	1
11688529	1
87793	1
3052698	1
221468	1
28188261	1
7107032	1
10578247	1
8906722	1
334095	1
11590627	1
961045	1
8981929	1
27140626	1
1395361	1
33215620	1
1494514	1
20265317	1
9931098	1
2552251	1
725861	1
9674104	1
1302068	1
24397336	1
7332932	1
3353048	1
1750390	1
2372757	1
7371304	1
3598744	1
3048122	1
15947937	1
32680	1
2793449	1
10513360	1
3847140	1
3052820	1
16310	1
1195435	1
14434540	1
11303288	1
31025411	1
2967328	1
29021472	1
40438987	1
27177499	1
27304623	1
21880529	1
4206626	1
2074091	1
12425600	1
18684965	1
638205	1
47862808	1
31709262	1
36133974	1
13334580	1
1923	1
1451143	1
4726435	1
251379	1
5559385	1
2502728	1
6816119	1
24213406	1
45742	1
50614	1
27121038	1
1617753	1
44807	1
4448738	1
10927458	1
12859082	1
885504	1
54449	1
5821334	1
47517709	1
33142211	1
1127078	1
521434	1
3820010	1
18647923	1
4374584	1
1491171	1
46673879	1
37668619	1
16328097	1
5934286	1
161870	1
298593	1
19149675	1
11797200	1
2913658	1
15538558	1
628375	1
835132	1
7644953	1
3905781	1
854569	1
19819394	1
11246	1
627987	1
223259	1
46569698	1
957326	1
288204	1
1576238	1
6815092	1
42126356	1
3179205	1
245712	1
16868376	1
48479244	1
133671	1
46950	1
21486576	1
454788	1
14193001	1
34064135	1
13362682	1
4463477	1
30475266	1
2798886	1
13988338	1
4882177	1
29020158	1
38205988	1
4932663	1
2321821	1
97060	1
32239966	1
11051960	1
36425567	1
15514532	1
611982	1
58823	1
12586683	1
3009831	1
1946187	1
22075975	1
27438950	1
9751411	1
469908	1
314051	1
708064	1
2358	1
38246	1
252374	1
37527	1
1904353	1
3222002	1
18951616	1
3052800	1
13066436	1
9110750	1
2872215	1
1138809	1
21096883	1
11986590	1
40345733	1
1714536	1
2750923	1
15876755	1
28890428	1
1757248	1
9793102	1
42316360	1
16203895	1
22657307	1
28153	1
1392092	1
574307	1
24405774	1
2883359	1
621583	1
549741	1
517376	1
22107033	1
12710057	1
7688801	1
1364445	1
35814793	1
4446348	1
17608344	1
38337762	1
24265499	1
12015539	1
62418	1
27779699	1
4856500	1
31371717	1
5837205	1
12621109	1
6522628	1
18410199	1
42052989	1
11914703	1
22804140	1
160000	1
1327568	1
652807	1
81238	1
859611	1
15369	1
11998228	1
5678887	1
3291975	1
6815169	1
344140	1
450881	1
22867949	1
8406560	1
9696881	1
2115545	1
1347830	1
8104205	1
1226647	1
16381171	1
16085779	1
7031132	1
528894	1
2860808	1
18892651	1
199182	1
41912953	1
3757800	1
28658735	1
2191922	1
6211907	1
2421816	1
15645079	1
30258417	1
1229652	1
5117152	1
39057254	1
70502	1
4499835	1
1939232	1
57153	1
36948	1
6771135	1
29563860	1
7255073	1
1702316	1
31959557	1
797666	1
14223543	1
13421211	1
6960472	1
3477981	1
1908672	1
5420926	1
18375927	1
14043820	1
25942457	1
403190	1
3390676	1
9733618	1
7354812	1
7214386	1
4523680	1
531849	1
429498	1
288256	1
620300	1
201699	1
682095	1
29677924	1
3705859	1
1240035	1
24178527	1
1423847	1
29749681	1
354367	1
249485	1
1243179	1
9406626	1
5679052	1
8146222	1
1144080	1
850096	1
1153333	1
9826601	1
20936758	1
18006785	1
15808679	1
34349418	1
10323067	1
15584934	1
314090	1
11397088	1
42869603	1
6442144	1
227696	1
2615985	1
177201	1
9583818	1
2898746	1
5591064	1
20989835	1
412561	1
54360	1
15369731	1
1466937	1
16934775	1
44463	1
403811	1
2017224	1
5180915	1
80149	1
5087914	1
1122086	1
34615554	1
6771117	1
3326222	1
1631669	1
737279	1
9992610	1
33242870	1
239917	1
4835940	1
27488088	1
14161041	1
8002647	1
44093157	1
19229230	1
24698873	1
7324850	1
23808	1
1859417	1
8238990	1
18153577	1
1825320	1
6771232	1
592090	1
2345746	1
26049273	1
15144437	1
1561349	1
24905602	1
3351261	1
453748	1
26253062	1
8665283	1
850374	1
2090218	1
14404769	1
434342	1
31894385	1
774450	1
38408089	1
445928	1
726428	1
45056	1
6092637	1
7738500	1
1135894	1
4644073	1
8484925	1
806206	1
14949407	1
38953	1
19597279	1
77741	1
250461	1
15487431	1
12045931	1
82086	1
45105	1
2452874	1
14563368	1
147972	1
2325479	1
2204846	1
2050438	1
15116	1
11715434	1
45421725	1
32395939	1
3052540	1
6788875	1
6522776	1
5595163	1
377944	1
1733438	1
7952595	1
38412618	1
2000484	1
2712029	1
6534731	1
48416	1
44797	1
17654778	1
30872122	1
23848702	1
16974487	1
15172806	1
59705	1
5049873	1
11508388	1
13475018	1
13043	1
173191	1
351734	1
1896234	1
1793325	1
11791510	1
15586620	1
2461023	1
38034425	1
7337423	1
1457058	1
4306568	1
17528801	1
1411049	1
6558147	1
406962	1
26547	1
15476485	1
1810383	1
148783	1
4367549	1
4502380	1
2111837	1
23385893	1
23555563	1
213183	1
754234	1
2445059	1
6720386	1
29676041	1
45606945	1
5719956	1
24028	1
29028258	1
15237813	1
21438575	1
341877	1
1555596	1
16983056	1
47227906	1
6559473	1
27248	1
48891	1
46864574	1
265949	1
18942294	1
1734343	1
1588533	1
1276907	1
485171	1
1174808	1
735899	1
148456	1
57465	1
36116275	1
40309767	1
5006100	0
38456441	0
29481914	0
23089758	0
34829456	0
16593238	0
5981334	0
8768565	0
9467604	0
9297592	0
2529691	0
12940111	0
24989990	0
46516370	0
3044729	0
2956611	0
39783257	0
2910135	0
2662605	0
7861848	0
4809525	0
21060939	0
19432797	0
4876984	0
16889601	0
38974661	0
22077886	0
15688771	0
25412449	0
8742381	0
11408024	0
2626818	0
19334450	0
3366732	0
15277037	0
7087259	0
33262210	0
4037304	0
4933023	0
20470456	0
5289650	0
2162668	0
8229885	0
12872947	0
16810830	0
2361036	0
405480	0
9080569	0
1789047	0
4086883	0
3114382	0
22270991	0
28382806	0
7510564	0
1919438	0
30611076	0
3010488	0
36102633	0
1016433	0
1897462	0
4677327	0
5221940	0
259759	0
49519721	0
17453549	0
30318118	0
2246788	0
2942182	0
14617	0
6974652	0
2641371	0
11861479	0
25359971	0
32754163	0
642814	0
3312377	0
1345125	0
18764062	0
44616232	0
3499187	0
30571239	0
1041174	0
29426515	0
2988003	0
41300427	0
15686306	0
14570583	0
19076249	0
9566386	0
38080024	0
6728126	0
23942693	0
40030771	0
10383538	0
27803076	0
177536	0
1189308	0
6479946	0
43961872	0
8383598	0
16457401	0
21557307	0
2939632	0
16523804	0
16085531	0
5257816	0
1593982	0
34041675	0
43604624	0
3077910	0
5503421	0
39525865	0
6149762	0
31301633	0
848157	0
420515	0
35993191	0
3400525	0
12804	0
1963716	0
3267667	0
5620251	0
314673	0
324919	0
4677763	0
27846651	0
4516122	0
6778854	0
43874769	0
8017118	0
3944079	0
9678983	0
12479905	0
1903642	0
423052	0
12222899	0
40508662	0
1915525	0
15616556	0
41129110	0
7689104	0
2357077	0
5882728	0
46316615	0
3728569	0
18112371	0
3768865	0
12403675	0
25383779	0
7377195	0
14449823	0
11230828	0
18696458	0
1834238	0
4420375	0
73016	0
2726377	0
12450607	0
395277	0
16213794	0
8884773	0
779859	0
9419636	0
15239498	0
5389246	0
330449	0
2392558	0
29003543	0
43621640	0
5909909	0
1829525	0
3824098	0
12919774	0
2689309	0
14925518	0
6914691	0
4140957	0
15255332	0
8630037	0
6930624	0
16938122	0
8714535	0
11131206	0
2929331	0
6125938	0
2805480	0
1108415	0
6422704	0
15561788	0
11447323	0
5138755	0
11936186	0
31017755	0
5404370	0
2470532	0
921508	0
27277323	0
44151586	0
7686006	0
5422730	0
44497333	0
29481698	0
120020	0
152654	0
33692873	0
29133512	0
5141057	0
18282019	0
34992481	0
20341803	0
9898396	0
4159167	0
23702249	0
20237897	0
2972359	0
13252654	0
13349489	0
2561440	0
34475896	0
2471034	0
19492353	0
23961899	0
42099435	0
21154656	0
32423105	0
20506610	0
18610964	0
10028900	0
6729501	0
1411506	0
1975656	0
767291	0
523037	0
2361260	0
7198878	0
28799275	0
3256608	0
48604902	0
19572217	0
460690	0
37730453	0
8682695	0
33232705	0
15793135	0
13812424	0
18310600	0
23269730	0
45350266	0
5825171	0
1925953	0
22037749	0
9077671	0
48226409	0
7030596	0
2169442	0
35571156	0
11091878	0
1544630	0
970672	0
45181853	0
12346608	0
21261503	0
40585436	0
39892416	0
10307601	0
2306778	0
919973	0
4157075	0
20122635	0
3249696	0
8474117	0
386536	0
6109006	0
4527392	0
593300	0
1685672	0
4103358	0
121771	0
36165581	0
38779442	0
29486	0
1560192	0
10121969	0
26214851	0
25922612	0
1564541	0
9126426	0
28352686	0
8999219	0
27290270	0
1601511	0
26217848	0
28058377	0
18469959	0
106794	0
4442309	0
52043	0
2173698	0
11796451	0
8748100	0
27777392	0
34736362	0
2462696	0
586338	0
44059082	0
106618	0
35313233	0
44587095	0
5466802	0
2607408	0
555758	0
8968465	0
1047394	0
2486915	0
4660408	0
5779479	0
10588829	0
798163	0
28952052	0
23394723	0
463575	0
3603791	0
2575392	0
420125	0
11171323	0
238700	0
41159561	0
28164411	0
6263653	0
841376	0
6229703	0
23884324	0
5470704	0
3227196	0
6086466	0
5019688	0
26343871	0
12846136	0
1498027	0
47869062	0
8216881	0
4810714	0
24464991	0
5807339	0
36685732	0
8779429	0
10244085	0
40660622	0
1219531	0
49506570	0
614202	0
2614637	0
14875840	0
33818786	0
38371605	0
6278846	0
16640552	0
9366011	0
36545799	0
3196058	0
11125917	0
327455	0
7620162	0
1323032	0
6521800	0
26656678	0
6770171	0
8054172	0
48390304	0
2162718	0
1798741	0
33530161	0
30043581	0
898845	0
39216247	0
19350299	0
259775	0
4601470	0
20153419	0
1905897	0
47103092	0
297924	0
2417341	0
26244107	0
2031333	0
9785254	0
1175744	0
24552291	0
14668878	0
581304	0
5300316	0
5149765	0
6377345	0
841263	0
242281	0
22214179	0
260536	0
4724962	0
8352639	0
44970701	0
1398812	0
6620541	0
12714296	0
4098113	0
9786811	0
3717207	0
235980	0
8314221	0
12769987	0
4067130	0
47119884	0
18030538	0
36556654	0
19289345	0
1002871	0
23616834	0
12716200	0
395272	0
12790778	0
23134416	0
24457470	0
27125203	0
26347435	0
4536834	0
3866405	0
106704	0
571656	0
9122599	0
1365533	0
18800943	0
35732830	0
3256285	0
29406138	0
2040457	0
7376319	0
38169741	0
36106276	0
4601375	0
9658419	0
41360897	0
1947768	0
35596089	0
395098	0
6060853	0
2344491	0
20964996	0
10638665	0
402816	0
11262639	0
13319956	0
20895022	0
377377	0
615394	0
462173	0
1560539	0
4957548	0
11055874	0
27923358	0
2256880	0
2652140	0
36110843	0
18907810	0
18766427	0
1250521	0
44106181	0
13302296	0
14727952	0
8664840	0
6826562	0
47855864	0
21493989	0
6923364	0
7243212	0
6702263	0
100976	0
15106833	0
609987	0
27224139	0
39634188	0
8422348	0
32602369	0
4750076	0
665160	0
5542455	0
17138525	0
13900444	0
1639237	0
8852629	0
1505709	0
9327883	0
6780735	0
9869901	0
23233074	0
26380114	0
5973202	0
16459739	0
6769320	0
3230540	0
905855	0
99495	0
