579662	1
8623618	1
32683852	1
180456	1
407166	1
42640	1
4500197	1
13975920	1
335654	1
2514927	1
62123	1
216616	1
12535101	1
21238766	1
6774589	1
2669762	1
3376180	1
35480121	1
4298882	1
462070	1
202682	1
1864724	1
518436	1
1307115	1
46751431	1
154494	1
31716644	1
2229575	1
21663906	1
2476260	1
2362052	1
18584389	1
12947408	1
31748882	1
5885788	1
134567	1
15884863	1
4957378	1
4208526	1
10526801	1
3036287	1
1321259	1
143247	1
47249516	1
834373	1
10946809	1
1139588	1
21339493	1
11856971	1
154602	1
5570478	1
215191	1
1178458	1
8612642	1
3536284	1
15303550	1
1165709	1
1218478	1
6898352	1
25594567	1
11302735	1
26108223	1
18512327	1
13189151	1
6629198	1
31555344	1
8260479	1
33043344	1
42774936	1
4552846	1
1343190	1
5340870	1
30557860	1
1695723	1
1414225	1
1700151	1
289997	1
1159482	1
43584614	1
2412570	1
83312	1
2653607	1
9168334	1
100040	1
108341	1
1013063	1
3949332	1
7596198	1
3001141	1
1106380	1
22827957	1
198946	1
2207159	1
19171403	1
469462	1
1912279	1
212090	1
3019565	1
1945079	1
22785039	1
7679636	1
33701022	1
1496612	1
342015	1
54160	1
295597	1
25662532	1
7035931	1
248364	1
993532	1
151287	1
2291467	1
2676965	1
37783236	1
6778270	1
14492849	1
12996625	1
174716	1
421015	1
39548572	1
449749	1
3653506	1
8787422	1
1094475	1
20546643	1
675441	1
2089618	1
1673527	1
18327061	1
23474911	1
482693	1
19391576	1
4049391	1
1060872	1
812442	1
840163	1
40102878	1
706736	1
22460085	1
44628	1
444138	1
789135	1
2344283	1
15087533	1
7732	1
853155	1
41190931	1
14631354	1
7175865	1
1910898	1
46789905	1
1326798	1
6949277	1
4972239	1
35253160	1
322726	1
822363	1
382866	1
2013115	1
8554340	1
28284264	1
212067	1
954392	1
989687	1
3252506	1
3775068	1
17717333	1
5401392	1
333341	1
26572114	1
48702313	1
9529856	1
31273761	1
21230900	1
8929802	1
3854435	1
8226378	1
29284093	1
4388185	1
48259842	1
261259	1
2101067	1
53503	1
177270	1
5776856	1
2243769	1
31306661	1
3050962	1
4539602	1
2497183	1
2388346	1
1496774	1
37512991	1
23786681	1
7114912	1
914097	1
31692776	1
6887237	1
19131320	1
479239	1
19356611	1
17467336	1
2088404	1
1028356	1
79584	1
165288	1
3294938	1
338849	1
9668922	1
7449162	1
2872548	1
20444812	1
7023603	1
7062332	1
5188237	1
7459261	1
44275884	1
225494	1
6475459	1
1761625	1
58732	1
342991	1
242080	1
11685666	1
26306669	1
6798625	1
3547004	1
17319288	1
25787326	1
1087987	1
3314867	1
22122	1
11225826	1
866656	1
2558309	1
19729443	1
25902818	1
20137456	1
1546828	1
35107423	1
21392239	1
21173695	1
21493275	1
5833630	1
255304	1
8321367	1
935493	1
21339481	1
7983563	1
1737446	1
29494159	1
16757	1
40740793	1
235869	1
3764677	1
1774896	1
30640249	1
2968824	1
538723	1
38615104	1
15316197	1
15121052	1
2150105	1
489880	1
1345236	1
37175375	1
2206032	1
18385844	1
295555	1
15163108	1
33240386	1
5542838	1
55896	1
213735	1
5043650	1
13648431	1
1533342	1
289469	1
329871	1
3484778	1
10078282	1
21359801	1
3744231	1
4888072	1
408475	1
155973	1
3132799	1
15242812	1
602852	1
24119175	1
215619	1
1740653	1
147959	1
7850702	1
12138758	1
327342	1
974687	1
37238574	1
1658436	1
1729979	1
2551921	1
58928	1
14651435	1
28345099	1
1056188	1
17789399	1
9285648	1
3978493	1
58465	1
709257	1
5345735	1
1817094	1
2531763	1
7724501	1
94420	1
28079929	1
4853093	1
179375	1
160167	1
5981	1
880526	1
12836255	1
11780560	1
3649048	1
193611	1
952812	1
633782	1
291897	1
10359223	1
37802558	1
27683331	1
2806107	1
2262072	1
1240979	1
27118888	1
3488852	1
183050	1
1406431	1
8807756	1
8814960	1
1854977	1
11306262	1
995150	1
24713950	1
1333859	1
10350	1
5153033	1
26464755	1
27541232	1
19465009	1
302695	1
4684052	1
14302962	1
37532757	1
23976955	1
62811	1
251626	1
234508	1
24088467	1
3608559	1
1858823	1
9532055	1
33769135	1
17488713	1
25828603	1
417101	1
144739	1
21622617	1
409617	1
1915255	1
182494	1
613634	1
273621	1
2537171	1
3640268	1
41832589	1
6628822	1
246972	1
19196921	1
7814688	1
37978729	1
39494541	1
33832	1
2052981	1
20086138	1
186832	1
304311	1
3025187	1
1313416	1
26150176	1
3847172	1
32205540	1
2830508	1
27177505	1
2275438	1
152101	1
4289129	1
686022	1
3401395	1
592449	1
1673543	1
29278064	1
308430	1
5644974	1
10958212	1
10184	1
5166954	1
2543872	1
1179305	1
11717435	1
233741	1
720758	1
23561979	1
34754	1
21604684	1
8705561	1
8460792	1
4712109	1
2633953	1
2058855	1
490411	1
15643955	1
7400236	1
2630461	1
29904927	1
10855592	1
4589225	1
26323662	1
2352279	1
5232600	1
224738	1
34042437	1
190995	1
270262	1
1506333	1
25844903	1
11971398	1
11894655	1
46495917	1
1090635	1
30678235	1
21356019	1
614146	1
1995888	1
20029788	1
5792444	1
6767992	1
11740365	1
11154726	1
10025965	1
16291159	1
20831697	1
1158971	1
18957010	1
92995	1
6807493	1
28357595	1
6120527	1
35322127	1
6724	1
391930	1
2572256	1
1710655	1
41143368	1
27242733	1
3144694	1
5224846	1
1907413	1
2020841	1
18440035	1
41475225	1
1403409	1
26636018	1
4429888	1
6086378	1
8618444	1
1354061	1
11366921	1
20931664	1
3877016	1
4195398	1
2590316	1
4030152	1
48434171	1
1011843	1
5822477	1
14668980	1
6240032	1
26051181	1
43913456	1
3002600	1
115276	1
33654639	1
16365554	1
24146713	1
4070671	1
42336714	1
17725426	1
29461611	1
11338958	1
3875384	0
46663575	0
22263837	0
873505	0
40879710	0
1431183	0
34195662	0
11223647	0
390106	0
5401924	0
731668	0
7739387	0
137836	0
16002579	0
43874769	0
40866274	0
1163192	0
6204412	0
43557497	0
8949754	0
4083449	0
37027248	0
14541508	0
49536751	0
2901670	0
9095163	0
27784993	0
12190041	0
17006349	0
14525280	0
4240930	0
3136871	0
22641649	0
15112029	0
10165749	0
37197975	0
131337	0
10013664	0
36157932	0
2311040	0
7810800	0
3120711	0
11921107	0
2499634	0
915670	0
42550359	0
35953252	0
32659449	0
2179125	0
2936614	0
41742668	0
399531	0
3653825	0
37781191	0
26552042	0
37930501	0
384764	0
907321	0
5618535	0
237656	0
22792120	0
2824317	0
42646095	0
2223586	0
2511405	0
12025259	0
49629784	0
17522678	0
3493717	0
3450383	0
28879627	0
34463369	0
2975149	0
112109	0
30003751	0
21074607	0
6263204	0
39060072	0
4210758	0
28213661	0
138409	0
4089089	0
2299120	0
4593082	0
20617	0
37358121	0
15119576	0
2304207	0
5184205	0
15334609	0
1961346	0
43414684	0
10404838	0
33815687	0
7447542	0
41088781	0
7427451	0
6786399	0
6109201	0
18369619	0
131176	0
13768997	0
20084029	0
138257	0
1504901	0
34004694	0
2812972	0
727326	0
15160569	0
12274505	0
16084878	0
18815887	0
914237	0
23987779	0
40978502	0
1693068	0
46543731	0
37600271	0
110470	0
22191053	0
29599979	0
36562836	0
6618673	0
11094036	0
18678409	0
3425080	0
2831435	0
21924246	0
40528218	0
11899210	0
4153115	0
6047023	0
15653113	0
1463464	0
6516139	0
1401413	0
3300819	0
38879988	0
2604100	0
9581118	0
32109051	0
3103854	0
1987422	0
18090084	0
9185066	0
66715	0
31285966	0
2100611	0
7033522	0
869190	0
3947098	0
47140616	0
7150114	0
23597779	0
2460701	0
18500496	0
2390724	0
2870755	0
29003216	0
4948861	0
1781926	0
8850229	0
17107983	0
3614299	0
5990694	0
29632737	0
41585885	0
11653059	0
34305723	0
22946890	0
12179505	0
31464967	0
45529341	0
164360	0
10764189	0
39544137	0
4545729	0
2830345	0
1483833	0
443324	0
7468737	0
20409682	0
11999542	0
9975973	0
33556313	0
666534	0
1529749	0
10285992	0
22278549	0
11960336	0
42340857	0
895614	0
43846431	0
48847155	0
36639012	0
3731819	0
13355384	0
1108049	0
8164208	0
32661992	0
12762190	0
39993343	0
3511618	0
11939925	0
4558181	0
41988558	0
8005271	0
47593878	0
16002564	0
6702350	0
7170339	0
22456039	0
20218661	0
21989635	0
16795072	0
73903	0
15507493	0
11004504	0
12964871	0
4116307	0
1737909	0
1013658	0
9912514	0
24032297	0
136380	0
320223	0
634997	0
21506950	0
8744922	0
16958673	0
46512458	0
7236253	0
288256	0
10713772	0
18514023	0
32979986	0
1690579	0
1160936	0
23028158	0
4880466	0
27699165	0
44150304	0
48802771	0
5031767	0
1108004	0
1136888	0
22190009	0
5448620	0
7935455	0
142716	0
534231	0
17874490	0
2707736	0
39106920	0
17880675	0
9990451	0
40390068	0
764956	0
5658708	0
1061584	0
7589883	0
6693390	0
5512491	0
18212346	0
6102487	0
2291508	0
1137885	0
2728874	0
8578281	0
13912076	0
3201531	0
24463864	0
33574639	0
20107762	0
1337996	0
3251838	0
6753869	0
25647818	0
5231906	0
19596350	0
8512906	0
38202780	0
9772831	0
4920030	0
8541848	0
2465336	0
1422124	0
1129867	0
983866	0
2339486	0
2730556	0
5830775	0
10327002	0
44308384	0
2270667	0
12623412	0
24248952	0
718320	0
35943463	0
8258131	0
2548873	0
1598586	0
15720982	0
3534349	0
16495924	0
2207493	0
7515501	0
13485121	0
15062012	0
17463067	0
3213542	0
46449796	0
9266476	0
9577583	0
1425456	0
17646154	0
148646	0
27164335	0
39025556	0
649131	0
27341897	0
1773891	0
178564	0
4368037	0
16475510	0
12642797	0
44265	0
16951574	0
34167375	0
3019995	0
3658038	0
3548818	0
10924022	0
1303868	0
2641039	0
16279390	0
1116811	0
42993318	0
12243364	0
6454658	0
29621866	0
2160617	0
43650461	0
2054147	0
6410437	0
2026263	0
20538974	0
17273737	0
1047668	0
13493692	0
1884066	0
2876346	0
873136	0
38562882	0
37991379	0
20349443	0
207929	0
16028199	0
108352	0
463090	0
6167853	0
585725	0
2222601	0
19305276	0
20560944	0
33077385	0
1867437	0
16878185	0
964113	0
30480874	0
5576958	0
8936420	0
24858518	0
2597119	0
7680880	0
25665462	0
2234846	0
5597437	0
3568832	0
25779762	0
15651434	0
6792451	0
2629762	0
1587373	0
1021141	0
12842114	0
13110459	0
31637092	0
9756518	0
16083009	0
25265878	0
1116815	0
12010854	0
3524079	0
1219789	0
901627	0
34319184	0
1520391	0
17085306	0
6976040	0
1879782	0
25149012	0
9145113	0
18150475	0
18977134	0
245437	0
43041388	0
126776	0
4266424	0
5924097	0
5557389	0
3659169	0
34347515	0
5521686	0
25587463	0
30876599	0
17021537	0
40367994	0
37818689	0
42200711	0
12824549	0
24652722	0
5740347	0
3930748	0
754903	0
42485226	0
20133459	0
22906951	0
928771	0
6539570	0
27885739	0
4890583	0
5283063	0
2586278	0
14052818	0
94536	0
4620165	0
2825171	0
25736750	0
5913765	0
9389984	0
19742188	0
540586	0
7555049	0
11896834	0
3615082	0
2677611	0
26305767	0
2319649	0
561874	0
27255061	0
85578	0
1870977	0
3522138	0
38655517	0
14269113	0
3700023	0
5039978	0
12428220	0
28735040	0
2386148	0
43723852	0
4516405	0
8615456	0
1823920	0
5636131	0
24952849	0
78436	0
18949335	0
860912	0
11503188	0
2188510	0
6035042	0
35422855	0
287280	0
3539488	0
1466246	0
54088	0
42168712	0
9036403	0
21564927	0
2386609	0
2397045	0
122654	0
556754	0
26434658	0
49226273	0
23967533	0
17334845	0
26637318	0
3412142	0
1983345	0
13748406	0
21659164	0
118682	0
1226387	0
33957828	0
47373174	0
3928390	0
9076507	0
