2697954	1954573	0
296857	261938	0
1134157	669931	1
381488	250955	0
176419	33501389	0
297529	874503	1
22217	78358	1
302260	60706	1
102945	1608423	1
435901	60706	1
1180748	393991	1
89488	44288778	0
646743	60706	1
296857	669931	1
239870	18042409	0
220852	60706	1
239914	415099	1
1279026	2589963	0
4658487	254772	0
556380	80763	0
1180748	11443697	0
528002	60706	1
482161	6024689	0
10717580	4313592	1
385997	6072855	0
717904	3586474	0
453996	1608423	1
24454532	38739634	0
1279026	60706	1
3117962	60706	1
1058810	4211769	1
12566	669931	1
1868995	43303784	1
1399545	60706	1
28807156	79379	1
734321	3621978	1
760169	25907620	0
891855	6024689	0
28923831	79609	0
53545	383355	0
177697	1973693	0
1912348	60706	1
496361	2672077	0
1067911	874503	1
165311	6749	0
665542	10893	0
32098	383355	1
81756	60706	1
632132	79383	0
1147092	19568112	0
38731702	25675557	1
239216	27961684	0
3259288	1673660	0
1051436	4854731	0
26977	30374	0
5786	4180272	0
17060962	3902982	0
1147092	12821271	0
3236164	79585	0
288421	60706	1
646743	427029	1
38420	669931	1
8075392	33494851	0
2059034	7630117	0
6310	6190770	0
169136	760753	0
1971511	3850	1
10430347	3621978	1
18426501	669931	1
295193	5805889	0
429415	6643	1
637381	79387	1
885071	4061246	0
1840325	79703	1
88065	1608423	1
5010403	47998221	0
181275	362133	0
29353	415289	1
295193	60706	1
513989	874503	1
4215028	11604804	1
2443963	60706	1
299977	32558	0
521116	60706	1
205591	79394	0
13227543	27672	0
502336	1685403	0
245772	12472437	0
6047747	10568	0
1181317	1974687	0
34811356	9697712	1
2146339	254776	0
1498327	3621890	0
532213	3621978	1
288123	1974782	1
404570	25675557	0
169136	3902982	1
7955325	14704734	0
463250	39572035	0
770313	669931	1
10374816	6144166	0
2159872	78455	0
765199	29773	0
154521	60706	1
1853980	22425760	0
1147092	1608423	1
844448	194904	1
31924	669931	1
430029	3857534	1
2336320	36394288	0
23811298	1974545	0
503118	669931	1
430029	1511632	1
1930485	60706	1
10403508	669931	1
23460031	10623474	1
251208	60706	1
60799	60706	1
988951	1755163	0
4952057	874503	1
23951113	2262584	0
563285	415094	1
3474257	393991	1
24454532	79636	1
1618582	1034372	0
3793271	1973648	0
2991130	79394	0
2059034	754264	1
282250	38680765	1
330339	265697	1
1363847	3621978	1
435901	19568112	0
429415	12093571	0
230547	262476	1
639515	1608423	1
60799	17215351	0
988951	669931	1
26468252	3956	1
282250	60706	1
78144	898353	0
1662464	262534	1
31793	36394288	0
31924	25402	0
236557	60706	1
364014	78455	0
11888532	5112819	0
637715	1462983	0
1831371	60706	1
317478	12821271	0
479169	79619	1
535684	669931	1
2084233	6144166	1
61263	17008353	0
1181317	60706	1
251208	531687	1
5689524	32558	1
1134157	5565176	0
3117962	78455	0
1640448	393991	1
543894	669931	1
624201	1608423	1
880200	427029	0
22217	3857534	0
239914	2589963	0
32005	669931	1
632113	393991	0
494785	898353	0
404570	669931	1
518608	60706	1
537010	874503	1
1317690	3519151	0
3259288	393991	1
268451	261927	0
93573	393991	1
26468252	11002110	0
942366	78023	1
568252	27367014	1
268451	669931	1
760169	4061246	0
510924	1183842	0
995635	6265571	0
31927	1608423	1
3028119	21142377	0
4437312	79704	1
885071	254776	1
3519140	40865555	0
264573	669931	1
4194584	6144166	1
428933	578179	1
2210615	60706	1
3359116	11658094	1
5786	44292079	0
765199	60706	1
1498327	79703	1
736857	79398	1
3235792	4313592	1
641672	60706	1
574718	79585	0
646743	9765241	0
532213	11401641	0
1419441	79636	0
385843	669931	1
330339	42217114	0
12171282	4243	0
428933	19870544	0
543894	255188	0
1905392	9431464	0
646652	262514	0
205591	60706	1
2927825	393991	1
754155	262481	0
219952	60706	1
233155	16459982	0
635665	42116087	0
303903	60706	1
2476533	250955	0
2991130	1608423	1
1061971	7885	0
624192	1608423	1
563285	5805935	0
863620	1462983	0
3891260	18084	0
744308	79595	1
165380	38739634	1
496361	415281	1
5634473	4830591	0
19817390	669931	1
886363	393991	1
3649046	39671127	0
416813	78358	1
230311	669931	1
5225809	3921	1
14330	25402	0
239216	669931	1
31923	1973842	1
496738	450550	1
590391	261954	0
24627292	30374	1
181548	79371	0
23964683	1742589	0
19478554	6915702	0
48084628	79375	0
1607768	393991	1
966816	60706	1
194026	60706	1
14330	60706	1
272064	10893	0
5189000	18586236	0
303903	79397	0
2187958	60706	1
322889	578179	1
966816	18084	0
31920156	1973648	0
78144	1608423	1
870256	10577579	0
8093203	43715848	1
18426501	579089	0
646652	60706	1
1417032	4313592	1
332070	60706	1
1399555	11002110	0
295238	79595	1
213819	578179	1
498528	735092	0
824003	60706	1
101681	79398	1
465598	669931	1
1354218	79709	0
734321	893450	0
53545	393991	0
1783779	17008353	0
14572248	6144166	0
30872282	1742589	1
942366	567655	1
744519	60706	1
23964683	669931	1
582163	79597	1
482161	669931	1
641794	16734597	0
665542	60706	1
632113	79595	1
33507	754264	0
16079	3857534	0
503307	415281	1
327950	669931	1
3977021	344462	0
2380105	60706	1
1761802	5010604	0
496361	4180272	0
880200	669931	1
824003	25675557	0
23950539	3621978	1
5608867	5608867	1
1127589	12821271	0
1607768	35021711	0
641672	578179	0
43051	3902982	0
283853	60706	1
7954643	383355	1
5689524	80763	1
300325	43303784	0
416813	39671127	0
2276304	393991	1
2606979	393991	1
5689524	36161221	0
161726	79371	0
15590256	3621978	1
194026	10568	0
4245986	393991	1
78138	79394	1
633572	669931	1
31776	669931	1
731043	33619	0
2276304	1685403	1
98521	60706	1
4020323	79703	1
197798	874503	1
102945	1973648	0
1107248	1974722	0
41347145	60706	1
3169543	393991	1
53545	79369	1
1388842	415094	0
639954	3902982	0
4717	754264	1
578450	261954	1
23536538	60706	1
910732	60706	1
1545555	393991	1
472878	552381	1
1067911	5805889	0
910674	508111	1
295229	578179	1
5189000	3621978	1
2059034	393991	1
1618582	669931	1
561696	874503	1
753577	33501389	0
891855	261938	1
628169	60706	1
188638	427029	0
228600	78455	1
460274	16722353	0
43051	79398	1
15414508	262501	0
611159	2459876	1
5689524	22425760	1
465598	567655	0
299977	60706	1
537010	78433	0
742578	669931	1
2160265	30374	0
11099584	11604804	1
1317549	3857534	0
961817	1685403	1
12546534	17008353	0
1893665	1608423	1
6310	36394288	0
3359116	4243	0
1417032	10577579	0
1127843	18491117	0
4157	12073860	1
6186131	60706	1
418091	669931	1
88065	262476	0
248437	1969634	0
490310	735092	0
164636	79609	0
703782	3857534	0
582163	672965	0
342555	3902982	1
639954	669931	1
2236	383355	1
5402700	415281	0
2606979	11598736	0
245807	6310	0
297529	16734697	0
2993166	60706	1
521116	22319599	0
1135188	78151	0
241099	898353	1
8093203	37899123	0
101681	16648637	0
4616783	393991	1
1818211	1775852	0
518608	79619	0
2273027	79383	0
4990469	60706	1
239274	669931	1
1147092	79703	1
624201	7302515	0
523163	5966597	0
12566	344462	0
448821	43803148	0
32173	415281	1
4437312	79369	0
497586	1608423	1
1969565	415094	0
624192	32386912	1
2159898	5220705	0
1127843	393991	1
995635	669931	1
237999	60706	1
561696	12093571	0
264142	60706	1
1181317	3902982	0
23460031	39671127	0
295119	60706	1
1498327	1608423	1
41347145	12073860	0
563462	5608867	0
29353	26590	0
564351	79609	0
16263030	3849696	0
181548	669931	1
230311	3921	0
177826	1971074	0
80135	254776	0
170430	9202312	0
635665	669931	1
2336320	60706	1
93573	38524416	0
10239876	47998221	0
10403508	78433	0
11070293	531687	0
28923831	669931	1
886363	217227	0
42745	25907620	1
753577	60706	1
1567946	11604804	1
496361	552381	1
84077	4830591	0
1399545	3902982	0
460274	60706	1
608699	669931	1
300325	3519151	1
295204	874503	1
590391	60706	1
2579205	60706	1
392902	669931	1
2117400	393991	1
513989	21110227	0
9433478	3621978	1
15449125	3726750	0
561610	4313592	1
1419441	60706	1
11099584	18555660	0
7722792	22425760	0
778086	639727	0
295119	1511632	0
283853	44288778	0
47713939	1608423	1
19626551	3621978	1
175984	60706	1
4717	5565176	0
1287684	393991	1
778086	60706	1
1262976	64223	1
512421	874503	1
43832601	25209604	0
1399555	60706	1
231683	2370410	1
3102431	4550968	0
84749	578179	1
535684	393991	0
563462	60706	1
190465	669931	1
4224686	2589963	0
165311	60706	1
2146339	1608423	1
173741	4211769	0
530869	669931	1
177826	79619	1
597542	7885	0
428318	79375	1
164636	60706	1
2697954	393991	1
32043	669931	1
165380	552381	0
639750	1974782	0
717904	393991	1
190465	1037270	0
2212694	3921	0
287937	1973816	0
436078	1511632	0
297486	2589963	0
453996	3921	0
885071	60706	1
3742874	1954591	0
563285	669931	1
181275	60706	1
3474257	16933230	0
9433478	2962586	0
383452	14790	0
611230	60706	1
961817	18951490	0
170430	669931	1
1048951	6310	0
632113	5805889	0
611143	362133	1
384432	669931	1
323072	3402793	0
32043	1765621	0
311799	6643	0
1051436	393991	1
364014	874503	1
12008805	874503	1
518608	6310	0
1912348	79371	0
402032	79379	1
219952	36161221	0
4056864	1608423	1
4215028	2231586	0
5634473	3113072	0
16079	669931	1
611230	3402793	0
632113	660948	1
381488	660930	0
154521	5576992	0
288246	2407669	0
986739	44292079	1
9176399	262534	0
556380	60706	1
37039376	79704	0
29353	12073860	1
3271378	172599	0
189946	393991	1
84077	874503	1
1818211	16722353	1
3866484	6356725	0
1344186	261927	0
760169	79630	1
22503509	9697712	0
953387	60706	1
215849	25675557	0
428318	669931	1
292242	1974722	0
390375	78433	1
14766274	1462983	0
230547	21798422	0
42745	21834361	0
23922	6915702	1
36591468	3921	0
1058810	393991	1
953387	5220705	0
4444349	1462983	0
760169	1608423	1
1173943	18070438	0
26468252	10568	1
1245250	404595	0
29276806	79398	0
1893665	1973693	0
80734	49132	0
3866484	393991	1
24454532	262514	1
1841877	3850	0
731043	60706	1
628169	669931	0
1287684	9720173	0
503307	44288778	0
3169543	7623890	0
1573242	28942905	0
31924	415099	0
5786	60706	1
266680	79394	1
173741	60706	1
175984	12093571	0
428933	60706	1
2579205	44292079	0
2276304	378817	0
43832601	578179	1
947784	5264608	0
237999	47998221	0
3081098	2421594	0
4245986	3898354	0
5010403	60706	1
32457668	5112819	1
230547	33619	0
295238	6190770	0
24627292	1037270	0
7332932	1974782	0
67240	262514	0
1930485	21798422	0
988998	79597	0
53545	669931	1
87011	2364199	0
1566553	6643	0
5468207	5608867	0
311799	669931	1
31927	4830591	0
509227	1608423	1
1317519	261954	1
966271	79636	0
510924	874503	1
611230	669931	0
45893	8714883	0
4429562	1812092	0
578450	1370306	0
22506	4313592	0
288421	22319599	0
295119	30123003	0
38420	5966597	0
1857091	64223	0
2236	23186811	0
578450	60706	1
637662	19870544	0
910732	1775852	0
429415	4300	1
295139	16078	0
3354114	47998221	0
252991	874503	1
1344186	60706	1
1831371	36161221	0
381488	261906	1
4151907	21110227	0
4952057	43803148	0
578450	79375	0
496406	60706	1
529687	262534	0
24627292	3921	1
322889	1974545	0
2273027	60706	1
1388842	669931	1
428824	1608423	1
472878	44292079	0
6116549	79379	0
323078	12936521	0
891855	60706	1
42081549	25675557	0
2448407	669931	1
13319746	4243	1
282250	1034372	0
4476217	32386912	0
221671	1608423	1
15449125	25907620	1
6310	6915702	1
32098	5805889	1
2476533	669931	1
13565688	1511632	0
26977	669931	1
637715	669931	1
37447019	2370410	0
510924	33182645	1
252991	9431464	0
101681	60706	1
32098	35700940	0
1498327	43715848	0
43400353	4313592	0
2993166	15784878	0
4277294	7885	1
490397	79597	0
28807156	25209604	0
641794	79703	1
502336	60706	1
910569	33501389	1
3028119	393991	1
1905392	9697712	1
44282220	344462	1
38420	78358	1
2059034	10568	0
1969565	60706	1
582163	669931	1
2297348	1608423	1
1723253	60706	1
461702	5576992	0
42756056	567655	0
282250	579089	0
8075392	3621978	1
2572700	255188	1
297486	60706	1
2006647	27961684	1
744519	254776	0
1723253	79387	0
1723253	4243	0
639515	9431464	0
619230	12821271	1
384432	19870544	0
288246	3857534	1
1893665	79703	1
7954643	9482022	0
6207062	18951490	0
2443963	4211769	0
264142	552381	0
1317690	60706	1
1573242	393991	1
83266	30374	0
4616783	11415810	0
736857	172599	0
719810	393991	1
611143	4497558	0
81756	254772	0
378504	669931	1
323078	669931	1
3742874	393991	1
742578	207038	0
518608	1608423	1
436078	874503	1
484026	415281	0
20306321	262495	0
272064	4211769	1
499088	60706	1
31793	60706	1
493706	669931	1
3304131	43303784	0
428933	18084	0
1698245	415094	0
36591468	1608423	1
287937	60706	1
1283833	874503	1
385997	415099	1
3236164	22538985	1
6310	12073860	1
1577285	78455	0
1107279	12073860	0
1859	78455	1
283853	30123003	0
4429562	79375	0
3742874	262501	1
910674	27108044	0
1317519	25907620	0
22506	60706	1
1287776	1973648	1
717789	393991	1
10064144	415094	0
4051408	578179	1
2210615	79609	1
19304424	415094	0
22837432	60706	0
4429562	393991	1
472878	79595	1
870518	760753	0
448821	60706	1
197798	508111	0
81223	44288778	0
31652274	12073860	0
23951113	3621978	1
189946	10577579	1
5250767	11002110	0
342555	18042409	1
177697	3849696	1
490310	669931	1
15590256	1724322	0
2117400	5861575	0
15055594	1973648	1
1283833	7328829	0
497586	754264	0
717789	14603992	0
947784	16569023	1
3271378	60706	1
239811	669931	1
402032	1608423	0
184605	10581768	0
1783779	5565176	1
1107279	578179	1
302260	30123003	0
496406	16734597	0
835952	47998221	1
32589569	32525701	1
4051408	7518800	0
86645	78455	1
632132	669931	1
12786654	2895546	0
225577	1921670	0
10717580	1973648	0
633572	622572	0
5853912	1969634	0
1567946	3651839	0
295119	578179	1
12786654	393991	1
16820448	578179	1
6186131	6024689	0
512421	404595	0
4990469	8714883	0
225577	669931	1
2380105	1034372	0
2032411	393991	1
530656	1608423	0
719810	231364	0
3028119	78455	0
744308	660930	1
754155	754264	1
428824	2407669	0
81223	262487	1
2160265	17030696	0
1354218	874503	1
947651	60706	1
597542	669931	1
31924	79379	1
221671	2407669	0
2159898	60706	1
493706	79398	0
213819	52653	0
215849	754264	1
67240	60706	1
21932576	1973842	0
26468252	32558	1
2297348	735092	0
523163	60706	1
503118	1949968	0
3519140	393991	1
245772	393991	1
342748	262514	0
184605	669931	1
1127589	79703	1
9176399	1973816	1
23811298	4005126	1
1058810	16964593	0
844448	25486625	0
472878	262487	0
98521	12073860	0
32589569	8553020	0
5634473	2589963	1
639921	25907620	0
87011	669931	1
10430347	44292079	1
5096096	660930	0
1549167	1037270	1
381488	874503	1
9176399	1229170	1
1317549	60706	1
3649046	60706	1
23950539	378446	0
23922	579089	1
23878035	1685403	0
418091	4830591	0
283853	1511632	1
624192	43803148	0
1594443	3621978	1
528002	21110227	0
13824442	32558	0
38420	4005126	0
13792254	393991	1
30863849	79595	0
2187958	19921489	0
4346570	393991	1
236557	4019884	0
877590	898353	0
2006647	265697	0
230547	60706	1
1480131	1969634	1
13808176	579089	0
760169	1034372	1
220852	207038	0
429415	27672	1
32005	47998221	0
213819	1973693	1
4056864	27672	0
221671	669931	1
4151907	44292079	1
1181317	754264	1
498528	60706	1
624192	415094	1
608699	415289	0
2572700	7302515	0
1840325	39572035	0
966271	60706	1
1164271	255188	0
479169	531687	0
233155	669931	1
383452	1608423	1
10430347	32274836	0
4658487	1608423	1
1761802	3621978	1
942366	262487	0
332070	12093571	0
732627	393991	1
2160265	79387	1
18935345	22532070	0
499088	2555035	0
22704565	78433	0
503307	669931	1
428318	415094	1
295139	79398	0
637381	2589963	0
89488	60706	1
639921	669931	1
2159872	60706	1
1640448	10870033	0
245807	79703	1
13792254	12726100	0
530869	9765241	0
870518	874503	1
798120	17008353	1
248437	415099	1
4224686	60706	1
1859	6190770	0
176419	874503	1
637662	669931	1
770313	78455	0
378504	261927	0
1702844	38680765	0
323072	669931	1
13319746	22425760	1
5689524	1462983	1
5634473	60706	1
23922	4550968	1
1058810	3621978	0
2927825	2262134	0
574718	1685403	1
189946	41502434	0
80135	60706	1
1173943	393991	1
947651	79709	0
24627292	32558	1
32173	17215351	0
33507	60706	1
568252	207038	0
1071161	3621978	0
385843	3850	0
29871880	79394	0
479169	39572035	1
561610	6107799	0
639750	669931	1
2448407	6310	0
21532584	578179	0
732627	5821428	0
863620	3472832	1
1723253	578179	1
490397	60706	1
295204	79636	0
23536538	10581768	0
1048951	1608423	1
163506	393991	1
43051	60706	1
13344878	78151	1
885071	1974687	0
496738	262495	1
1363847	4416865	0
81223	19568112	0
948375	36959358	0
1135188	12936521	1
18935345	3621978	1
80734	669931	1
19626551	3268315	0
4274795	1037270	0
342555	16583784	0
2355610	33501389	0
496361	669931	1
221671	250955	0
2032411	3001486	0
4157	12936521	0
31776	6190770	0
41692963	578179	0
251208	44292079	0
12008805	6310	0
11380724	33182645	0
461702	669931	1
295238	5576992	1
161726	669931	1
5250767	60706	1
3891260	60706	1
264573	567655	0
7204887	261938	0
2476533	79375	1
674234	669931	0
44281818	18951490	1
4444349	60706	1
81223	578179	1
43051	6190770	0
5962154	78151	0
61263	60706	1
1245250	1608423	1
6869290	669931	0
744308	415281	0
288246	1229170	0
327950	9431464	0
2160265	669931	1
509227	2555035	0
496738	1969577	0
5853912	1742589	0
392902	508111	0
295139	669931	1
1107248	60706	1
32098	18951490	0
3354114	669931	1
11538927	3956	0
3081098	3621978	1
239870	669931	1
1702844	1608423	1
295139	874503	1
4346570	33153026	0
7955325	383355	1
32804753	79703	0
4020323	1974722	0
10430347	660930	0
1164271	60706	1
47713939	36161221	0
283853	36959358	1
3202683	79704	1
6304655	79394	0
877590	5805889	1
428318	19921489	0
611159	21110227	0
45893	669931	1
295229	27102871	0
163506	23707915	0
24627292	16648637	0
402032	669931	1
292242	669931	1
1545555	38951424	0
