4171	1
469853	1
878643	1
26683	1
440405	1
146769	1
93604	1
51965	1
12177035	1
64585	1
545607	1
5436369	1
100340	1
1135819	1
1037063	1
2439716	1
7175	1
51857	1
179529	1
5734682	1
129648	1
2554565	1
163854	1
114747	1
28754	1
27773	1
121711	1
329010	1
626168	1
183304	1
973957	1
536979	1
8687	1
29355524	1
753850	1
16143	1
7282885	1
299220	1
109038	1
59251	1
1776286	1
2340298	1
220162	1
17362476	1
260910	1
953041	1
586412	1
108106	1
33069295	1
171313	1
1137976	1
502134	1
253645	1
108528	1
1870260	1
5818780	1
237564	1
497932	1
7406979	1
104662	1
259238	1
300499	1
4504417	1
112569	1
3818926	1
657774	1
5220893	1
12482413	1
1166399	1
3198526	1
437001	1
400293	1
1240381	1
368441	1
196590	1
103244	1
2641401	1
264872	1
13371	1
1034487	1
230547	1
39356	1
529161	1
287130	1
241865	1
132743	1
62578	1
913710	1
116023	1
498265	1
175385	1
29631	1
1461927	1
126800	1
76868	1
57849	1
42560	1
217513	1
22308	1
526058	1
261726	1
4044326	1
1584727	1
108405	1
1266003	1
27040	1
22933503	1
191436	1
267790	1
9352730	1
1888064	1
15441005	1
698511	1
156731	1
109740	1
143761	1
25267183	1
102378	1
6372958	1
80313	1
379489	1
602851	1
1523160	1
142473	1
517943	1
33163	1
39102	1
125490	1
2422699	1
389780	1
2477738	1
2298743	1
13774	1
27265954	1
253147	1
2027234	1
1188322	1
23603	1
136566	1
17385136	1
842686	1
30486003	1
178403	1
2487940	1
68208	1
34057578	1
7797191	1
240146	1
4487	1
2065	1
134693	1
863491	1
7998376	1
3233589	1
23386500	1
66240	1
25195371	1
305764	1
443333	1
25426557	1
5971573	1
1368265	1
1318140	1
1834704	1
362329	1
25244122	1
2263491	1
1460806	1
46377	1
192724	1
157772	1
28291766	1
172538	1
61188	1
70348	1
5788283	1
44848	1
19407815	1
147675	1
960922	1
3286723	1
133011	1
51074	1
350610	1
8266739	1
133601	1
331986	1
452252	1
351952	1
618273	1
72754	1
9039	1
329088	1
2885330	1
403090	1
20609622	1
581035	1
6886	1
1567547	1
24131	1
37809845	1
5077421	1
4737	1
309953	1
18188	1
132045	1
8579606	1
33138	1
178591	1
1071623	1
131528	1
224637	1
23503	1
179331	1
40067447	1
26176567	1
7680875	1
6721271	1
350215	1
869226	1
116534	1
385762	1
8589050	1
3060423	1
74598	1
12099	1
8057184	1
32642977	1
6689554	1
1969795	1
565563	1
130056	1
213819	1
383589	1
256711	1
115035	1
183068	1
127009	1
10076017	1
2239652	1
638599	1
3324292	1
116358	1
257271	1
2411718	1
122258	1
2923063	1
12232462	1
11407709	1
4903716	1
60588	1
48221621	1
318870	1
1418768	1
659016	1
310742	1
425757	1
38801360	1
340454	1
5233	1
57700	1
74567	1
1853066	1
116917	1
2362536	1
4656021	1
369057	1
22706	1
1129000	1
368377	1
240089	1
95630	1
200475	1
1216438	1
339892	1
19605492	1
250145	1
1581664	1
71043	1
271004	1
1763249	1
33904	1
203421	1
134464	1
3972544	1
113604	1
2793688	1
437757	1
332667	1
617207	1
3186431	1
115308	1
1047662	1
51745	1
180263	1
4009298	1
3337560	1
11894304	1
119367	1
27005785	1
119153	1
32022	1
29656	1
33166	1
113157	1
21285632	1
5235588	1
360815	1
424409	1
6118617	1
97427	1
335195	1
37949349	1
25167165	1
2643667	1
135750	1
8242057	1
2045314	1
7412236	1
200269	1
787983	1
1142382	1
94196	1
119135	1
206996	1
509497	1
998756	1
579599	1
24433301	1
195542	1
98581	1
80077	1
113371	1
316124	1
232642	1
26417	1
446905	1
537979	1
259795	1
489057	1
11539407	1
197798	1
65213	1
178473	1
1282205	1
2303172	1
2359010	1
136252	1
1864	1
5403998	1
52826	1
40471	1
53869	1
111385	1
6136470	1
28699	1
32164	1
300242	1
11163162	1
490343	1
11084007	1
179197	1
107909	1
181035	1
21391531	1
91950	1
108259	1
13698725	1
19548	1
24295969	1
57200	1
406672	1
37313	1
1133032	1
58592	1
2574520	1
116588	1
155667	1
137563	1
11170269	1
1891999	1
1906298	1
23649833	1
28268534	1
279710	1
539670	1
68049	1
6015002	1
420604	1
136820	1
422624	1
264545	1
3884389	1
25698806	1
681632	1
3618323	1
14849	1
257179	1
35527583	1
21814770	1
33116	1
362355	1
2164837	1
241610	1
662081	1
247386	1
785698	1
476592	1
2337516	1
1547105	1
32767187	1
134923	1
170931	1
12776270	1
1399139	1
107854	1
3138020	1
18646	1
184030	1
2790066	1
108267	1
87410	1
127354	1
528310	1
241663	1
3313017	1
173729	1
7895681	1
14520234	1
1492011	1
342733	1
682110	1
23686385	1
250381	1
47904060	1
7089	1
2142186	1
7769647	1
1297786	1
136962	1
183773	1
2433119	1
5829	1
1525884	1
18933251	1
220401	1
376179	1
137932	1
604424	1
1235269	1
137039	1
1480924	1
75796	1
1017311	1
502336	1
182231	1
88913	1
21937962	1
31258	1
1430398	1
1647981	1
515825	1
131704	1
150813	1
24109	1
90142	1
62896	1
91287	1
2681807	1
169979	1
401880	1
16691699	1
766367	1
24756548	1
756252	1
51613	1
1146982	1
3236	1
89662	1
9615288	1
20210850	1
94149	1
17414699	1
13156	1
135698	1
1340043	1
1662588	1
328809	1
611117	1
7694926	1
15361896	1
525336	1
93585	1
108243	1
66906	1
134323	1
28222445	1
110885	1
154564	1
19364	1
12783562	0
566776	0
16603003	0
334699	0
39647434	0
3814048	0
3128788	0
1626580	0
27083624	0
6038092	0
5368364	0
5284433	0
2646542	0
35904333	0
6068348	0
10846527	0
23948249	0
3902740	0
37703246	0
8151928	0
13296035	0
18181517	0
8644350	0
1203751	0
1920138	0
14791445	0
35607118	0
43664395	0
45687535	0
38881461	0
5050422	0
20506945	0
3198081	0
920344	0
18049002	0
25209522	0
12537087	0
5721319	0
12243387	0
48649917	0
15742201	0
44142241	0
869476	0
3722530	0
638094	0
7332437	0
22806612	0
39186701	0
6476006	0
12218756	0
151193	0
33021878	0
2396809	0
14271548	0
47107364	0
3218270	0
38267689	0
14547073	0
121289	0
28064550	0
2531343	0
1651201	0
18042409	0
21906129	0
17555417	0
6768368	0
9786257	0
14316359	0
3355802	0
9885736	0
22155779	0
1802453	0
49303736	0
42757784	0
12231216	0
3781071	0
535002	0
2891738	0
414569	0
3604598	0
33055693	0
1515227	0
1640839	0
38118189	0
33891610	0
5614501	0
16783638	0
1293697	0
6249242	0
34416576	0
25368383	0
12646193	0
16227015	0
8315956	0
9953095	0
2647656	0
12567537	0
2924945	0
1446135	0
5873726	0
19334785	0
18644689	0
6260153	0
39596005	0
6733457	0
7502888	0
30103927	0
750311	0
33102771	0
3399420	0
2991261	0
6078788	0
1639662	0
11191389	0
876997	0
21638698	0
3099555	0
16359088	0
47769964	0
24801418	0
243877	0
38328288	0
32733017	0
12522160	0
5954221	0
5043085	0
1338681	0
33193467	0
3046891	0
6389039	0
35636437	0
11755729	0
3280342	0
2343738	0
41593411	0
15081705	0
17853126	0
10072598	0
24481006	0
38659803	0
4126071	0
7095337	0
15815185	0
5405042	0
18769869	0
29916105	0
4351769	0
884488	0
2315859	0
28046145	0
16265437	0
1480667	0
1324506	0
5096181	0
6170915	0
31797393	0
15290196	0
49130746	0
138878	0
5029456	0
11408802	0
722319	0
6244929	0
5310757	0
1182469	0
35510314	0
2738469	0
327356	0
39015128	0
5554401	0
13338677	0
2960875	0
36514727	0
9580481	0
13719265	0
28565818	0
45663127	0
1199308	0
15656728	0
27753913	0
34573296	0
41463228	0
1112394	0
28153	0
26069127	0
3161016	0
2263443	0
40195026	0
1338461	0
1686459	0
15614869	0
13666465	0
19707181	0
24943019	0
15328964	0
141884	0
1268445	0
11686756	0
1597714	0
1941425	0
36650680	0
7951716	0
4607008	0
12687924	0
42494214	0
3276725	0
4611849	0
13794693	0
34338460	0
153421	0
1259653	0
5231649	0
44151693	0
1451878	0
108427	0
4444882	0
2502424	0
15433918	0
2318248	0
31240952	0
5703377	0
11246747	0
14316512	0
13800874	0
7411469	0
1025841	0
8735988	0
866232	0
12812766	0
27562145	0
19650118	0
31517662	0
7049272	0
6216656	0
3946740	0
1118290	0
8240863	0
1234421	0
5536039	0
558895	0
4271585	0
31443415	0
3958324	0
12656421	0
16268479	0
3549558	0
925334	0
5662829	0
14020173	0
6171848	0
26447730	0
27689636	0
18781242	0
34120569	0
25910017	0
1296515	0
9896350	0
5544783	0
14270597	0
11455336	0
23174299	0
3705665	0
30863224	0
40677261	0
29555955	0
8488151	0
2823289	0
6523353	0
4811249	0
40968211	0
758753	0
12773831	0
15505615	0
30840553	0
9085417	0
133386	0
15751787	0
21525111	0
27134744	0
2628152	0
924165	0
15170108	0
9563894	0
23128901	0
18461293	0
47751795	0
48257913	0
1937376	0
5673957	0
18161423	0
1510466	0
356232	0
14740319	0
625187	0
14704739	0
26274589	0
1223479	0
225566	0
131263	0
5043175	0
31095126	0
110176	0
7542886	0
1788254	0
901743	0
4673132	0
11424697	0
3878219	0
25597852	0
31392522	0
4008886	0
16270981	0
21962765	0
1787390	0
40619995	0
31158330	0
11242600	0
461364	0
33024230	0
41340858	0
22492478	0
6901791	0
8324792	0
14505719	0
244094	0
15574555	0
10935137	0
32862922	0
35700465	0
9615292	0
21871346	0
435113	0
6481898	0
2128222	0
36344781	0
21023143	0
6703493	0
45223828	0
17693241	0
11960356	0
530997	0
32579702	0
5870181	0
621683	0
253553	0
25917148	0
51601	0
23168844	0
7583714	0
14524703	0
2914114	0
1178218	0
34513262	0
32312237	0
5835236	0
36397809	0
11529256	0
44464952	0
32176938	0
25793981	0
47786283	0
11817248	0
6074422	0
3106797	0
32371245	0
1644738	0
7259691	0
6824117	0
32347366	0
11949842	0
1890449	0
2212157	0
3191485	0
32490821	0
24537947	0
22090828	0
656533	0
7632905	0
4020935	0
15792401	0
21190076	0
6138253	0
23146390	0
2243885	0
8651897	0
6175023	0
4592208	0
38382952	0
22740239	0
10300881	0
44473353	0
111828	0
10411915	0
4678901	0
30577229	0
48259842	0
5950898	0
7935736	0
9077747	0
1346008	0
6126880	0
26381528	0
45198475	0
1417471	0
30864281	0
1594973	0
5982947	0
1685806	0
4121020	0
116434	0
33848247	0
13031664	0
4389894	0
5088441	0
21982832	0
18408783	0
2987784	0
18101180	0
4860050	0
6704986	0
47766381	0
2497964	0
11947489	0
13819458	0
35933755	0
1587601	0
27900320	0
10281115	0
2893138	0
18536706	0
4803121	0
5457614	0
20236154	0
30059098	0
22296937	0
41435420	0
3397310	0
618376	0
1250676	0
12482115	0
15714192	0
2392138	0
996970	0
48690837	0
349991	0
37209888	0
7884233	0
5813060	0
32841006	0
730632	0
41739172	0
4467918	0
1892357	0
1470979	0
7542108	0
984013	0
11453727	0
2442868	0
31090499	0
2647874	0
41039030	0
3844300	0
7692821	0
18780608	0
8563923	0
39261885	0
1548236	0
5572325	0
24508409	0
12922007	0
40635008	0
30246586	0
30460132	0
43875845	0
14726747	0
26823804	0
11166239	0
260238	0
10213166	0
12838094	0
21899372	0
44428399	0
12033035	0
5171551	0
20213564	0
31846276	0
5419313	0
1607669	0
43703385	0
1253989	0
575910	0
30603170	0
22003261	0
3354356	0
22598559	0
2581511	0
2045011	0
13246112	0
3427678	0
18658100	0
