4865159	1
3151790	1
3501351	1
33878776	1
2668584	1
34518533	1
668556	1
768407	1
2258325	1
2214758	1
31200354	1
14291424	1
21510876	1
569100	1
938712	1
18247173	1
8602768	1
952204	1
1364558	1
988371	1
187100	1
402638	1
246400	1
2913356	1
30335664	1
163272	1
2318945	1
5216949	1
5715145	1
33472190	1
1673215	1
1564694	1
884901	1
17030778	1
1818281	1
4548779	1
16477359	1
7491791	1
470736	1
5322542	1
6238941	1
2390215	1
1714150	1
3964709	1
1041577	1
508593	1
3195780	1
1297194	1
86700	1
24314116	1
293592	1
708843	1
1475361	1
28060340	1
2569903	1
37578555	1
222898	1
507485	1
52088	1
12797990	1
5026434	1
1797547	1
1489298	1
40067216	1
6796551	1
4035505	1
37749704	1
22901625	1
2181482	1
3474730	1
7835345	1
588889	1
1380197	1
844100	1
140460	1
34917392	1
2330072	1
994170	1
2982597	1
142695	1
10181851	1
1096238	1
325979	1
1507659	1
2830367	1
2256905	1
524276	1
10815997	1
38606806	1
3551933	1
2695989	1
19481674	1
6651478	1
2579443	1
17853126	1
11667911	1
24156858	1
22285538	1
2173987	1
21050942	1
407376	1
374440	1
33069825	1
198400	1
45639110	1
23989107	1
23472422	1
7136364	1
2587980	1
1971724	1
3616716	1
882510	1
40119951	1
1375537	1
46830279	1
2157276	1
858676	1
6462933	1
34781081	1
1435715	1
714871	1
2270680	1
12894277	1
3890902	1
2035481	1
2626420	1
248633	1
2726584	1
587395	1
21786973	1
568913	1
1897658	1
1661894	1
78797	1
5854180	1
29987814	1
4902734	1
32794208	1
18963715	1
29819988	1
316778	1
28311443	1
6020436	1
6133101	1
21660924	1
692665	1
20609646	1
2448064	1
7531848	1
25490434	1
1339618	1
28533522	1
2218750	1
3891875	1
9877903	1
27106554	1
82465	1
1882517	1
142805	1
3709523	1
15168295	1
10292627	1
2599347	1
38673025	1
592798	1
665255	1
43351119	1
13140666	1
25560410	1
11272394	1
2211274	1
1620299	1
18969075	1
15654692	1
2979587	1
31665002	1
13071851	1
90273	1
5794503	1
2769566	1
6812945	1
8001571	1
32112467	1
12406335	1
20956132	1
494171	1
30760167	1
169023	1
15650160	1
9140	1
22181921	1
20926035	1
40894293	1
4677461	1
644684	1
189786	1
5109530	1
1599864	1
618376	1
44689326	1
29193	1
21511349	1
11562149	1
680006	1
2031833	1
12354754	1
2275412	1
2207977	1
2715071	1
30073159	1
861667	1
4747939	1
1592072	1
7250724	1
449426	1
11486956	1
1447279	1
26157334	1
2152794	1
19684196	1
590941	1
24827467	1
262815	1
29350838	1
683742	1
1532351	1
745100	1
853327	1
26611852	1
4371603	1
5187488	1
9184801	1
983091	1
709712	1
1069241	1
11371303	1
43953038	1
4365901	1
3133390	1
3465314	1
618480	1
110000	1
13442619	1
22758939	1
24319682	1
309034	1
465388	1
26585952	1
1971522	1
176951	1
5637346	1
11920545	1
3729941	1
1096221	1
5349640	1
45268878	1
333058	1
14126466	1
7510610	1
1176046	1
3583522	1
29398404	1
26146640	1
8219325	1
1945077	1
2322608	1
47695556	1
28240999	1
4233555	1
43399841	1
1924626	1
1854071	1
6107714	1
8376012	1
3425080	1
11983164	1
9625157	1
233249	1
5691450	1
113457	1
26516992	1
1275039	1
40952114	1
681653	1
4654168	1
40790262	1
3251641	1
44746714	1
413951	1
2199735	1
15298724	1
41345251	1
35944852	1
2812226	1
8319307	1
98043	1
14143347	1
1779441	1
7992314	1
4720658	1
164228	1
1058620	1
17100238	1
1024009	1
10940395	1
2054078	1
6119269	1
1198018	1
25821674	1
1583428	1
1369696	1
1110161	1
707938	1
4120837	1
2119841	1
36223421	1
396831	1
3550229	1
2010934	1
41201577	1
16072698	1
18617682	1
1293248	1
548282	1
678599	1
16957630	1
4287603	1
31454973	1
127645	1
331967	1
609598	1
1738590	1
16099188	1
48579677	1
8214928	1
685942	1
8204961	1
147370	1
28874327	1
3320006	1
24625	1
680171	1
3110335	1
356751	1
338090	1
16801740	1
3168942	1
9893818	1
1954404	1
222499	1
6823758	1
21535132	1
1962329	1
4593569	1
8002875	1
847705	1
26024011	1
2574239	1
2801976	1
22717679	1
118366	1
6400001	1
12131256	1
15168437	1
35700982	1
77775	1
5416199	1
610832	1
23466909	1
12522973	1
7780524	1
690238	1
1127467	1
2460639	1
6786549	1
5136909	1
13442407	1
32783773	1
274572	1
816434	1
5366418	1
12691136	1
1596654	1
19205223	1
196591	1
15753019	1
4043646	1
3878546	1
9058444	1
12490253	1
2492291	1
43683811	1
3353317	1
18322197	1
753337	1
4933180	1
11745472	1
5980779	1
16022098	1
30840140	1
168007	1
2905045	1
22648410	1
5861532	1
669656	1
20813063	1
827782	1
853443	1
7574	1
2803192	1
1294541	1
24963968	1
1249242	1
5482157	1
6517520	1
17571456	1
29174950	1
11965095	1
424033	1
1193654	1
2349134	1
5373208	1
1433534	1
9210078	1
9096145	1
1688037	1
356167	1
25896514	1
6362209	1
1238851	1
4047316	1
41766112	1
17341593	1
3658263	1
60070	1
2236187	1
1082010	1
1040612	1
28455704	1
35480402	1
33246884	1
18909319	1
31535	1
1799179	1
1048026	1
221306	1
8928146	1
619644	1
23184733	1
12455706	1
97086	1
2745062	1
521541	1
14775619	1
3744448	1
6701792	1
2324457	1
13662475	1
23123946	1
2879643	1
2258017	1
37457443	1
1413127	1
192786	1
1153480	1
4354852	1
12223278	1
638127	1
552805	1
8284584	1
44291332	1
11800741	1
45688558	1
2139343	1
2491811	1
33276254	1
21645442	1
3022753	1
36747761	1
22071905	1
568296	1
5607815	1
8462405	1
896988	1
11471541	1
760573	1
355818	1
4110633	1
10952816	1
9747014	1
3151577	1
309431	1
72858	1
377014	1
10979020	1
547205	1
2602021	1
12255179	1
1526532	1
460195	1
47157156	0
3042035	0
12177260	0
33604921	0
679760	0
1956165	0
27284618	0
11503084	0
37656888	0
6500397	0
4289560	0
14715174	0
12476619	0
6127220	0
17214998	0
36253023	0
4847234	0
12087	0
7865578	0
1718836	0
35935308	0
6811255	0
6641530	0
25649520	0
21189578	0
23730201	0
34705734	0
11593227	0
38374089	0
443343	0
19113855	0
25902818	0
35595624	0
4302595	0
7817809	0
1934406	0
31007239	0
26082502	0
26467389	0
1386800	0
15642806	0
30337430	0
3609258	0
25538958	0
41929424	0
3515073	0
15225964	0
8470982	0
38555354	0
1034359	0
41303503	0
271780	0
39540102	0
5254716	0
30433851	0
25359087	0
6783225	0
28352336	0
3050945	0
29658263	0
176908	0
2495772	0
12607594	0
12290266	0
23630020	0
9533740	0
26815682	0
128359	0
1312251	0
25370326	0
26358779	0
10710257	0
94674	0
4821319	0
25835167	0
43959375	0
6026217	0
40656255	0
25702	0
7857326	0
37194819	0
12764359	0
40263314	0
29519705	0
2166832	0
5056107	0
13188256	0
39096419	0
31352393	0
16805317	0
3480823	0
2845352	0
32998334	0
6378828	0
3628914	0
1634047	0
118120	0
4889000	0
28326465	0
1557263	0
3096922	0
32444086	0
7885	0
2173288	0
162730	0
2160782	0
392914	0
7113201	0
2897896	0
4032672	0
1673071	0
12039034	0
30280903	0
8543809	0
48932061	0
12168690	0
12147918	0
604258	0
1067483	0
197924	0
130621	0
38528744	0
14478631	0
3213064	0
5631163	0
14835492	0
657136	0
7091410	0
23523034	0
34473829	0
3605627	0
3340871	0
6789140	0
2866135	0
4106181	0
22717387	0
148457	0
27773844	0
32658097	0
27648593	0
3244080	0
17649338	0
1924025	0
11122170	0
6547351	0
2612991	0
39629788	0
3076353	0
36411585	0
12872345	0
23742827	0
10141151	0
672356	0
2400166	0
1044848	0
12871576	0
26753346	0
11631176	0
40815774	0
18706077	0
966044	0
15410805	0
11594266	0
15151442	0
181879	0
3993799	0
15830683	0
23493853	0
32933615	0
36310361	0
2888579	0
1980410	0
23530556	0
341988	0
178278	0
110268	0
130046	0
384015	0
6789113	0
24464977	0
31470249	0
493173	0
791651	0
3530137	0
23757153	0
12073756	0
62693	0
7054025	0
10113136	0
21543965	0
39230755	0
6200859	0
28678181	0
357135	0
3274549	0
33730000	0
5673166	0
4201966	0
41779772	0
16120172	0
5162258	0
8663865	0
11838549	0
44138500	0
7732627	0
6738089	0
7345631	0
897955	0
6200658	0
3065147	0
1507407	0
45562323	0
5911273	0
19515012	0
28542289	0
5702303	0
525681	0
27438563	0
3104635	0
1901817	0
47039736	0
35379413	0
24367294	0
633883	0
39859371	0
5523682	0
1714293	0
1274624	0
45299542	0
9560369	0
24354733	0
17564003	0
3503289	0
23936	0
36688492	0
20154473	0
18996294	0
7577695	0
6139299	0
461940	0
11710748	0
18020598	0
9125340	0
31800398	0
12910648	0
39752792	0
17878568	0
43499523	0
8123224	0
16935327	0
41668249	0
23358131	0
31751287	0
24680768	0
11577145	0
2165320	0
34145890	0
33581542	0
12278916	0
13023150	0
4265675	0
3176276	0
28594353	0
928610	0
26610109	0
22028845	0
1219781	0
1745285	0
40939400	0
2310244	0
22791425	0
302600	0
14913195	0
23024524	0
18331292	0
12062099	0
2718445	0
18834627	0
4941027	0
3113373	0
914771	0
2361210	0
8952317	0
259408	0
42430663	0
2118948	0
2614119	0
9156278	0
6728621	0
1729263	0
16481593	0
18302918	0
42712184	0
23846522	0
12787135	0
22488519	0
42838705	0
26851096	0
24426458	0
1187488	0
2726481	0
9329213	0
1632533	0
17738318	0
29299589	0
18716049	0
5962468	0
33559375	0
44102971	0
36106060	0
31548227	0
12680442	0
43675802	0
3172067	0
24605583	0
796392	0
34998577	0
290669	0
114998	0
30616987	0
11085397	0
5290516	0
56505	0
30059495	0
2368044	0
199529	0
19371316	0
14683074	0
4363211	0
16001285	0
9703804	0
4025817	0
18398764	0
17749060	0
5023510	0
5231767	0
1219464	0
6374038	0
3954819	0
31913386	0
12768141	0
13770597	0
11296993	0
5841805	0
228533	0
37808077	0
2232694	0
44128360	0
13095097	0
741599	0
4392846	0
36026106	0
188409	0
22756027	0
11309495	0
3901503	0
6753224	0
4435868	0
15082779	0
5022799	0
24053180	0
34210590	0
7081850	0
120156	0
16972470	0
517148	0
587243	0
1245353	0
45065010	0
29365217	0
24406362	0
633152	0
1624522	0
30560031	0
351640	0
15565742	0
3361008	0
1235223	0
95749	0
22381971	0
27702352	0
115533	0
3440731	0
42823443	0
18675474	0
15603474	0
6706669	0
27109474	0
52274	0
26483427	0
46665405	0
23121952	0
7802484	0
21911551	0
24908865	0
31472714	0
6061595	0
2321684	0
43908783	0
10417148	0
4846390	0
466894	0
2150450	0
8454068	0
21308904	0
10977282	0
12591949	0
779059	0
21564186	0
35116116	0
5666513	0
14920406	0
34265930	0
1958436	0
14734783	0
102581	0
15574603	0
3846634	0
17495805	0
12758200	0
9658259	0
320967	0
30017809	0
6251582	0
6799	0
32544802	0
7385258	0
28836866	0
23161976	0
5657530	0
34898832	0
9307130	0
4946143	0
28328744	0
15098797	0
4706396	0
18901596	0
11901437	0
8426951	0
14248540	0
6928731	0
41659708	0
9678624	0
2264964	0
39297813	0
7430872	0
2557761	0
23623522	0
10186231	0
14773964	0
20643032	0
42160194	0
41602388	0
12743077	0
2134500	0
16624054	0
18600382	0
38394389	0
923907	0
13316529	0
18578183	0
891300	0
2410234	0
7849618	0
29765693	0
31448273	0
34191364	0
419332	0
41858602	0
16176899	0
20851349	0
40210315	0
14107437	0
47161617	0
639558	0
16300071	0
30410366	0
21972754	0
4430267	0
12432037	0
8011582	0
6033394	0
294971	0
48672943	0
42003353	0
22221931	0
210815	0
22955346	0
12849580	0
4202362	0
12743218	0
7511830	0
4398221	0
31155630	0
302111	0
892541	0
23643316	0
1039441	0
33048060	0
39259243	0
