619095	1
5897914	1
1070887	1
17147923	1
11846084	1
18515507	1
25135204	1
16423116	1
529419	1
114326	1
15372142	1
9616961	1
4435881	1
12998720	1
2138613	1
186853	1
1561641	1
2556671	1
20842878	1
3432597	1
5935164	1
8599	1
15555262	1
110999	1
759091	1
39751656	1
5134736	1
632720	1
10797672	1
7202146	1
12753868	1
111408	1
5689946	1
38073986	1
177840	1
10767362	1
10357608	1
240980	1
4957928	1
3247616	1
40001454	1
18463	1
11216092	1
17092682	1
551573	1
6744634	1
646220	1
11692241	1
198061	1
23511998	1
166519	1
10834666	1
7154914	1
3780699	1
399404	1
243068	1
5616022	1
5709074	1
246673	1
6826843	1
244924	1
12770559	1
4806976	1
40390322	1
68186	1
10894356	1
191941	1
3507962	1
7375711	1
4928931	1
2478710	1
32587297	1
14848015	1
10733660	1
44213	1
90711	1
111460	1
318582	1
3251080	1
27475905	1
13206578	1
46885706	1
3463848	1
391324	1
2325225	1
21708393	1
30356478	1
1731893	1
600764	1
30762161	1
23831607	1
317138	1
606003	1
5246214	1
2216201	1
905663	1
361353	1
3297920	1
2121656	1
3230370	1
935841	1
1602757	1
947500	1
29076594	1
4211519	1
4836623	1
3008755	1
847459	1
337470	1
2166103	1
12326268	1
18952605	1
18068895	1
2630883	1
44933194	1
11086800	1
10675900	1
7027924	1
3614902	1
1646211	1
22495171	1
7554	1
18051511	1
673458	1
5938955	1
83735	1
111180	1
189764	1
12871003	1
3976613	1
5250748	1
4503554	1
644699	1
11561861	1
27991805	1
6852350	1
2282	1
5958444	1
3569588	1
2346935	1
332535	1
5332530	1
112417	1
66972	1
1796261	1
6755364	1
1563374	1
33831019	1
559443	1
1805775	1
1045186	1
5799055	1
16650748	1
111765	1
30297957	1
18533555	1
165928	1
23160422	1
110976	1
6069770	1
93801	1
2431093	1
4504603	1
479261	1
1229477	1
702859	1
29563429	1
40263700	1
7699528	1
12580680	1
8589878	1
232176	1
4339	1
3413853	1
59752	1
4380573	1
18943	1
10310907	1
15148920	1
358243	1
161914	1
25378435	1
2215095	1
225960	1
30107599	1
1159738	1
19148610	1
12328675	1
41790189	1
39223531	1
1574767	1
29522611	1
1711017	1
28431446	1
490387	1
9138832	1
336574	1
24133199	1
10697838	1
2226817	1
21107384	1
11709411	1
12725617	1
9247968	1
1332984	1
8545591	1
175980	1
230567	1
277829	1
34088789	1
2385757	1
742599	1
4167287	1
2178561	1
1174429	1
4592943	1
7247571	1
804704	1
96129	1
142135	1
707146	1
39238668	1
22164070	1
31100500	1
692889	1
2024807	1
1277423	1
36042559	1
9266866	1
496028	1
877743	1
80674	1
10110600	1
7635	1
34914037	1
4649449	1
3847019	1
1915886	1
112062	1
241732	1
11344838	1
2316810	1
47810952	1
23002484	1
300531	1
5654119	1
12166246	1
1757203	1
318890	1
31517404	1
33988504	1
4518986	1
1162854	1
2084271	1
1312854	1
4314060	1
5981917	1
46505	1
5191532	1
47458248	1
6679345	1
1532097	1
9985419	1
800930	1
34969830	1
294538	1
24657390	1
2593045	1
17527497	1
30321624	1
7362633	1
26448410	1
96881	1
3646382	1
14007193	1
1912042	1
3411409	1
23730951	1
28095694	1
9180009	1
3551992	1
10637412	1
112924	1
2922646	1
570478	1
3326092	1
561560	1
37632352	1
2056957	1
2385217	1
5852931	1
346691	1
2638264	1
8991499	1
16013560	1
685369	1
7534895	1
151398	1
2965581	1
112405	1
263650	1
14905840	1
4010872	1
10654868	1
3875404	1
1067318	1
1418196	1
297487	1
1280153	1
45220805	1
1432335	1
4205932	1
4620804	1
10821980	1
105623	1
3768910	1
8582703	1
175812	1
6097240	1
5732917	1
13080705	1
2996795	1
2292110	1
1128955	1
13568220	1
110940	1
14424095	1
490927	1
2812192	1
7920249	1
275312	1
39748	1
647577	1
96260	1
3657905	1
306651	1
4226213	1
5764999	1
20898826	1
1933295	1
12674918	1
15613	1
1253625	1
2568653	1
6013119	1
5352662	1
843482	1
28354449	1
34383839	1
1790202	1
1652886	1
28440575	1
2031465	1
1637452	1
2293375	1
24222730	1
7370064	1
500492	1
1931983	1
27453959	1
9010122	1
4087221	1
3546046	1
6690644	1
18178487	1
104466	1
7729523	1
42647373	1
1562963	1
39225180	1
1665250	1
37231747	1
19457245	1
25150308	1
40071720	1
3182555	1
4141282	1
10440464	1
10701928	1
3125067	1
3436577	1
3436965	1
111005	1
2279276	1
7844191	1
1306289	1
16290298	1
330932	1
7797472	1
21832064	1
27370309	1
379742	1
37807154	1
3697918	1
1590970	1
673964	1
3367704	1
20519627	1
32368269	1
28570921	1
15901161	1
5497801	1
50379	1
2027795	1
469932	1
351734	1
188301	1
27074399	1
1390928	1
36041047	1
2726862	1
559565	1
114717	1
112547	1
3888001	1
28491	1
25220080	1
110805	1
538267	1
236836	1
769310	1
12092408	1
7548842	1
1911696	1
4740983	1
78433	1
26010	1
7179130	1
10866193	1
28763446	1
129801	1
7103956	1
1027305	1
46750899	1
42091	1
38101714	1
645266	1
27942549	1
154143	1
2417460	1
20609077	1
24312942	1
814705	1
907719	1
39204231	1
733967	1
548086	1
19517138	1
5883813	1
3590072	1
103017	1
651912	1
5957733	1
8212629	1
1410237	1
852826	1
1023973	1
23782835	1
1591003	1
8099951	1
40656942	1
7796242	1
13090	1
31380000	1
21694324	1
3668884	1
1899743	1
16426	1
111072	1
1269279	1
48704155	1
20216334	1
5303377	1
24118868	1
15339481	1
4581414	1
467103	1
4777485	1
1329588	1
731794	1
11903957	1
3402390	1
111483	1
11168308	1
18256991	1
5938318	1
4383505	1
7546859	1
18933396	1
27130219	1
1809018	1
6729115	1
12302083	1
28234656	1
3650743	1
304903	1
1383587	1
1140165	1
4415256	1
3401706	1
25345342	0
27244867	0
29175396	0
17549	0
34208875	0
15469506	0
9967063	0
14988454	0
1397748	0
16448281	0
16367460	0
43849606	0
33412722	0
43383163	0
37303817	0
12662899	0
3758205	0
47871684	0
39432826	0
11465535	0
24614036	0
3038773	0
74913	0
24783680	0
8200892	0
1702885	0
2633471	0
17323438	0
21830629	0
21599678	0
21409696	0
844130	0
9175945	0
23873025	0
17455939	0
10949259	0
1949593	0
17765264	0
33897570	0
19307786	0
2345872	0
7122672	0
11969002	0
10283896	0
40834726	0
16999974	0
5213216	0
17604150	0
6060741	0
5335569	0
32021319	0
2360749	0
27480832	0
40220721	0
1233531	0
8746861	0
52544	0
18257153	0
2155716	0
39740796	0
10661097	0
23967700	0
6578810	0
17688109	0
4759030	0
11095669	0
9525382	0
8593034	0
3480307	0
23280863	0
9745184	0
738863	0
12064781	0
20394424	0
37946035	0
12706835	0
32371802	0
2587977	0
25498851	0
1256180	0
26888006	0
19119746	0
550055	0
14227477	0
1190377	0
1136999	0
11042967	0
12417646	0
5667519	0
2767875	0
186301	0
723129	0
123059	0
1138964	0
15781529	0
1363703	0
29803616	0
11481194	0
8312985	0
31636813	0
14770825	0
5303797	0
5358162	0
28398	0
25272743	0
10321689	0
4634592	0
3145699	0
31616595	0
11866116	0
1935047	0
991916	0
42480973	0
14664306	0
946320	0
4752426	0
6950195	0
6342231	0
14559079	0
2876686	0
24518341	0
2184790	0
1161441	0
27160967	0
47300369	0
18721693	0
5689206	0
43969481	0
1387753	0
861684	0
10966848	0
2131100	0
6976474	0
8151741	0
8894956	0
1857860	0
15532843	0
1795203	0
10670174	0
34417263	0
43930089	0
31574434	0
10835028	0
698465	0
267642	0
39824721	0
6705373	0
25280058	0
29198344	0
40206036	0
1151749	0
28978421	0
14020247	0
22532976	0
36456837	0
40425034	0
254410	0
3192010	0
1528369	0
20206781	0
5786002	0
11169862	0
3765735	0
630932	0
1862765	0
4322345	0
23661309	0
27540929	0
26976533	0
17683683	0
37333297	0
1047196	0
7217076	0
1223400	0
38422790	0
6341497	0
205735	0
34258956	0
8941254	0
4211867	0
1073863	0
7548003	0
42220076	0
5703846	0
6466447	0
10294548	0
51541	0
17276327	0
486203	0
949857	0
11206250	0
21345150	0
31853713	0
11288760	0
44424952	0
26406817	0
7598001	0
5633632	0
95410	0
3071433	0
42084567	0
17547574	0
23213149	0
23422707	0
32265690	0
22112217	0
539267	0
523531	0
259716	0
43458917	0
46336654	0
2086887	0
2091275	0
12316749	0
3042173	0
15151171	0
1794996	0
5029091	0
14533763	0
91720	0
37570366	0
38289801	0
1067658	0
5792384	0
5585769	0
36809740	0
12348281	0
3030836	0
26447895	0
18288129	0
37657472	0
4417420	0
12933084	0
13896863	0
130467	0
6936439	0
1893134	0
22972722	0
32657800	0
3997997	0
2517185	0
22787004	0
11187288	0
1762071	0
47614444	0
13267972	0
37533821	0
3310065	0
32724469	0
1502004	0
42192776	0
15513294	0
286844	0
12191673	0
4485811	0
14587847	0
13117037	0
35983261	0
19511243	0
2967509	0
3178013	0
29231668	0
8834563	0
44097984	0
11320874	0
1002930	0
17395	0
2392924	0
1695456	0
45525802	0
7144594	0
8809543	0
47101719	0
32652892	0
427347	0
18298827	0
43403960	0
26082950	0
44535614	0
41345336	0
35937197	0
30350641	0
1932725	0
2316427	0
24323169	0
18903633	0
322141	0
35545955	0
49380848	0
6433495	0
397187	0
1339823	0
6331462	0
3016488	0
6755208	0
23185695	0
435298	0
5994077	0
37894570	0
25225681	0
17607307	0
2772769	0
667792	0
3763959	0
2302611	0
16134713	0
35336131	0
31701665	0
45388199	0
49238535	0
25956178	0
1390018	0
28278595	0
6216900	0
4062424	0
8835039	0
13633291	0
12360877	0
39386863	0
1372998	0
7844110	0
11105073	0
36166550	0
40853446	0
14436898	0
23401394	0
1632615	0
5078510	0
32658459	0
14743872	0
8675200	0
3252247	0
30307952	0
43374820	0
272323	0
24610463	0
27420393	0
34599993	0
46868488	0
36525423	0
542780	0
19651175	0
32465487	0
450827	0
1919845	0
2435489	0
2883091	0
216661	0
13235408	0
18084203	0
45242906	0
11334331	0
25252431	0
411667	0
1027762	0
13062365	0
31328278	0
4591396	0
19685771	0
21284082	0
4566780	0
17013146	0
50007	0
408778	0
18790725	0
2192178	0
2492201	0
6207830	0
256383	0
14909161	0
30149875	0
46349844	0
11278910	0
6788215	0
39895560	0
47099056	0
15535378	0
23459663	0
41172837	0
21652620	0
4918004	0
11492365	0
1608679	0
44514854	0
27385516	0
41367	0
972930	0
7961357	0
45584606	0
2742994	0
2107186	0
17932455	0
4498971	0
3114831	0
6488352	0
4304395	0
12537789	0
12473850	0
6902558	0
4880835	0
21608713	0
4021373	0
107787	0
29409153	0
18994087	0
21235856	0
31878082	0
4819695	0
31502605	0
3710933	0
327640	0
19738070	0
42319255	0
8461868	0
8686201	0
19647382	0
34817087	0
1140411	0
15440092	0
14198889	0
2654705	0
30092818	0
41580936	0
43158420	0
20176355	0
19446532	0
12326873	0
16773451	0
2379567	0
3673688	0
43706999	0
9350137	0
12607075	0
132352	0
22806028	0
14392313	0
16685022	0
1142968	0
1862416	0
3488878	0
2795218	0
4283140	0
231271	0
14942276	0
3849498	0
46393086	0
2687141	0
3157262	0
29717513	0
1357685	0
6840	0
1722604	0
120432	0
503595	0
8781935	0
14346508	0
32102343	0
284223	0
34198453	0
27724992	0
13458973	0
3687575	0
10147711	0
23759835	0
42949642	0
21005350	0
42984918	0
43854428	0
39397984	0
6820580	0
30860031	0
33988309	0
14967488	0
744783	0
16038189	0
354036	0
3236705	0
13929492	0
6699710	0
31319105	0
1423144	0
35421929	0
22413985	0
1390034	0
47197829	0
15742034	0
3260111	0
36637981	0
14431584	0
7529479	0
7646151	0
15781421	0
25341260	0
448232	0
14336880	0
44304944	0
8679863	0
32267907	0
27892169	0
6883456	0
