2250606	1
34134	1
2107046	1
20015880	1
867330	1
1392513	1
13203252	1
12289781	1
44481963	1
38462842	1
35561191	1
1047559	1
980869	1
60835	1
9927785	1
33072045	1
906021	1
48412768	1
1199168	1
2915036	1
18256220	1
626144	1
1871878	1
31337141	1
3251641	1
37140371	1
1370276	1
41419657	1
3569175	1
8763449	1
25764092	1
2430975	1
163215	1
2397544	1
1690876	1
1999844	1
38117700	1
39712765	1
3465475	1
10751255	1
680094	1
32167288	1
14367184	1
145390	1
7137692	1
11535177	1
28798050	1
26284660	1
12618364	1
451165	1
157470	1
5035335	1
5491618	1
12153654	1
2097855	1
14596969	1
13466954	1
26415509	1
30043408	1
412658	1
44990	1
11289260	1
47942	1
32393800	1
8804135	1
32488579	1
29739008	1
296724	1
2934458	1
704011	1
32957935	1
156437	1
24110331	1
43037777	1
410112	1
190445	1
11889347	1
35901451	1
11007045	1
26518689	1
21533865	1
86945	1
1607947	1
15146155	1
28492	1
19666611	1
23255767	1
13922601	1
1744454	1
34400866	1
5108051	1
226426	1
930755	1
29542015	1
16091378	1
4694400	1
1690789	1
30698155	1
633145	1
9085354	1
459528	1
15976635	1
1087501	1
392816	1
239730	1
413184	1
13605432	1
2963916	1
2990151	1
27124646	1
32842014	1
2411348	1
6847759	1
37138425	1
17430042	1
45591255	1
27428632	1
41392547	1
3042380	1
20770065	1
412158	1
85694	1
31701736	1
263460	1
10947949	1
179187	1
194244	1
24109045	1
516815	1
442288	1
189542	1
1980502	1
1596343	1
25486009	1
14303760	1
29708547	1
17811878	1
5323261	1
1013983	1
39728935	1
2016470	1
1044396	1
32077584	1
4278852	1
10727601	1
14743684	1
256880	1
30988188	1
20617379	1
474282	1
1462848	1
24141258	1
1121700	1
4368634	1
3041760	1
1346921	1
194431	1
968740	1
4814849	1
8250592	1
183897	1
10705427	1
29372195	1
23736968	1
28930728	1
9220808	1
496817	1
46786660	1
16151503	1
1163464	1
17994055	1
2314240	1
19123969	1
38539	1
3349943	1
1690737	1
2100154	1
1815296	1
14690571	1
5136969	1
4479885	1
17160872	1
33576518	1
30196695	1
1214782	1
19000099	1
6617700	1
26689325	1
21510876	1
29382618	1
86172	1
38838039	1
903325	1
12454533	1
21621392	1
666316	1
3837052	1
19309394	1
46719100	1
1622401	1
2346948	1
21989853	1
15080921	1
75626	1
72255	1
140624	1
105805	1
8506	1
6684111	1
23955320	1
31990317	1
34701883	1
6206441	1
38327291	1
444867	1
5816836	1
1243547	1
27574460	1
451183	1
2596591	1
4037351	1
27478297	1
6559445	1
3549644	1
29621224	1
1514940	1
412963	1
51928	1
298129	1
26082936	1
1444074	1
5757353	1
10649138	1
18820064	1
11996780	1
34334449	1
1315300	1
5944812	1
16822	1
43119707	1
44995755	1
262680	1
26280345	1
26817325	1
60682	1
1544346	1
38853151	1
2146469	1
62517	1
16265180	1
4097	1
651860	1
759317	1
375958	1
40311827	1
2810897	1
28667677	1
3110568	1
1364467	1
26091	1
190809	1
13950555	1
158716	1
41804609	1
3394097	1
16857	1
36349782	1
2810880	1
3850267	1
1944856	1
31968461	1
11202077	1
926715	1
22170696	1
4000002	1
277682	1
5751031	1
2374703	1
154228	1
739751	1
44670954	1
365919	1
482693	1
26923544	1
767470	1
14110744	1
938227	1
29684773	1
20450485	1
8734711	1
11330258	1
35021551	1
960948	1
7833019	1
1353914	1
2442300	1
926719	1
554063	1
18636887	1
31226979	1
222823	1
1479166	1
1779766	1
1004187	1
251000	1
12348774	1
41252356	1
1444087	1
11519255	1
1267571	1
766875	1
162724	1
1941153	1
460121	1
20120746	1
5894540	1
30523648	1
17445364	1
447630	1
440835	1
769945	1
12087981	1
2550622	1
1053311	1
1587539	1
5526608	1
22902629	1
2362139	1
24427022	1
1019323	1
3360229	1
39134366	1
279605	1
34047198	1
24396481	1
1592072	1
2160402	1
14152695	1
26388293	1
894410	1
17679324	1
13300898	1
31018705	1
1238499	1
2858371	1
30067883	1
21718025	1
20331428	1
6270285	1
6906836	1
18999745	1
45584547	1
2062342	1
29261518	1
175807	1
6399855	1
19530636	1
22147790	1
13249775	1
31521492	1
314865	1
5827999	1
20701567	1
410980	1
17302298	1
28292458	1
34141884	1
1546828	1
993603	1
840169	1
22407866	1
38376670	1
1870317	1
31581084	1
5223781	1
2243106	1
72886	1
20943569	1
425696	1
259041	1
375195	1
32488078	1
36841378	1
158538	1
510883	1
5817200	1
1368927	1
147301	1
4005	1
1098285	1
266858	1
33889660	1
128284	1
963076	1
411276	1
12218485	1
1977052	1
37299684	1
33209	1
40078160	1
73964	1
12003874	1
8913616	1
2417934	1
27278832	1
43476	1
10462539	1
4141520	1
44250756	1
14813574	1
901067	1
391489	1
9567749	1
978947	1
298601	1
1203022	1
6268734	1
2956889	1
46229859	1
3233324	1
239528	1
17440469	1
805916	1
44223290	1
2670504	1
1889902	1
392403	1
38678	1
766672	1
16182887	1
1459026	1
1879752	1
16349594	1
31815548	1
35586022	1
26384160	1
255202	1
2119845	1
17679758	1
42194534	1
34739850	1
2458456	1
30136120	1
18420305	1
15355864	1
43536705	1
247724	1
30278879	1
551643	1
11407596	1
301726	1
1482851	1
23686259	1
22878014	1
241215	1
269055	1
14760049	1
23170872	1
37620174	1
64488	1
4887152	1
2886290	1
1350220	1
6477874	1
5148038	1
33604	1
36939524	1
2267374	1
256355	1
367030	1
5942393	1
28266165	1
6921909	1
440819	1
418733	1
8471247	1
5676641	1
26282410	1
46377	1
193449	1
157814	1
31783187	1
1063240	1
2934091	1
5945611	1
10348437	1
16075972	1
17278014	1
1252980	1
22361532	1
2843766	1
15674942	1
18494414	1
23963031	1
34752247	1
33957808	1
36857931	1
29192683	1
91755	1
17440712	1
403393	0
2659761	0
5009157	0
6118662	0
23546321	0
8710571	0
13546	0
10105177	0
46392747	0
5872505	0
37547620	0
25188102	0
642219	0
20242365	0
4661979	0
4155265	0
10706366	0
132351	0
11630628	0
26423629	0
1017615	0
5408447	0
10236694	0
1382145	0
9123712	0
32445691	0
525589	0
24193702	0
2526971	0
1035967	0
10442499	0
42129889	0
259846	0
122547	0
277274	0
19840382	0
23529066	0
20018389	0
42428058	0
14431268	0
7468282	0
11462433	0
41830533	0
1982365	0
5608335	0
1154966	0
25738716	0
4318694	0
11694889	0
30743353	0
12019359	0
2929198	0
3241083	0
3030717	0
22090272	0
6302548	0
15461065	0
2644183	0
2275939	0
3581950	0
8604006	0
25023770	0
610704	0
12327413	0
35515934	0
14681647	0
36686869	0
76628	0
36891195	0
2282082	0
482570	0
8140121	0
44314951	0
12688701	0
3946353	0
196393	0
2918157	0
13208009	0
1042222	0
3854185	0
2475964	0
13142265	0
15846827	0
230405	0
6966	0
11115779	0
18426808	0
6378202	0
2987190	0
19115644	0
1881227	0
40350165	0
12818062	0
29303021	0
2501887	0
7562835	0
2847669	0
43673201	0
2000719	0
1738305	0
669169	0
32019634	0
2693549	0
4767853	0
24640385	0
5622325	0
6902741	0
23408159	0
3450452	0
41175440	0
10743129	0
2898486	0
10091731	0
1581485	0
5377217	0
11190434	0
45405834	0
43610294	0
33369153	0
5800690	0
27958431	0
25818909	0
452116	0
4105133	0
767655	0
33136587	0
8716612	0
2276891	0
2012760	0
36889428	0
27751761	0
26542959	0
1380197	0
19725179	0
518505	0
5431	0
5253903	0
28034376	0
48057557	0
645906	0
2759482	0
1858478	0
2793073	0
5477404	0
8648943	0
13786	0
1579560	0
780890	0
4872641	0
2900962	0
11721024	0
46678847	0
110122	0
77826	0
3147147	0
10706372	0
36041557	0
5372466	0
64996	0
36799849	0
22742973	0
24477736	0
12446308	0
5271115	0
1599551	0
17462874	0
10929436	0
10558682	0
2386481	0
18475319	0
3942426	0
2082191	0
4742173	0
14069803	0
5400781	0
26143067	0
22474540	0
40696910	0
25464850	0
3498009	0
7258162	0
2862241	0
6073579	0
10538667	0
7350115	0
43736569	0
73303	0
1923	0
20948625	0
4649748	0
17951322	0
817141	0
5422762	0
523629	0
4116550	0
17455464	0
5942024	0
48896638	0
8717919	0
52077	0
14188711	0
187668	0
1075097	0
25453	0
1119713	0
328189	0
1881496	0
6061647	0
1809991	0
374183	0
9323605	0
7403012	0
19788904	0
4255452	0
13271462	0
36580961	0
1910624	0
131141	0
34433641	0
11203419	0
1849686	0
2980387	0
30603533	0
15568683	0
462159	0
91567	0
8081995	0
266912	0
2047621	0
3271212	0
24750502	0
8864377	0
1228035	0
14407897	0
114810	0
2342941	0
9664314	0
3153451	0
332381	0
95956	0
1058854	0
636758	0
22604532	0
126699	0
40439612	0
2507280	0
481156	0
42224712	0
8627029	0
2528486	0
4510977	0
43526670	0
28470217	0
2682883	0
10040748	0
263634	0
10929683	0
4132947	0
27925313	0
13688532	0
1003061	0
1117731	0
2570803	0
14632211	0
11447126	0
27919974	0
34211	0
25727546	0
29992063	0
35611556	0
9379462	0
107712	0
46529993	0
5160559	0
26641095	0
184904	0
6707308	0
20371399	0
2423873	0
4910632	0
34750082	0
2069466	0
1377512	0
856061	0
29637836	0
1062233	0
1080910	0
44407522	0
3258798	0
2881530	0
913655	0
2771209	0
21842122	0
21716146	0
9558798	0
2075269	0
502643	0
40247877	0
22326478	0
35746799	0
525597	0
13105623	0
23396772	0
44336654	0
26561050	0
12349035	0
13967270	0
10820766	0
4373727	0
32932197	0
623268	0
137122	0
24772553	0
7645036	0
11520661	0
17783706	0
24897176	0
16248605	0
118184	0
9493530	0
17796411	0
13606641	0
11453864	0
32059356	0
110742	0
35590563	0
36315420	0
47817493	0
1494489	0
24271545	0
20453428	0
26472547	0
5515333	0
42543113	0
1411545	0
1721142	0
9272176	0
1118975	0
11068102	0
245296	0
9569809	0
23858062	0
1247009	0
302201	0
18751586	0
1996334	0
22614216	0
28708184	0
46532873	0
30873998	0
23237428	0
10375212	0
15247001	0
48390144	0
7905342	0
8357233	0
25863649	0
9601980	0
12485786	0
1955931	0
20377278	0
6936933	0
33987924	0
1255472	0
45423992	0
32404910	0
43223430	0
15972420	0
4254081	0
8625820	0
6199714	0
1236058	0
10787091	0
101625	0
128480	0
31107343	0
6184195	0
45434104	0
7523301	0
12255242	0
13374650	0
11028877	0
25251576	0
9009762	0
16821043	0
227523	0
6505097	0
40375953	0
14971451	0
8988611	0
46821900	0
6119654	0
1580194	0
8322885	0
20899248	0
12307851	0
22120827	0
32629482	0
851775	0
3729661	0
5068621	0
27699505	0
1164817	0
30756568	0
218667	0
7133981	0
15880595	0
39381744	0
115116	0
1313814	0
12450463	0
133847	0
4274491	0
25003297	0
22501770	0
756469	0
18917901	0
2461521	0
35379413	0
42156700	0
29696430	0
23587854	0
25386620	0
1561083	0
6393664	0
17276799	0
42575862	0
47364248	0
1449430	0
1565636	0
1052829	0
18469502	0
2221234	0
2682403	0
13538671	0
2908429	0
3207149	0
22287906	0
381114	0
35828623	0
8033212	0
1518447	0
226085	0
365246	0
16945149	0
36971513	0
35619576	0
12214739	0
28950922	0
28668140	0
2962218	0
15513449	0
30052414	0
33251295	0
37957237	0
38486297	0
43184	0
26388815	0
27209215	0
17705157	0
18536170	0
2246663	0
578735	0
1144566	0
19158444	0
178895	0
3071014	0
718320	0
15725445	0
3558445	0
8439649	0
19134995	0
12263945	0
20761820	0
1445912	0
31365582	0
12462609	0
13470141	0
47197419	0
524787	0
8103855	0
1545085	0
25280106	0
16004421	0
1612096	0
14437602	0
1617308	0
6767772	0
4975620	0
44818779	0
5250565	0
3460621	0
10335208	0
34755413	0
7694487	0
1044264	0
231982	0
33066012	0
6898685	0
1316653	0
