12927663	1
1965325	1
312099	1
2259782	1
34388589	1
33316771	1
26428463	1
14112325	1
294178	1
113258	1
646501	1
2367130	1
4869538	1
4061101	1
4718030	1
7197092	1
912557	1
2178128	1
602984	1
9526664	1
3233	1
70873	1
7023	1
1313678	1
2283099	1
98439	1
168897	1
1785583	1
28515923	1
17449327	1
12797827	1
244273	1
13048017	1
2014443	1
34328500	1
35702318	1
26825101	1
1358204	1
1057389	1
41493466	1
1146229	1
1913785	1
19077629	1
34730730	1
69097	1
5742761	1
173597	1
1391891	1
2616067	1
5530848	1
717521	1
116265	1
12500999	1
219324	1
426381	1
12441	1
4554063	1
5064429	1
34415218	1
38417032	1
8238839	1
471457	1
8700124	1
314909	1
2785800	1
15242485	1
21810713	1
17658242	1
24248993	1
25775752	1
1083737	1
55077	1
5436579	1
2053970	1
3721982	1
370597	1
5722726	1
2565511	1
28320250	1
42967760	1
1228011	1
496698	1
152726	1
147831	1
6686592	1
392519	1
38022293	1
5044502	1
188978	1
12060090	1
17880145	1
1265998	1
1106987	1
909249	1
4611067	1
968463	1
770689	1
358722	1
21032065	1
1469211	1
324616	1
14915548	1
31055785	1
102190	1
10091517	1
183111	1
232921	1
8200524	1
4627130	1
432516	1
1187382	1
2870594	1
34684163	1
6376819	1
3600824	1
240876	1
587396	1
680390	1
840219	1
10534827	1
1290680	1
189132	1
284376	1
539171	1
137473	1
12890347	1
38332675	1
206206	1
2877259	1
6674238	1
309661	1
578008	1
29096281	1
742108	1
3408116	1
17586139	1
11040344	1
10150647	1
2172379	1
20650188	1
3273376	1
534068	1
3433040	1
2524106	1
1114755	1
355852	1
13332527	1
47766253	1
10612540	1
2305490	1
1391765	1
25648286	1
1134863	1
5204663	1
470232	1
4621070	1
696770	1
38400316	1
194513	1
5397280	1
2199332	1
759787	1
5216630	1
19039400	1
1490313	1
19217136	1
3842730	1
13869205	1
144874	1
38899	1
32850659	1
20222379	1
18581861	1
418094	1
84727	1
24825003	1
9061182	1
21808174	1
63007	1
4410548	1
7890700	1
25466173	1
75912	1
14149346	1
13025964	1
1762720	1
4306635	1
741630	1
6690939	1
18393268	1
2081036	1
1511764	1
419039	1
27070	1
3772767	1
12891	1
38215598	1
32501324	1
6796386	1
29543044	1
411264	1
6493452	1
58609	1
1198018	1
241458	1
1088303	1
2759290	1
243819	1
134920	1
12440123	1
180192	1
32571175	1
67344	1
1063091	1
109816	1
22697427	1
251986	1
26920023	1
24832854	1
16396497	1
15509506	1
3643933	1
15555481	1
1880186	1
45541662	1
28266	1
215285	1
3661571	1
436713	1
1602010	1
20700771	1
11496239	1
440936	1
12744180	1
22385580	1
6844407	1
703112	1
1714970	1
26255564	1
340560	1
1079901	1
163478	1
24275977	1
2576321	1
2470722	1
3966926	1
9142631	1
15033067	1
166163	1
2707335	1
3399703	1
19200176	1
477701	1
406327	1
7831056	1
9597266	1
11117749	1
21061098	1
4445490	1
31447557	1
1438803	1
1660011	1
40021348	1
21819959	1
756723	1
1445234	1
915432	1
8411944	1
34394377	1
22142761	1
5976016	1
588859	1
44746714	1
717167	1
389779	1
13036812	1
24440246	1
2577429	1
9769970	1
9305102	1
1365451	1
1598816	1
8962816	1
22799727	1
219358	1
9505777	1
46310301	1
673458	1
2204846	1
36910066	1
23559446	1
14993992	1
4134284	1
39548203	1
21816513	1
174834	1
3538034	1
35369494	1
12948149	1
1230332	1
17060	1
10417792	1
526721	1
229227	1
2518545	1
1277653	1
15464312	1
37071	1
972689	1
261665	1
44002	1
8512749	1
1986664	1
4774301	1
5988490	1
3332362	1
35075784	1
12126784	1
555604	1
21835290	1
356028	1
42795131	1
5761659	1
248942	1
1644163	1
1410865	1
16784384	1
2638634	1
10595136	1
711553	1
360720	1
255722	1
7667799	1
7427693	1
614878	1
149051	1
5111472	1
225603	1
17244790	1
16162216	1
62000	1
15825201	1
30795	1
13796983	1
2323802	1
315087	1
516801	1
628302	1
3062030	1
28918995	1
1384972	1
1103103	1
191599	1
2033894	1
24275966	1
579545	1
20677354	1
1261234	1
21699579	1
30731768	1
21831602	1
214796	1
10380046	1
1279276	1
8958274	1
33154162	1
1605061	1
15301096	1
17461	1
17798167	1
793615	1
13976536	1
36499718	1
12324620	1
25093792	1
605272	1
430315	1
6653262	1
888694	1
274396	1
36186415	1
298897	1
2642277	1
23600566	1
15527504	1
27067439	1
22871559	1
13010	1
2404209	1
158993	1
977459	1
1022169	1
2987893	1
18992916	1
176386	1
27900072	1
15980	1
6368997	1
8790920	1
362726	1
2959817	1
8582703	1
343181	1
3036287	1
104680	1
6691258	1
575245	1
442696	1
38481043	1
472669	1
15131337	1
33394162	1
2284855	1
23910195	1
2872265	1
475037	1
23745563	1
118688	1
19976948	1
25541482	1
100422	1
89442	1
932086	1
53514	1
1560095	1
19557107	1
17136726	1
36739653	1
1725890	1
35637581	1
1216972	1
586628	1
43729983	1
31862900	1
27147419	1
523701	1
11035100	1
816061	1
657777	1
30927573	1
21642002	1
123468	1
113070	1
1527882	1
543894	1
21664589	1
578423	1
3576304	1
16294007	1
857875	1
212504	1
49235587	1
156209	1
25523704	1
13456509	1
24244308	1
3012141	1
36744485	1
11134273	1
5314924	1
7962440	1
2524276	1
574840	1
8409020	1
11201094	1
845081	1
276706	1
5241533	1
26516890	1
14586918	1
8688311	1
18267561	1
664884	1
624759	1
5832114	1
10980016	1
368629	1
14163935	1
1891653	1
1155064	1
29229263	1
4888257	1
91342	1
38982439	1
2332560	1
38054806	1
4537	1
28125682	1
21018979	1
38362975	1
1687435	1
4358082	1
6059986	1
935261	1
645242	1
3955038	1
25384962	1
43377607	1
6973884	1
4292966	1
2435159	0
3695961	0
1230988	0
43571122	0
3929134	0
5470382	0
2236323	0
33399318	0
42584	0
11694579	0
46277979	0
47482928	0
466394	0
47956276	0
36454048	0
11796502	0
1774491	0
6087446	0
25689451	0
16783530	0
47770292	0
507679	0
17974235	0
2520767	0
1410072	0
2586594	0
26797989	0
2221609	0
2956124	0
2777376	0
13833030	0
8102581	0
2068802	0
28157962	0
37430465	0
125990	0
2608987	0
34968413	0
1427534	0
1781088	0
48796681	0
26631032	0
5166662	0
17945864	0
42490995	0
2285986	0
429323	0
27477279	0
17473813	0
37261359	0
21644100	0
16119	0
1026668	0
9144756	0
1451519	0
35561020	0
5690143	0
24531809	0
2108981	0
23535297	0
7420154	0
22483	0
4211089	0
5863961	0
133527	0
15120372	0
36619561	0
1756396	0
1499414	0
2933544	0
321865	0
19720838	0
29408197	0
518188	0
1804519	0
4892547	0
38303319	0
297137	0
925471	0
6793577	0
22898725	0
1158174	0
6352570	0
4190469	0
17034136	0
12516280	0
27723807	0
8446351	0
135286	0
7186420	0
5289567	0
12483734	0
96683	0
12106166	0
45527104	0
6613100	0
35319117	0
7742679	0
126317	0
27238507	0
245077	0
5603373	0
138125	0
18507496	0
1601663	0
1750049	0
464598	0
8772575	0
17316193	0
9802548	0
42534193	0
23937401	0
33054880	0
5608488	0
1682510	0
7444928	0
1692736	0
4053969	0
41672279	0
12979865	0
4266245	0
15567464	0
5213952	0
30491397	0
3690441	0
4287676	0
18715641	0
16807880	0
33983305	0
33419672	0
3283642	0
3935261	0
1023874	0
918675	0
1220173	0
2985982	0
1596374	0
23319638	0
1641547	0
34572370	0
24201230	0
3383615	0
44906502	0
32466995	0
11451527	0
1820263	0
3301334	0
24899424	0
6107994	0
24520074	0
13379104	0
3301972	0
3091479	0
14590035	0
970755	0
9756301	0
4175667	0
11624402	0
6588698	0
3467450	0
31249580	0
13398112	0
20680815	0
23670984	0
25759804	0
6954960	0
7452952	0
15815269	0
589227	0
3123557	0
710660	0
1378618	0
2802	0
6751393	0
50099	0
44968241	0
40210112	0
5204684	0
19933578	0
48549150	0
2619281	0
3883756	0
656270	0
29758182	0
6013591	0
24878424	0
30864460	0
52107	0
5545033	0
28248562	0
12959635	0
4249656	0
23584820	0
31007542	0
41525162	0
5530332	0
32144596	0
45685667	0
33738038	0
40828997	0
7030526	0
355106	0
14210083	0
27419555	0
26685283	0
328930	0
2314364	0
22491438	0
25011291	0
39847774	0
14754995	0
33598593	0
28524851	0
132936	0
2908192	0
179109	0
35193346	0
21270807	0
12641951	0
494529	0
44156368	0
31447952	0
5967465	0
6610921	0
9426568	0
31009850	0
47013780	0
27067635	0
42716446	0
4484375	0
1410780	0
32245521	0
17951090	0
16882555	0
10613357	0
37012689	0
2044220	0
42716975	0
1406007	0
6060740	0
3242959	0
6055376	0
33751190	0
2488539	0
113801	0
2251466	0
25775848	0
27522415	0
76812	0
43164699	0
37539921	0
112415	0
13852323	0
31269408	0
14051719	0
847177	0
8164393	0
11483041	0
24998274	0
16981923	0
4279873	0
14567061	0
3615001	0
2646302	0
14524408	0
5932180	0
130537	0
9657383	0
899430	0
2166156	0
2311114	0
15675261	0
22755552	0
23213290	0
11348014	0
30815295	0
11421509	0
30980497	0
1681204	0
1186218	0
6165579	0
7175865	0
47514839	0
2009549	0
3629453	0
4144179	0
17555848	0
3007965	0
34060013	0
118622	0
122363	0
472998	0
4748699	0
23181770	0
33125772	0
135520	0
22261694	0
30035557	0
19529720	0
3856648	0
21573591	0
13940316	0
331311	0
5451492	0
20768389	0
6986990	0
1099537	0
35037015	0
38793425	0
25541929	0
933378	0
16897922	0
28991047	0
10214140	0
13285231	0
1316989	0
2989048	0
18532579	0
728062	0
16255368	0
297198	0
12772125	0
14587863	0
1821969	0
6733257	0
49462717	0
28774788	0
34912510	0
1222628	0
35303723	0
45051683	0
3840185	0
1643938	0
10045405	0
10349001	0
231732	0
11188524	0
6985673	0
25088666	0
6118124	0
9414115	0
2918956	0
5027353	0
9145640	0
20206994	0
36721989	0
35991538	0
31298973	0
4898906	0
302622	0
7300702	0
485893	0
13967697	0
30818845	0
20141999	0
3353219	0
14010405	0
1420419	0
18169472	0
399700	0
8536327	0
3241084	0
7192836	0
2982355	0
35843472	0
1178742	0
6501587	0
47825582	0
1429985	0
15215979	0
39505410	0
245390	0
2866522	0
13084787	0
4971555	0
1038776	0
13567484	0
238122	0
12387839	0
38889524	0
40648332	0
2190630	0
1864	0
48841150	0
10662773	0
40648336	0
231733	0
47422036	0
13779302	0
3212165	0
2556976	0
22383422	0
1403949	0
5527600	0
31964810	0
20746973	0
18184609	0
2403065	0
17458501	0
37892981	0
24727171	0
5948784	0
19563384	0
1848423	0
40568202	0
851511	0
10212618	0
26078621	0
2764538	0
1965302	0
5017605	0
7369311	0
43228055	0
35477195	0
31859474	0
18301952	0
4432806	0
912635	0
19918654	0
32040173	0
12637628	0
1708717	0
211405	0
713647	0
1206204	0
35515156	0
21859396	0
1699210	0
6286726	0
6699607	0
8601024	0
15773366	0
23661606	0
6861837	0
2116146	0
258050	0
32028608	0
1119054	0
911650	0
8620133	0
851261	0
36342938	0
318084	0
32303206	0
29912608	0
3256132	0
10219599	0
41822214	0
6148520	0
30534976	0
5377418	0
28893509	0
390509	0
24692540	0
3595420	0
22831367	0
11887437	0
4459184	0
17516297	0
3816155	0
1090203	0
4827914	0
35628104	0
49218114	0
27393975	0
4873210	0
31006047	0
27110723	0
8087501	0
7224529	0
5011877	0
4963735	0
2086820	0
9293903	0
12051030	0
5954926	0
21089732	0
130614	0
4179854	0
17428879	0
854671	0
9390359	0
25045330	0
793025	0
5995201	0
4301785	0
23626553	0
3070483	0
21245082	0
39555341	0
5272318	0
17491346	0
14297741	0
1036636	0
15854207	0
13242013	0
3217165	0
25946414	0
10399790	0
31524412	0
