17160509	1
34156882	1
12177035	1
4405167	1
899286	1
122369	1
66231	1
1042635	1
1908808	1
49287235	1
323243	1
586540	1
667473	1
242628	1
656175	1
4072842	1
358	1
10006216	1
304460	1
2227854	1
3154239	1
16565608	1
1605900	1
489674	1
9560337	1
36704610	1
200154	1
550102	1
2511534	1
20599016	1
1952396	1
328185	1
120223	1
10197652	1
1416439	1
84096	1
2620030	1
54295	1
25210907	1
18121698	1
20236154	1
4932111	1
11715507	1
18663615	1
15604472	1
241601	1
134715	1
59062	1
171136	1
22899902	1
196788	1
1218964	1
63972	1
2078402	1
115588	1
294126	1
21915095	1
375967	1
6823263	1
4941474	1
25161934	1
30242679	1
204675	1
2589484	1
107769	1
17870422	1
229668	1
427976	1
15839892	1
28850071	1
1899769	1
105732	1
5500	1
7381568	1
485670	1
149369	1
2739209	1
4564577	1
229919	1
542471	1
2252348	1
1411511	1
157401	1
297682	1
22445768	1
431031	1
33980166	1
9540	1
520049	1
1853296	1
273959	1
20537542	1
11042161	1
4448639	1
1681976	1
704408	1
149773	1
4737697	1
1822836	1
89744	1
197197	1
852180	1
173351	1
1661956	1
11020789	1
16791385	1
57037	1
447182	1
2092046	1
203965	1
22671578	1
14345314	1
105697	1
204525	1
47850038	1
701322	1
2288422	1
21238663	1
5870459	1
176659	1
90796	1
382797	1
7111021	1
527707	1
1186927	1
4464731	1
17779810	1
56232	1
572963	1
4083670	1
3066726	1
53842	1
2880886	1
37416992	1
55779	1
130248	1
96777	1
348816	1
6865375	1
1363510	1
1972144	1
322298	1
1338022	1
17781	1
1799534	1
1828187	1
18717920	1
227945	1
93387	1
419167	1
60005	1
692911	1
1049521	1
5248560	1
21017886	1
17811878	1
73236	1
6290962	1
430942	1
1217063	1
872341	1
31071148	1
318524	1
187317	1
3650139	1
266706	1
495660	1
11366489	1
125569	1
76508	1
240416	1
13565179	1
3617264	1
21543759	1
199070	1
48756	1
452112	1
196141	1
6638573	1
8253166	1
14662353	1
12599589	1
584547	1
250129	1
74547	1
2938270	1
2071559	1
2312071	1
28790360	1
37674	1
531184	1
460511	1
315043	1
559595	1
38160876	1
904055	1
1429146	1
3509373	1
1424282	1
2677941	1
763365	1
546339	1
3403216	1
869687	1
45461746	1
24510323	1
23476714	1
608986	1
2999532	1
303789	1
5422730	1
573016	1
5045505	1
2640297	1
2726726	1
55832	1
739318	1
4384674	1
245802	1
41544	1
1968562	1
12236819	1
13693167	1
774581	1
402923	1
4578354	1
115346	1
453286	1
2892605	1
17161512	1
1171803	1
247817	1
2398404	1
2354910	1
44218954	1
47419	1
1115992	1
22521358	1
5508644	1
24312535	1
14045789	1
11139916	1
25124553	1
91277	1
3863106	1
266656	1
68286	1
16674534	1
14575304	1
39923951	1
4806976	1
4284	1
23594532	1
2947997	1
1092722	1
2869183	1
3051959	1
5341334	1
824245	1
1132950	1
2597249	1
2641978	1
110810	1
638665	1
124870	1
634496	1
13615	1
452439	1
12665	1
832774	1
17071240	1
18528596	1
1060052	1
4180197	1
9506480	1
19178965	1
667924	1
15389367	1
3507365	1
14308159	1
202487	1
39204	1
29789	1
544494	1
22775372	1
39612089	1
70566	1
2500153	1
1588737	1
38776954	1
439229	1
113645	1
1255655	1
1138643	1
745008	1
776074	1
948197	1
1496795	1
156029	1
5733330	1
317279	1
27806324	1
558959	1
1109945	1
1438722	1
1482082	1
152943	1
903203	1
25705896	1
2037829	1
15033130	1
43005	1
11464	1
2754592	1
3083	1
15907181	1
4448709	1
1818864	1
19024387	1
1276759	1
528551	1
37116347	1
766141	1
40197678	1
135357	1
14638940	1
307923	1
827447	1
17684141	1
5046546	1
723254	1
31495916	1
1438113	1
2135765	1
3951295	1
24915474	1
3109250	1
2043331	1
20353210	1
479159	1
14636179	1
100580	1
692825	1
1438230	1
6719810	1
40678669	1
7289802	1
198153	1
7492169	1
87943	1
4503109	1
22531971	1
5928966	1
573907	1
36590197	1
1041603	1
634847	1
60098	1
937398	1
797124	1
33885423	1
239035	1
5034119	1
1163432	1
668125	1
47118	1
27712	1
9096236	1
1536460	1
3493617	1
10275783	1
3255188	1
2169411	1
4585735	1
313147	1
896115	1
335815	1
1147055	1
557241	1
1102852	1
11729895	1
285292	1
581452	1
501984	1
3892712	1
291174	1
403406	1
30311961	1
502983	1
8110139	1
736669	1
8809498	1
24334819	1
19834139	1
178866	1
1511570	1
279669	1
11944078	1
256928	1
262955	1
14849914	1
3725521	1
57765	1
2626868	1
23955316	1
216516	1
4017028	1
2500759	1
5540013	1
3126625	1
10293	1
1246723	1
2089199	1
2986711	1
246579	1
28253983	1
13197750	1
18182248	1
3021397	1
765384	1
1500652	1
2544872	1
218787	1
10739971	1
265510	1
4968240	1
7773	1
3735029	1
998807	1
60049	1
108338	1
1003870	1
557237	1
1763752	1
5498162	1
4174311	1
45635862	1
20751714	1
684928	1
28061050	1
14651889	1
21211705	1
66618	1
5788512	1
261824	1
105728	1
463734	1
37209927	1
5468825	1
45233	1
3141947	1
884390	1
261316	1
1750677	1
17036159	1
98642	1
1984020	1
1552734	1
941919	1
37988	1
249093	1
178040	1
451480	1
41602569	1
20297282	1
1348667	1
33526760	1
1891073	1
2220159	1
11322784	1
208367	1
2561684	1
221030	1
30876985	1
309917	1
44636305	1
3396035	1
1474349	1
986695	1
3138	1
240028	1
841386	1
5789722	1
494313	1
134987	1
938269	1
771114	1
1403808	1
4346925	1
4406807	1
197567	1
182502	1
19273099	1
188900	1
203674	1
277858	1
30717798	1
167279	1
41665194	1
1064863	1
533342	0
24941188	0
12528383	0
8410545	0
1457478	0
34173095	0
77420	0
27798366	0
13605567	0
6788084	0
8037955	0
13185134	0
18591676	0
14999186	0
24043842	0
1184511	0
8352972	0
22959338	0
1837187	0
70700	0
1063810	0
11542843	0
12759810	0
33363507	0
12995399	0
20855452	0
903225	0
4180312	0
17955720	0
2623334	0
2896158	0
20960733	0
3499593	0
15661429	0
30803321	0
27447877	0
9994358	0
993351	0
9712668	0
276295	0
27507190	0
1701468	0
6458989	0
12554802	0
39293533	0
16426540	0
450898	0
4354675	0
14270326	0
25943980	0
7958921	0
652155	0
6183337	0
21789553	0
6770635	0
7693297	0
25660794	0
48351939	0
24955913	0
48016194	0
9032049	0
6097049	0
45692215	0
42756400	0
728296	0
24415593	0
3365014	0
30967681	0
15205499	0
11805307	0
3991236	0
2939384	0
8988615	0
3795167	0
273172	0
350293	0
3292483	0
13134222	0
11560324	0
167775	0
12799535	0
415062	0
23834910	0
48216846	0
5086034	0
3781334	0
12259262	0
1774164	0
27674995	0
15359650	0
42547897	0
30865240	0
33810381	0
38427364	0
27872364	0
18532054	0
17087594	0
22505048	0
5133189	0
24250998	0
4618192	0
450276	0
25801712	0
43005693	0
1386021	0
12456655	0
41625451	0
38521579	0
110820	0
6167829	0
37809902	0
3908700	0
26153527	0
17205612	0
1574790	0
22993353	0
7064710	0
2839207	0
26020472	0
9370647	0
14846748	0
6377196	0
15602748	0
216770	0
328228	0
32267907	0
47214192	0
27967655	0
24469389	0
17018107	0
142916	0
2583106	0
36749706	0
13721682	0
26438687	0
2893701	0
15186380	0
25260370	0
5541014	0
20744197	0
816026	0
9685521	0
10518094	0
5534714	0
6209032	0
4221953	0
1809752	0
8426986	0
22342499	0
28385731	0
4224859	0
18696765	0
11357274	0
3724492	0
15497994	0
109529	0
33607384	0
45442319	0
1723947	0
4733146	0
7437551	0
41804647	0
1330262	0
37125414	0
750074	0
28922446	0
264383	0
6713334	0
40039635	0
3808989	0
1146982	0
18393552	0
20906849	0
7646194	0
26982570	0
12275870	0
29443746	0
2553956	0
44419731	0
12914018	0
1189159	0
309962	0
39950449	0
4148033	0
15856972	0
6307605	0
5101629	0
45541384	0
21633552	0
608801	0
31501708	0
13740913	0
25125907	0
4399425	0
14325419	0
25607486	0
28925148	0
125052	0
2256739	0
38872949	0
36619075	0
18310192	0
324131	0
12686521	0
1951344	0
649473	0
27331817	0
543679	0
5695926	0
4071217	0
21048809	0
18316619	0
2692128	0
5276820	0
3054853	0
16037405	0
11411551	0
5155320	0
157764	0
2934955	0
2098761	0
15884344	0
32864663	0
21938628	0
24306789	0
32497355	0
2965473	0
3091769	0
373266	0
910147	0
780290	0
3937335	0
14655338	0
186014	0
14641148	0
5081184	0
44858221	0
32063032	0
11314914	0
18547154	0
7830741	0
117542	0
106577	0
740416	0
698042	0
23451075	0
9791036	0
20509021	0
6811035	0
35935772	0
986444	0
9547578	0
13268253	0
502692	0
21286278	0
32147961	0
18173078	0
25533609	0
1633415	0
3378324	0
6520561	0
27903466	0
40047451	0
3678560	0
972570	0
19160136	0
767940	0
41904530	0
3010998	0
10878472	0
17747014	0
12484177	0
42863200	0
1674351	0
9268278	0
18718040	0
5759547	0
4437147	0
16510658	0
8717321	0
16792359	0
2372980	0
8935922	0
1327399	0
22110340	0
29150925	0
2836282	0
44436	0
1933830	0
44235052	0
20396821	0
27654388	0
8141503	0
19835008	0
1056595	0
18561680	0
21809	0
24702399	0
2248330	0
30599316	0
31559141	0
12590383	0
7150361	0
3659119	0
2607698	0
7252175	0
20689276	0
11102447	0
3904038	0
116663	0
2975004	0
33207386	0
60621	0
43489242	0
11675627	0
29005248	0
22577800	0
40211558	0
37814643	0
16800877	0
5225781	0
5485071	0
8919095	0
32142677	0
21605918	0
17561455	0
9333766	0
43782574	0
9975055	0
784422	0
406240	0
13036862	0
19861483	0
44217120	0
13086856	0
22944529	0
263867	0
7551912	0
19112927	0
16098340	0
24759863	0
23085650	0
9281189	0
8551	0
15897299	0
25894319	0
22464502	0
30779027	0
323267	0
2345108	0
5890801	0
19942421	0
14769133	0
11317169	0
837503	0
110837	0
33940298	0
357757	0
6578398	0
5369391	0
4162675	0
2858114	0
22119999	0
323344	0
588318	0
1091291	0
44476447	0
368575	0
20701030	0
24973992	0
25263520	0
7154968	0
19849375	0
28344783	0
17444663	0
6563913	0
592192	0
16498717	0
2573534	0
43341994	0
9489683	0
21399620	0
145842	0
4972751	0
30865340	0
2076395	0
4676259	0
1306269	0
423672	0
1555922	0
7199693	0
6938755	0
3273212	0
39300023	0
12448565	0
8639191	0
6561	0
6689242	0
5318843	0
38464496	0
9407628	0
2872703	0
399078	0
43976828	0
35743825	0
15363024	0
6034160	0
1043209	0
12995348	0
5495985	0
8814736	0
40222	0
25874644	0
11766216	0
31519189	0
1791112	0
2024951	0
33893479	0
2257651	0
13791073	0
11767384	0
28941562	0
523524	0
4305227	0
1201088	0
16681299	0
1299600	0
26711909	0
1384606	0
149127	0
19648751	0
8849067	0
21630870	0
3972195	0
1738973	0
32809350	0
5060964	0
23390297	0
338367	0
39838724	0
4485339	0
12747484	0
3685726	0
7809027	0
147411	0
5325677	0
4469076	0
6767955	0
17100842	0
25171656	0
2888446	0
11936534	0
8503445	0
24763817	0
23689911	0
1231650	0
10539261	0
14724841	0
582085	0
3972946	0
9511853	0
159737	0
230744	0
865280	0
15332984	0
2508591	0
28096138	0
8590126	0
130743	0
4716216	0
13299163	0
39385134	0
47349245	0
33895492	0
5658967	0
5953761	0
1805664	0
1365787	0
23553427	0
14886395	0
39278509	0
31056977	0
10106999	0
11084045	0
16946368	0
259385	0
10130726	0
12583652	0
19860077	0
13616868	0
294770	0
46587227	0
160965	0
3914283	0
41825258	0
6683657	0
45445773	0
8717761	0
1044981	0
47856872	0
