1868768	1
62447	1
2086845	1
28879122	1
26413550	1
659032	1
1408199	1
2071193	1
49650	1
2244983	1
12153654	1
5058628	1
15150377	1
1170791	1
1874918	1
26847980	1
2431756	1
14334442	1
19195984	1
23831	1
7757290	1
12505972	1
60741	1
25921118	1
8628283	1
14456140	1
996385	1
740710	1
12841712	1
1034732	1
598948	1
25504439	1
27678700	1
24271662	1
1170250	1
3016512	1
6830293	1
2319025	1
1234667	1
9650685	1
1377650	1
26783878	1
844100	1
371236	1
6837986	1
3102201	1
516675	1
8697753	1
2928525	1
12482319	1
22800218	1
11990403	1
2006972	1
5801754	1
1906320	1
11104873	1
996208	1
1255522	1
816591	1
27803381	1
2584813	1
18905627	1
2887623	1
4826450	1
25046692	1
286485	1
26579568	1
6516957	1
318004	1
2317766	1
7430512	1
3126767	1
18901114	1
512336	1
3590413	1
31107564	1
767317	1
5855462	1
312248	1
4141618	1
25166065	1
25211942	1
22363936	1
38836545	1
8541592	1
4692200	1
2801798	1
23484917	1
30778144	1
233798	1
24905	1
74252	1
28833659	1
774496	1
532992	1
9640240	1
2241323	1
17198130	1
26645137	1
7753224	1
17871198	1
13477882	1
7943708	1
20147106	1
9652067	1
1172555	1
1234561	1
2885876	1
9212944	1
874172	1
565898	1
884886	1
27987065	1
13972717	1
6599049	1
22405602	1
4694084	1
43414411	1
20764758	1
23903083	1
1022352	1
679124	1
41223752	1
38254503	1
18766332	1
62626	1
6080879	1
23108330	1
35064752	1
2344655	1
261178	1
3257320	1
1225126	1
31165296	1
10861666	1
1613095	1
343256	1
657179	1
160180	1
1533271	1
145388	1
35012150	1
4080420	1
157972	1
5725648	1
371533	1
1613816	1
2816681	1
1677192	1
16809264	1
148313	1
2763389	1
41659290	1
17386711	1
317971	1
2194726	1
428291	1
294994	1
6763129	1
5013378	1
6813018	1
94240	1
6256647	1
975924	1
1055403	1
2486900	1
5267070	1
2644139	1
21197515	1
2096900	1
4748161	1
2627441	1
4352767	1
297534	1
26565	1
4204315	1
38234794	1
5950578	1
613413	1
2535245	1
37630411	1
5518280	1
343445	1
328931	1
20998008	1
27082492	1
850170	1
265115	1
1219524	1
9808977	1
551160	1
151203	1
3531942	1
954167	1
7133731	1
2429872	1
3367026	1
3595800	1
44125258	1
1597515	1
9877500	1
20771957	1
27346394	1
451258	1
7777781	1
41060428	1
13161583	1
229139	1
486217	1
3578888	1
6149807	1
27667756	1
81512	1
30687538	1
17719361	1
655725	1
1386904	1
17501614	1
4748854	1
187036	1
608273	1
2193451	1
160203	1
99858	1
305295	1
33732052	1
36689151	1
379174	1
2855185	1
231930	1
1298825	1
311034	1
1156008	1
13893275	1
383769	1
285542	1
556880	1
1229359	1
665872	1
852166	1
1756898	1
6107825	1
18695674	1
2558634	1
1983395	1
11232895	1
23579510	1
25776	1
1199419	1
8885523	1
1706377	1
335787	1
18915789	1
1170973	1
12909331	1
3049203	1
2996674	1
3666386	1
732495	1
13736485	1
1052431	1
2649261	1
14421663	1
19345917	1
721266	1
150891	1
240936	1
15401748	1
7818392	1
32519	1
290401	1
19834091	1
232429	1
2213703	1
19420487	1
36939524	1
41989016	1
7324850	1
42065211	1
823779	1
34824595	1
364931	1
15478153	1
12245101	1
6993011	1
236118	1
2132939	1
466612	1
21149025	1
590370	1
137184	1
429144	1
4582820	1
305550	1
52279	1
24409950	1
2879916	1
2775279	1
26308	1
218235	1
3666158	1
4571655	1
11543398	1
4750440	1
899190	1
172701	1
5842491	1
8315851	1
2292256	1
25856775	1
58732	1
11758903	1
15788457	1
6280596	1
17380789	1
27773	1
1267942	1
3446328	1
432042	1
313614	1
17244790	1
6076823	1
2880715	1
2467696	1
2020952	1
42621	1
1870340	1
646051	1
1536030	1
22950333	1
9195868	1
3888434	1
1556	1
5267337	1
1659270	1
10614722	1
596566	1
11229	1
9276801	1
297187	1
142103	1
330662	1
12245666	1
18852935	1
755462	1
286841	1
2410152	1
542020	1
1012717	1
232067	1
38657423	1
2435796	1
14974246	1
9401582	1
9147033	1
4152108	1
11587912	1
13265439	1
2392064	1
12091571	1
161909	1
971296	1
20938376	1
1624498	1
732499	1
590643	1
9666141	1
674193	1
63132	1
11631212	1
174664	1
6746	1
1873613	1
1070521	1
40478297	1
1082682	1
25161257	1
992816	1
3802403	1
13881041	1
19911767	1
5072796	1
451068	1
19712746	1
95259	1
490286	1
1836398	1
2645144	1
4481821	1
40452915	1
183410	1
7600319	1
4266091	1
9026623	1
22108407	1
78500	1
1201514	1
230859	1
2051570	1
11771412	1
1269112	1
2204048	1
1041472	1
27258911	1
127282	1
5174451	1
15377953	1
297153	1
3909151	1
40894032	1
3698793	1
28982225	1
2329206	1
758825	1
81185	1
2230824	1
6828596	1
28403757	1
357072	1
6219508	1
3445240	1
195941	1
491758	1
1304191	1
8294373	1
74778	1
2255067	1
25229363	1
28989696	1
31314718	1
439844	1
13205718	1
266033	1
3501164	1
32298583	1
33703	1
4323635	1
385290	1
13037788	1
850032	1
430007	1
199550	1
12813632	1
2622560	1
842686	1
301837	1
125209	1
5214032	1
43028495	1
13836845	1
20890	1
2601176	1
19754446	1
2244937	1
2481256	1
250763	1
423474	1
24214856	1
15787767	1
30307	1
37619079	1
1682385	1
8688036	1
151814	1
8269511	1
23450997	1
12858828	1
45471912	1
3285459	1
350509	1
2878678	1
63857	1
18561236	1
695147	1
29068895	1
4904603	1
44727580	1
143745	1
3347595	1
14536249	1
5186908	1
233804	1
12506127	1
36763835	1
935905	1
305544	1
11788043	1
9269974	1
1179305	1
7484943	1
4740559	1
4638914	1
1326881	1
20459599	1
11567541	1
298658	1
907786	1
944604	1
143000	1
1249898	1
503461	0
1602780	0
29654464	0
39676351	0
378480	0
109600	0
41799035	0
17414514	0
35321955	0
738487	0
16803160	0
33031096	0
119386	0
17403342	0
35794134	0
7123243	0
11915147	0
16308128	0
42250116	0
38644265	0
2666459	0
832632	0
29441262	0
34197183	0
489303	0
40760685	0
154434	0
34859270	0
29413544	0
704011	0
31635942	0
3701077	0
2204792	0
1345138	0
3978786	0
23493893	0
799607	0
47275271	0
48559350	0
1165584	0
3123902	0
38043279	0
33077296	0
23422053	0
1265768	0
32985187	0
5548954	0
28673821	0
12641795	0
3374188	0
23041053	0
4678496	0
18555791	0
3079601	0
1351706	0
7406608	0
1166157	0
29841128	0
31008662	0
1875677	0
14922289	0
12977550	0
47269571	0
34009926	0
3180840	0
36430759	0
2840022	0
4459599	0
14542788	0
36964962	0
43436755	0
5741992	0
37918250	0
16756673	0
1225675	0
1859291	0
7386211	0
11257293	0
9647420	0
1985032	0
2838303	0
4226489	0
10919253	0
18282580	0
24587282	0
19914976	0
200055	0
3535440	0
1988530	0
5539950	0
20176522	0
8366396	0
4634448	0
2811188	0
384513	0
21619711	0
34250578	0
15971010	0
29145713	0
202161	0
12536389	0
16434354	0
26811340	0
20955586	0
13124088	0
45505600	0
14239551	0
3742482	0
5917702	0
29312350	0
4354571	0
25720529	0
36162925	0
27337057	0
20285331	0
40043503	0
20631892	0
1263951	0
8707507	0
12184663	0
765547	0
23531086	0
224119	0
1023652	0
41950089	0
638288	0
40857182	0
27382121	0
2058294	0
20416291	0
507929	0
1847603	0
37461439	0
1117340	0
25756601	0
10475802	0
43991679	0
34164615	0
5325555	0
45641162	0
9631970	0
7994706	0
4185103	0
4272476	0
44111914	0
36017945	0
11700717	0
8958845	0
26042222	0
23088098	0
24417403	0
35590476	0
1102853	0
20191062	0
46965059	0
13813564	0
4739	0
36965434	0
8499681	0
25803708	0
28034241	0
31954063	0
4147879	0
19283753	0
14544803	0
24232853	0
96976	0
10454318	0
4976560	0
1711423	0
555158	0
1184096	0
8401649	0
8915196	0
5983541	0
2836350	0
2463875	0
9159762	0
4726468	0
6038199	0
241529	0
35795683	0
568270	0
31587406	0
18738814	0
2219646	0
1228279	0
65221	0
13106284	0
17467147	0
1419291	0
9317936	0
10909286	0
9093109	0
17917908	0
6438386	0
23826	0
1403714	0
1332722	0
24008162	0
46228871	0
3640115	0
13131365	0
88560	0
11213766	0
22802944	0
2920727	0
91585	0
2700284	0
31853547	0
30854553	0
5088343	0
39814846	0
1046337	0
48046262	0
18348187	0
37974090	0
11340408	0
4311054	0
36874316	0
27988559	0
4442309	0
4489848	0
2306072	0
11690636	0
4032009	0
2290643	0
4354196	0
6657979	0
4511742	0
10571983	0
1799518	0
25156390	0
15254635	0
41695022	0
1723559	0
13527780	0
1912458	0
182164	0
32438273	0
10641175	0
1255957	0
41579118	0
39529814	0
16880114	0
1985695	0
25558185	0
28251629	0
415450	0
17598077	0
654845	0
16163254	0
28182626	0
35718886	0
27450044	0
17446126	0
19361181	0
16850022	0
10823555	0
15089136	0
48429285	0
2008245	0
34254809	0
1412131	0
512959	0
5725333	0
26567178	0
12540126	0
14111161	0
11405206	0
31752456	0
15396155	0
32189232	0
602220	0
4408972	0
1971924	0
3076232	0
2681810	0
41345626	0
666422	0
14644570	0
18883777	0
36415167	0
16347008	0
3380864	0
199802	0
3737980	0
13164345	0
16376335	0
26015491	0
4675453	0
27656418	0
22371501	0
2565361	0
16179993	0
18261212	0
42109405	0
1106032	0
3527874	0
8228144	0
37673979	0
16727159	0
28618886	0
12682360	0
2378355	0
23691104	0
8851903	0
7733654	0
18568359	0
1683668	0
932007	0
4299482	0
311537	0
128117	0
480918	0
24139662	0
2632500	0
6085528	0
11273299	0
18493180	0
28816337	0
34731313	0
23534956	0
2068890	0
28880723	0
41989734	0
21131907	0
27592848	0
31946190	0
31623868	0
1874571	0
360118	0
13177958	0
14896	0
13104770	0
44809117	0
13810004	0
17160745	0
1960791	0
1377960	0
35273619	0
188982	0
26449392	0
15394431	0
14886865	0
6958557	0
9954936	0
841734	0
29861074	0
4432602	0
3090839	0
7421383	0
38819301	0
13381870	0
41914	0
40269473	0
4552385	0
4900464	0
4651919	0
13770643	0
39437040	0
22127827	0
1878102	0
2417652	0
19937822	0
343960	0
1858938	0
7399547	0
15901090	0
1019427	0
26921164	0
30937152	0
11765886	0
2283736	0
10216052	0
4262426	0
350929	0
25836485	0
7863351	0
36194014	0
4274470	0
48391737	0
20220761	0
12435544	0
18675280	0
37570897	0
5345125	0
21920435	0
386490	0
1929706	0
14676773	0
27106930	0
2809901	0
132653	0
40616397	0
4274415	0
3140213	0
4783222	0
46893787	0
2592771	0
1136626	0
2934572	0
708535	0
10326658	0
44283951	0
41297563	0
6942274	0
9326104	0
5321865	0
32552492	0
16082576	0
5462022	0
2002276	0
3731011	0
4184591	0
2399787	0
11051539	0
402468	0
14441892	0
890819	0
2575358	0
42042219	0
34765194	0
259632	0
39926510	0
12521137	0
11617889	0
16788011	0
4197095	0
15148270	0
7200083	0
6561191	0
922493	0
999673	0
7163738	0
6797041	0
3650021	0
892200	0
5766332	0
9714386	0
44024846	0
3943405	0
5373140	0
1620636	0
30583973	0
17346456	0
1987061	0
32957469	0
2362396	0
27134694	0
34533923	0
107933	0
8056384	0
19732608	0
22730440	0
767678	0
1524815	0
34562592	0
29169461	0
135712	0
2290315	0
1666590	0
114000	0
3555717	0
3402511	0
1294890	0
882199	0
16655208	0
8348973	0
34427561	0
15133866	0
307158	0
2733804	0
4321006	0
4799061	0
38464275	0
1892622	0
21897533	0
2143101	0
5610061	0
6304579	0
439117	0
8523023	0
7638853	0
11597271	0
12453030	0
2836239	0
940498	0
39624715	0
36951279	0
5017862	0
44635077	0
4461787	0
44254561	0
20738788	0
22697133	0
16745003	0
4186138	0
6343355	0
4905658	0
