36589754	5348091	1
4788529	31620659	0
1598464	548981	1
28703482	18499	0
10573384	649702	1
47129695	248786	0
409262	5291821	0
20528022	649702	1
9389751	492475	1
880237	7730312	0
1990291	567681	1
7021813	548981	1
4987432	351305	1
8887452	548981	1
14282552	548981	1
12091676	7001560	0
1347029	13293657	0
32527024	7522969	0
4150772	30738122	0
3728552	640538	1
8047608	16971432	0
15071774	21621028	0
225791	693153	1
19885620	3761630	0
22229733	492475	1
8660330	6068935	0
2592797	649702	1
1777684	16751488	0
4306597	7444232	0
7966716	5915119	0
24341915	32558	0
3135007	603971	0
32579026	7483133	0
6777584	15782665	0
4995733	16956027	0
18708770	548981	1
13281085	428681	1
1542046	648035	0
40521208	428681	1
32444270	1430677	0
15472252	351305	1
5321748	428681	1
15472252	15871674	0
2151702	15391816	0
6758570	714871	1
17146410	351305	1
46344059	714871	1
36142452	26233302	0
1460441	428681	1
26395129	5348091	1
9914934	649702	1
5945580	15522170	0
6702711	428681	1
635643	436699	1
6169831	548981	1
20851413	31807338	0
24398724	42855309	0
3343123	26563134	1
7266168	548981	0
14654110	3189596	0
33196555	3117127	0
10573384	848522	0
22675823	548981	1
409262	652569	1
14990979	428681	1
22322005	351305	1
22978960	548981	1
32876652	351305	1
20135644	45297219	0
9951118	25277	1
19048799	30937152	0
12076043	47484494	0
4564427	1603769	1
18759011	649702	1
896988	908220	0
9508499	16313409	0
3631746	26233302	0
1911902	295079	1
3739854	640275	1
2151702	351305	1
5230123	11250	0
38872241	351305	1
18938050	351305	1
4097842	22816061	1
3875572	333320	1
30133875	16979733	0
24570271	428681	1
20399284	3761148	0
5314986	6300533	0
6161185	428681	1
2720066	652569	1
1467158	649702	1
3204223	3189596	0
8427047	548981	1
5756327	2349779	0
15071774	428681	1
4701939	284482	1
2087262	37504837	0
2361797	24310286	0
2637693	3059043	1
588762	4009259	0
3013667	492475	1
4357225	20543799	0
22229733	12361924	0
26468285	45565768	0
9231373	714927	1
33222155	10764950	1
31174290	351305	1
11823457	528703	1
24475716	428681	1
12598391	243659	0
5605903	3506466	1
9389751	20514832	0
45717566	428681	1
21864466	5348091	1
19400139	428681	1
21655431	548981	1
13634331	583875	1
16574377	528703	1
5497559	42443752	0
4564427	2488459	0
3462688	4181019	1
9383316	15795426	0
26468285	428681	1
21728462	11552303	1
10388950	351305	1
1347029	1265425	1
31174290	40057915	0
9508499	492476	1
18938050	42841051	0
26395129	2804154	0
10408107	29528496	0
29433626	614926	1
4371741	567684	1
2851563	16052764	0
23000854	35504022	0
13262256	173555	1
11980060	34803856	0
13600210	722949	0
2323068	3761759	0
5505691	18768584	0
43668784	2853956	0
1689971	37504837	0
12040623	351305	1
6169831	7836762	0
9951118	27417379	0
9970923	428681	1
8350706	44818119	0
37361486	3961267	0
30230988	12555802	0
10621048	29857665	0
16020611	23727926	0
8047608	548981	1
3496962	492481	1
15252374	649702	1
3775768	649702	1
10388950	41434076	0
8704888	428681	1
1562919	11870474	0
11840171	295079	1
23616955	7188874	0
11425137	5587977	1
5710407	35820555	0
22208543	525548	0
3631746	492481	1
24672935	567643	1
36854687	428681	1
3462688	16979733	0
6161185	4986680	0
9269206	2119448	0
24878337	428681	1
2545754	10764950	1
1990855	567643	1
3342240	5537689	0
2317581	44741813	0
35975016	173555	1
29321441	14025576	0
17397456	2321562	0
6637672	34803856	0
3800102	492476	1
42148141	22976385	0
23685092	13293786	1
22469361	39655022	0
5061964	13093596	0
18865216	1269575	0
3728552	32072721	0
16676231	614926	1
9269206	583875	1
9818021	6107964	0
7898869	649702	1
22290482	436699	1
14911665	22396511	0
12076043	428681	1
2395877	649702	1
3842338	4629255	1
2851563	567809	1
3496962	3085121	0
20546652	4116105	0
7364574	2192576	0
2317581	626967	1
1780045	548981	1
3135007	5348091	1
4371741	5337125	0
19100302	3252105	1
37361486	1265425	1
1406265	1516807	0
36958168	25277	1
6337608	567681	1
7266168	351305	1
25846129	649702	1
6466225	528703	1
5730922	6070212	0
5998672	548981	1
2304655	12375992	0
9595142	43150084	0
9745788	649702	1
15625481	34063194	0
1447162	548981	1
23616955	548981	1
20082803	31747732	0
22004371	474282	1
10386202	671156	0
20843051	2161851	0
30955783	20311800	0
5440534	428681	1
14911665	1116805	1
37124778	3961352	0
22380104	3085121	0
8652019	1682763	0
27266766	428681	1
40117778	428681	1
9190022	17881033	0
10408107	4074666	1
31744244	7606276	0
6777584	548981	1
750103	567809	1
32579026	1269274	1
5323128	14235337	0
28246534	4248760	1
2054248	28181347	0
2395877	17933557	0
12816007	16990842	0
4286233	548981	1
6706061	428681	1
4436788	528703	1
1689971	649702	1
2323068	727810	1
12283673	5348091	1
14990979	13293657	0
14347847	1269575	0
12420440	40181832	0
9247891	22770	0
5605903	28837190	0
12145438	8134647	1
2739732	305185	1
20135644	548981	1
21007902	528703	1
33712220	351305	1
10261748	16956065	0
12420440	548981	1
18664583	428681	1
5702143	649702	1
42033489	771803	1
12730793	45565768	0
27066008	576847	1
6217586	3761863	0
24198760	14860737	0
16340741	8005300	0
27859298	11584982	0
12555112	4525719	0
7021813	29889030	0
2778716	583875	1
9595142	428681	1
5800733	424458	0
4306597	5348091	1
11656936	436699	1
19609746	5246354	0
1465578	44021130	0
34639966	31747732	0
9252299	528703	1
35781232	9113995	0
8215772	548981	1
10235181	548981	1
7161312	17933541	0
39398487	231674	0
40406402	2349779	0
24485021	295079	1
1195343	583341	1
1405689	1743101	0
14956044	6539460	0
18056275	649702	1
13206578	583875	1
2054248	351305	1
2749305	11783728	0
11468519	7919922	0
1992469	567643	1
10353224	351305	1
25212724	1265425	1
8908412	8464306	0
35902493	614926	1
20399284	548981	1
10167836	1795867	0
13757243	13293657	1
6706409	649702	1
19316836	5686382	0
524577	333719	0
5800733	30864930	1
15316394	40181832	0
42372600	581933	1
5284853	40770075	0
2701469	693153	0
1911902	11578446	0
5061964	649702	1
5710407	173555	1
31639990	31747732	0
17633867	171185	0
13252643	351305	1
1194108	649702	1
1194108	10454228	0
6663432	492476	1
32527024	649702	1
1777684	401277	1
40180203	4248760	0
17222157	649702	1
14347847	492476	1
31524073	1082961	0
24672935	27482735	0
5144567	2007778	0
25187614	567643	1
13024442	351305	1
24341915	649702	1
24109472	22640051	0
6702711	22816061	0
23960566	428681	1
27064229	428681	1
11800453	548981	1
4788529	305185	1
1649823	807795	0
21864466	226619	0
1052670	40175690	0
19400139	640598	0
2361797	492475	1
5223830	35553602	0
32162892	43658158	1
6019539	548981	1
12482271	3561694	0
16780836	518871	0
23230910	428681	1
27064229	1331640	0
12107283	548981	1
13029360	284482	1
10759099	649702	1
5223830	15715048	1
31744244	548981	1
10966254	9113995	0
27667045	428681	1
2637693	5160443	0
17576768	8270393	0
18576011	305185	1
45421322	7739111	0
1598464	6055104	0
7562355	5348091	1
3875572	2112026	0
20802108	18499	0
22469361	1853052	1
18759011	821314	0
13879643	351305	1
14497125	7338377	0
273704	18009885	0
46868619	492475	1
11425137	14251001	0
27266766	18499	0
1467158	3818217	0
6097893	428681	1
24153906	492475	1
8350706	567684	1
8354796	548981	1
36238910	583875	1
4943998	548981	1
6135360	1853052	1
23000854	548981	1
626207	15496	0
12546457	5910418	0
27859298	567681	1
22407281	2419531	1
45717566	17067088	0
7238423	34949917	0
4022676	11552303	0
36589754	15715048	0
30467130	567681	1
43604731	3987352	1
1465578	26563134	1
6082134	548981	1
3568700	5348091	1
12322533	15496	0
15517435	649702	1
7161312	284482	1
4106963	22656248	0
19763066	351305	1
34820739	428681	1
2545754	482954	0
1218824	649702	1
14952483	5348091	1
1990291	645482	0
5231911	3761114	0
23197348	1853052	1
3620656	821314	1
11901437	428681	1
7798838	428681	1
161397	436699	1
13436485	38295702	0
1542046	351305	1
7717491	10184914	0
27210586	25277	1
2299983	43150084	0
6059348	648049	0
22892627	428681	1
16258148	548981	1
43803296	524024	0
5314986	548981	1
45421322	428681	1
11468519	548981	1
3739854	3475875	0
1286065	42523694	0
5786755	303709	0
47129695	525548	1
37906155	428681	1
1996262	567681	1
22406513	6070742	0
878643	714927	1
16258148	640598	0
40521208	1195281	0
16020611	714927	1
1996262	45312907	0
2023767	576847	0
13260354	42031849	0
2304655	548981	1
25275280	17596719	0
5945580	548981	1
12635429	3611140	0
3949925	696677	1
13757243	1795867	0
25846129	35504022	0
5786755	30864930	1
1563778	1795110	0
24109472	714871	1
8908412	548981	1
14869015	16120382	0
43803296	428681	1
3524294	548981	1
5551450	648049	0
948410	15406757	0
3343123	4580151	0
10936143	548981	1
5039044	42761591	0
20516971	2897122	0
12546457	548981	1
10467479	640538	0
38233825	26939721	0
1406265	359688	1
28158143	428681	1
7691365	428681	1
25660732	39734741	0
4436788	12827994	0
6059348	436699	1
149792	12375992	0
7016209	715036	0
31915739	31055387	0
3024198	5160443	0
9190022	649702	1
273704	5587977	1
32746807	428681	1
40117778	14235337	0
6155765	43969224	0
5977014	7836824	0
15090041	39323880	0
14675324	42547807	0
31164970	626967	0
33712220	3117127	0
2778716	15514394	0
31639990	492475	1
20546652	428681	1
13140753	649702	1
2442433	575903	0
8265357	3008312	1
1353608	5328463	0
6155765	649702	1
13206578	237757	0
28008305	1853052	1
7798838	12412281	0
6637672	5348091	1
10966254	4074666	1
20865738	1269458	0
34639966	4074666	1
1432687	26233302	0
12091676	492475	1
4724722	5348091	1
10860843	1109644	0
8652019	428681	1
21655431	38685170	0
10235181	4838879	0
44695782	18784280	0
29723729	4262952	0
5144567	351305	1
14392674	3008312	1
40406402	173555	1
4140827	12798274	0
25603668	35820555	0
22208543	583875	1
6809806	428681	1
36142452	548981	1
5042345	1933601	0
14557171	6055104	0
15252374	44808976	0
22004371	1269651	0
15168123	20210730	0
22877081	649702	1
1405689	492475	1
6466225	5910418	0
3800102	14085301	0
10167836	3008312	1
8215772	567915	0
2747829	528703	1
28008305	1054768	0
23960566	30865942	0
18142825	567915	0
12226722	428681	1
3949925	5337125	0
24198760	649702	1
31347858	1796192	0
21336071	649702	1
5794534	428681	1
11051571	1126516	0
7966716	649702	1
12107283	12283621	0
7915538	43658158	0
22675823	36664355	0
1339477	6654611	0
1443634	42501280	0
19100302	640275	0
43417461	8111626	0
1447162	39651477	0
10467479	3008312	1
11467627	44882194	0
14497125	548981	1
16574377	15102386	0
1237933	5348091	1
7364574	576847	1
20371996	548981	1
30133875	581933	1
22406513	13293786	1
9818021	359688	1
29074806	908220	1
1206534	5348091	1
33794124	528703	1
2749305	436699	1
3142642	5152226	0
4423151	567681	1
37339581	33570686	0
4597813	43741514	0
23208655	428681	1
524577	428681	1
5231911	649702	1
6796952	39648105	0
7447735	548981	1
22978960	282641	0
7543891	1603769	0
21960199	428681	1
14675324	428681	1
14392674	7606276	0
3363761	567643	1
11800453	27417379	0
1636790	25277	1
23338678	567681	1
1286065	567681	1
22130002	548981	1
4300114	5024183	0
5977014	649702	1
746420	652569	1
5730922	567684	1
24878337	21566746	0
10386202	528703	1
3620656	20570125	0
2933158	2488459	0
2442433	567681	1
2023767	21566746	1
8887452	2454589	0
161397	7640908	0
6337608	36465434	0
39398487	567643	1
24485021	14187531	0
29723729	567643	1
635643	14251001	0
14869015	581933	1
23338678	4930263	0
10167677	6164354	0
30230988	567643	1
13680567	436699	1
880237	428681	1
12107496	548981	1
46421230	21647691	0
24216809	428681	1
11993113	48891462	0
4286233	44526449	0
21337893	351305	1
4300114	351305	1
5440534	1515510	0
4022676	567643	1
27210586	696677	0
2747829	243659	0
32876652	1269274	0
30148815	37504837	0
4597813	576847	1
32266008	649702	1
25660732	1853052	1
1237933	4074666	0
24437886	11452056	0
1990855	36240595	0
14282552	14235440	0
31524073	351305	1
22322005	2886222	0
20865738	583875	1
30467130	35344672	0
16743854	5348091	1
3141238	548981	1
6402615	34558476	0
3847066	29331814	0
24437886	649702	1
6663432	14235440	0
25812793	548981	1
37906155	1082929	0
36238910	17443430	0
21412780	351305	1
1353608	652569	1
4097842	6654611	0
13281085	23727926	0
5794534	1603769	0
15625481	428681	1
7238423	5348091	1
32266008	43741514	0
18708770	40882116	0
18816140	581933	1
9252299	40057912	0
6135360	23559488	0
11547766	474282	1
10780608	17881033	0
12942900	18329047	0
20851413	576847	1
4319009	38307482	0
6140231	640598	0
1678090	1853052	1
9751210	1451368	0
15168123	351305	1
10353224	12555802	0
11993113	5348091	1
13633804	14598496	0
13436485	4074666	1
33118402	3102880	0
3847066	640538	1
2087262	401277	1
750103	307099	0
1339477	2321562	1
3775768	21566746	0
6217586	548981	1
15517435	4675517	0
21131024	30871677	0
22892627	17513000	0
18056275	6361070	0
11563128	42474192	0
3024198	5348091	1
2739732	727810	0
33490133	567684	1
18593489	428681	1
15090041	581933	1
1432687	351305	1
17694840	351305	1
22407281	1137141	0
10860843	5468399	1
1460441	517788	0
44695782	492476	1
2836430	2256745	0
15200107	528703	1
12145438	46381869	0
33490133	15522170	0
4327115	351305	1
37124778	428681	1
2006718	567684	1
22877081	35744980	0
7769647	44021130	0
28703482	25277	1
2377422	7481220	0
43668784	583875	1
12816007	474282	1
24475716	5036336	0
10759099	28838568	0
23230910	6112028	0
24570271	31810507	0
29433626	17563103	0
12598391	25277	1
4327115	1796192	0
31915739	949645	1
11470912	576847	1
12555112	567684	1
4762994	237757	0
5881746	5348091	1
6809806	487940	0
5323128	649702	1
10167677	295079	1
7447735	38655749	0
1443634	583875	1
7769647	428681	1
9247891	548981	1
12062009	548981	1
11205219	1269687	0
14956044	13293786	1
20516971	428681	1
11656936	501672	0
4319009	567681	1
6853818	42031849	0
27667045	528703	0
5756327	583875	1
4724722	16034868	0
21007902	1437694	0
12107496	5016387	0
1218824	7494228	0
5523363	548981	1
1642271	15102386	0
8265357	5336238	0
948410	567684	1
18576011	696128	0
1347678	3961255	1
2377422	428681	1
20528022	715020	0
8704888	18018182	0
42372600	3189596	0
11205219	548981	1
23689654	11552303	0
1266875	10764950	1
23197348	3561694	0
27066008	14605984	0
5497559	567643	1
1563778	428681	1
13879643	10513492	0
44192159	173555	1
18357168	12230730	0
10261748	714927	1
46868619	3761702	0
29321441	548981	1
8427047	11299203	0
7016209	428681	1
13395033	27107717	0
11470912	16956065	0
7717491	567681	1
4701939	30871677	0
10966173	3117127	0
19048799	614926	1
24216809	576847	0
43417461	548981	1
10110569	16956065	0
4570035	3751631	0
38939419	35811145	1
4150772	5152226	1
20082803	548981	1
9231373	32558	0
14922905	428681	1
19316836	1195281	1
10937913	649702	1
13140753	4075311	0
16060344	5348091	1
17146410	17067048	0
46344059	4747698	0
16743854	533149	0
4357225	295079	1
17222157	2591620	0
14952483	3506466	0
15200107	401277	0
10110569	567684	1
21337893	46775646	0
5042345	1265425	1
18679293	12856320	0
1206534	23640635	0
11051571	652569	1
8143216	636625	0
4423151	42501280	0
12868082	36415167	0
13029360	7640908	0
12519619	11561848	0
45718921	86314	1
19885620	295079	1
7898869	3961342	0
18816140	44516085	0
6082134	7836762	0
6402615	428681	1
2836430	567684	1
14922905	29889784	0
9745788	1515510	0
10936143	6605183	0
12482271	5348091	1
12226722	1116805	0
16676231	8464306	0
1195343	11252762	0
44192159	1137140	0
8143216	492476	1
10780608	351305	1
30148815	428681	1
1347678	2493474	0
1780045	23680869	0
33196555	652569	1
20802108	1265425	1
5998672	23559488	0
13634331	2513641	0
13395033	548981	1
3204223	428681	1
11467627	428681	1
6265615	428681	1
21131024	548981	1
33794124	36415167	0
774296	1682763	0
42148141	528703	1
1992469	7654234	0
13260354	428681	1
16060344	30864930	0
1636790	517000	0
12519619	428681	1
11563128	26563134	1
3842338	42924474	0
19609746	5348091	1
2445258	39619035	0
33118402	652569	1
5571394	254426	0
21412780	2853956	0
4762994	4747698	1
45718921	351305	0
35975016	22770	0
36854687	3761835	0
32444270	428681	1
18679293	548981	1
1642271	649702	1
5039044	714927	1
5321748	27938332	0
32633122	7001560	1
11547766	3008312	0
4995733	5348091	1
4987432	2062443	0
7543891	305185	1
24153906	32175653	0
38233825	567643	1
3524294	3751631	0
36958168	41463228	0
18865216	649702	1
5571394	649702	1
5702143	1269458	0
25603668	583875	1
12062009	1743101	0
20843051	528703	1
16780836	714871	1
16340741	5348091	1
1562919	351305	1
2720066	7470766	0
2969263	12375992	0
3738831	45691735	0
6706061	1850294	0
13489269	714927	1
11901437	3111045	0
12730793	576847	1
3363761	30871195	0
6140231	5468399	1
36026824	26553523	1
2006718	31577184	0
12040623	32175653	0
2969263	548981	1
3142642	649702	1
20371996	39797646	0
30585648	3614158	0
8660330	428681	1
626207	714871	1
44914020	641406	0
25212724	1645160	0
10621048	649702	1
34820739	1082961	0
13489269	39270824	0
10937913	3085121	0
12283673	27107717	0
12352292	4349693	0
13024442	47049799	0
6706409	12153376	0
13633804	436699	1
9970923	4525043	0
43604731	44818119	0
3342240	501672	1
14654110	351305	1
49343577	359688	1
5881746	30408420	0
24998343	47006764	0
5284853	649702	1
21960199	593524	0
2299983	351305	1
23208655	16940536	0
17397456	351305	1
24398724	548981	1
18664583	12361933	0
9751210	5348091	1
23685092	3614158	0
5551450	652569	1
3141238	29889030	0
6097893	848525	0
32746807	4930263	0
7691365	986593	0
6758570	22842501	0
2933158	1853052	1
13680567	5016387	0
13262256	35669368	0
30585648	284482	1
7562355	35790847	0
12635429	548981	1
7141651	7112557	1
6170248	428681	1
6019539	626967	0
38872241	3761630	0
2701469	548981	1
40180203	649702	1
17576768	5348091	1
25812793	2513641	0
33222155	28181347	0
746420	48542261	0
1678090	31807338	0
31164970	576847	1
1052670	4074666	1
5944083	649702	1
225791	31706115	0
588762	173555	1
22380104	428681	1
36026824	909545	0
35902493	31783809	0
22130002	487940	0
12942900	5348091	1
13600210	714927	1
30955783	428681	1
12322533	428681	1
12868082	649702	1
25275280	1821412	1
12352292	351305	1
13294032	7112557	0
25187614	12452780	0
149792	652569	1
9914934	14025576	0
18357168	614926	1
23899646	400892	0
32633122	5510582	0
19763066	1510519	0
18142825	428681	1
774296	649702	1
11823457	1795778	0
6853818	649702	1
13252643	35540555	0
35781232	284482	1
4570035	567643	1
4572339	649702	1
28158143	5686382	0
5944083	8124521	0
9383316	548981	1
8354796	624609	0
1266875	29889030	0
23899646	548981	1
6170248	2062443	0
4572339	306731	0
4106963	548981	1
2592797	34949917	0
15316394	548981	1
3568700	14860737	0
10966173	548981	1
5523363	31897222	0
3013667	33299890	0
46421230	649702	1
11980060	576847	1
31347858	567643	1
6265615	35820555	0
878643	15521761	0
17694840	44526449	0
18593489	1131003	0
4140827	649702	1
3738831	333354	1
1649823	284482	1
42033489	2256745	0
37339581	771803	1
28246534	7836824	0
2445258	583875	1
4943998	16197771	0
14557171	548981	1
44914020	1116805	1
11840171	13091333	0
6796952	26563134	1
38939419	6107964	0
49343577	35820555	0
5230123	548981	1
21336071	1137142	0
5505691	528703	1
24998343	351305	1
22290482	32239828	0
17633867	649702	1
