1920704	1
16235621	1
34843860	1
17483227	1
1195387	1
32648465	1
35982491	1
24382695	1
525428	1
193977	1
23154228	1
1824993	1
157562	1
556372	1
32197	1
9111772	1
6564924	1
4307608	1
17444817	1
25984459	1
1262568	1
4717272	1
42282065	1
5490978	1
6110148	1
210404	1
36093602	1
13223353	1
2182659	1
17048341	1
54551	1
4629607	1
11646810	1
3301084	1
917785	1
12286478	1
10218625	1
15596981	1
20843399	1
18946810	1
2386801	1
69795	1
23216012	1
2479205	1
175863	1
265415	1
32436638	1
7749572	1
4421440	1
4785476	1
5667618	1
2308762	1
1437003	1
1737317	1
321646	1
667244	1
6230347	1
5300888	1
1980907	1
24443892	1
6572672	1
26146958	1
850032	1
32001081	1
280739	1
36598743	1
1763505	1
3749944	1
2885883	1
5969726	1
6244932	1
4137190	1
35656542	1
42935369	1
176537	1
45610053	1
21133077	1
311674	1
5773829	1
369661	1
1212136	1
6034251	1
33564489	1
42241779	1
159032	1
12926567	1
25991	1
11586220	1
4357407	1
37266599	1
27529133	1
29084623	1
1671846	1
36803227	1
1602010	1
20484955	1
34158595	1
19685478	1
26606429	1
7331679	1
15788570	1
3826841	1
44179671	1
4198886	1
28013	1
10917133	1
42749388	1
7752714	1
7474594	1
226497	1
1673728	1
40311763	1
43871310	1
13897904	1
3514137	1
201209	1
2098877	1
3058051	1
29008032	1
83948	1
32288185	1
397810	1
1723355	1
8122589	1
25794565	1
6324648	1
27617818	1
25769987	1
11892847	1
990900	1
1075410	1
2853714	1
33632024	1
17676800	1
2227380	1
41193179	1
8250069	1
156592	1
7903411	1
429501	1
573174	1
23973561	1
105908	1
14626780	1
29494500	1
15667076	1
6264755	1
1449	1
8744113	1
491662	1
45506550	1
457798	1
385762	1
145129	1
11145704	1
1157474	1
921356	1
242188	1
196078	1
6273501	1
993926	1
657361	1
16067562	1
2459075	1
353081	1
11003502	1
5910082	1
3566611	1
1014887	1
19608602	1
5228695	1
20690641	1
18585467	1
2629199	1
33727377	1
1257068	1
2078600	1
6641433	1
3931189	1
298918	1
3302387	1
1160488	1
15322578	1
15587453	1
11919069	1
2882394	1
5973145	1
409703	1
1785345	1
173428	1
9069065	1
5025858	1
17611093	1
808	1
29389463	1
12978999	1
1897043	1
197706	1
3117224	1
16637071	1
243553	1
481729	1
3483357	1
13470141	1
908990	1
1712624	1
36566275	1
516802	1
9235842	1
1413700	1
14151481	1
1404820	1
3558047	1
1784265	1
6302749	1
45516517	1
4082147	1
2231664	1
4752	1
38479192	1
4402084	1
4741717	1
9424769	1
401440	1
1065862	1
11951143	1
34341680	1
23475751	1
19616194	1
1929597	1
5994683	1
1476080	1
35774929	1
18057943	1
8272692	1
897080	1
39927657	1
3626156	1
3625808	1
287444	1
23814565	1
1242651	1
2325424	1
261520	1
145532	1
241482	1
14519354	1
313907	1
4588368	1
142056	1
763024	1
750028	1
2063451	1
18493095	1
2503345	1
40881968	1
348140	1
20311565	1
10683	1
23893415	1
9998539	1
5159626	1
2809621	1
7236343	1
53727	1
1482311	1
6804357	1
147676	1
29090	1
12384467	1
40042187	1
1039323	1
25956336	1
42719	1
6261781	1
5546186	1
2646192	1
164328	1
16175	1
57332	1
231551	1
34847	1
13577965	1
2111431	1
7658035	1
738075	1
2174951	1
20843706	1
2291853	1
9278205	1
41093864	1
5550868	1
4432568	1
191246	1
4742302	1
1689262	1
27544151	1
18102528	1
334532	1
9007528	1
3669400	1
695999	1
31163187	1
1252388	1
408480	1
359440	1
4280314	1
18463278	1
2023231	1
5973785	1
25737	1
21523	1
4682825	1
15848683	1
10381043	1
592063	1
33671385	1
5296854	1
21746220	1
17413746	1
368468	1
34956895	1
3994488	1
15913104	1
1351751	1
513858	1
3186389	1
1596073	1
21956805	1
838751	1
4748541	1
27754718	1
24807462	1
1183732	1
22160210	1
1636943	1
476088	1
29084969	1
1499028	1
8377740	1
16061647	1
10404844	1
15657825	1
57251	1
14294752	1
8435558	1
381495	1
11307556	1
2715514	1
37731694	1
2472620	1
38717420	1
844136	1
1544888	1
1405273	1
1692237	1
622513	1
9025825	1
11480978	1
23617445	1
1162074	1
161366	1
1089941	1
449547	1
15937788	1
1940820	1
3295317	1
1891834	1
54295	1
2179009	1
144672	1
2551850	1
30527159	1
5407435	1
44070	1
47668	1
2475457	1
853949	1
286096	1
2311563	1
3846213	1
4153704	1
52755	1
19030915	1
797893	1
1343357	1
54595	1
36752626	1
20687485	1
41160711	1
245236	1
36682516	1
37301	1
161277	1
1769531	1
43310920	1
19961821	1
2540686	1
33506438	1
24187476	1
5037009	1
472452	1
7626020	1
878928	1
2571880	1
2920109	1
343556	1
34205653	1
3076054	1
3979598	1
1847004	1
17972583	1
25013804	1
7884143	1
2465537	1
1138149	1
5082487	1
3726677	1
639569	1
19050162	1
2475450	1
77252	1
28432546	1
245137	1
22511987	1
30270690	1
54550	1
11539524	1
5528842	1
6978016	1
5510527	1
455876	1
3640544	1
3638606	1
1565916	1
40462670	1
47012074	1
26270466	1
24662364	1
16647176	1
365734	1
1404327	1
4306716	1
6840682	1
129223	1
225040	1
162285	1
7349601	1
4629300	1
18948474	1
30433688	1
4125858	1
31175307	1
40017942	1
47635896	1
24420220	1
2205903	1
533483	1
2975189	1
439741	1
1241003	1
4597853	1
10347017	1
2958487	1
2595173	1
175855	1
879256	1
4065467	1
11757678	1
22800	1
6412642	1
39120	1
501007	1
12861020	1
3142513	1
29916956	1
302214	1
4367641	1
398644	1
14280337	1
32559333	1
15634987	1
23592618	1
286109	1
184429	1
2599308	1
1796306	1
17621239	1
843978	1
358435	1
9396626	1
1385856	1
35823044	1
421318	1
948842	1
1367498	1
30158428	1
3237517	1
25793794	1
8124404	1
30876713	0
112004	0
41456643	0
5842727	0
3900038	0
34218923	0
716341	0
178588	0
8848840	0
22863412	0
5808600	0
3599936	0
2149212	0
26919616	0
26083970	0
30541426	0
1751230	0
20707714	0
11784093	0
37203764	0
1438182	0
36044754	0
27127154	0
20334173	0
9894308	0
184987	0
352080	0
14371315	0
1813992	0
3289723	0
563742	0
107847	0
30059495	0
125457	0
20114989	0
29791014	0
3033692	0
1741181	0
14125320	0
12838920	0
12475782	0
1554121	0
15677893	0
113855	0
10827912	0
1819698	0
24890422	0
23929935	0
132657	0
35247757	0
10103107	0
24350748	0
8204138	0
4741216	0
1881146	0
24301942	0
11183820	0
4111705	0
2638372	0
16179650	0
8537325	0
35940497	0
42022868	0
9782501	0
6264089	0
1698672	0
3193036	0
9329167	0
16514595	0
26436132	0
41537322	0
17909573	0
15957469	0
91465	0
19825907	0
16932037	0
313602	0
27756629	0
20891541	0
28837657	0
22665604	0
1757325	0
36167866	0
22508379	0
3027994	0
16337226	0
819778	0
26519828	0
37990615	0
6746910	0
5396662	0
22283297	0
17398	0
181288	0
32078099	0
33570055	0
17088297	0
2959495	0
2222543	0
1009182	0
6172746	0
13491675	0
2862839	0
1955851	0
13531773	0
23424144	0
20036825	0
20664291	0
4573455	0
555969	0
96646	0
151124	0
5848400	0
260893	0
11948265	0
127853	0
625847	0
17250419	0
16026612	0
2446981	0
46603942	0
122617	0
116738	0
10685739	0
648403	0
480122	0
32598861	0
10673182	0
17388064	0
5422606	0
3973332	0
6338383	0
5098766	0
36233871	0
30862757	0
45041577	0
3573758	0
11776053	0
39702445	0
752431	0
29009224	0
23549695	0
4107047	0
18794077	0
33687251	0
31771901	0
3835364	0
3902072	0
11581697	0
12727755	0
1435414	0
882398	0
4932933	0
351759	0
2024904	0
5005411	0
9605139	0
402576	0
93499	0
9050945	0
39297587	0
40236598	0
6698238	0
38279662	0
26715138	0
5908920	0
2825505	0
7136415	0
128056	0
1988376	0
30781146	0
31640637	0
22078051	0
42888700	0
41031764	0
1008328	0
34006352	0
39882553	0
23658594	0
94423	0
2271932	0
7756134	0
47661746	0
2337328	0
1249974	0
7211818	0
113884	0
2481826	0
41851057	0
2058854	0
6538229	0
17839198	0
26270965	0
2616221	0
44060668	0
39108821	0
1330059	0
145886	0
13165420	0
2020135	0
21080524	0
31685589	0
9246951	0
6135549	0
16722548	0
24794609	0
60151	0
7967075	0
5998939	0
25011532	0
1485238	0
2300593	0
24345563	0
35779257	0
310693	0
48807805	0
22356710	0
16932512	0
23261748	0
28834903	0
4237117	0
14679409	0
14605569	0
628324	0
15052685	0
40587393	0
574725	0
16229286	0
5960286	0
2811666	0
19651464	0
23584029	0
978074	0
27149437	0
2306995	0
27385662	0
27486713	0
41476714	0
549087	0
426226	0
496404	0
4209225	0
3556789	0
24317566	0
38828980	0
21958343	0
21611778	0
11215075	0
36919161	0
6738061	0
9547677	0
5646362	0
24960167	0
1112288	0
4541459	0
150948	0
2216492	0
13469105	0
7007957	0
16104802	0
32253548	0
383615	0
19756940	0
28074764	0
134902	0
5150164	0
1442855	0
7816452	0
46209833	0
7238714	0
28930502	0
22395000	0
32443445	0
1406967	0
2300167	0
7975994	0
28853367	0
617375	0
9112523	0
395061	0
2036277	0
845743	0
13028665	0
34246949	0
12640914	0
40495359	0
25513462	0
4575640	0
2682735	0
1780754	0
1723582	0
34937676	0
8696531	0
1874974	0
107584	0
846251	0
279601	0
35644479	0
15561118	0
5393885	0
9130090	0
39534194	0
1445494	0
24960845	0
31727	0
10638528	0
15985984	0
2023384	0
6938227	0
6344069	0
1491406	0
40611712	0
2407286	0
17409365	0
1974603	0
25974123	0
10860957	0
6595013	0
17532142	0
9504991	0
19047598	0
11328210	0
10192147	0
910627	0
10184178	0
5948696	0
674892	0
27379562	0
66772	0
481600	0
29034714	0
2661229	0
39688531	0
5675375	0
17484707	0
22931599	0
62118	0
21093270	0
38945435	0
127041	0
2293571	0
40363791	0
43601234	0
13419811	0
631383	0
26836102	0
2991720	0
295993	0
12623183	0
7858592	0
38352926	0
2281678	0
5521962	0
33077124	0
212292	0
19205428	0
701658	0
11281055	0
7518443	0
338090	0
15562226	0
44645015	0
432065	0
5011540	0
38167240	0
2455996	0
23128166	0
17806975	0
24362280	0
9737756	0
21866737	0
26266036	0
19173888	0
948046	0
26479782	0
6645434	0
28969169	0
29316672	0
23561268	0
9899868	0
12560665	0
2509972	0
25146768	0
162744	0
5468241	0
14715463	0
39826333	0
12488104	0
3189780	0
6574783	0
604055	0
11694842	0
1527960	0
7280513	0
2071291	0
1459647	0
48947722	0
3207909	0
2313464	0
4981041	0
10851325	0
2225281	0
67718	0
122721	0
25802735	0
1093645	0
18416152	0
39425818	0
3116858	0
3569950	0
31895837	0
25149217	0
24119015	0
40127485	0
14672407	0
28063925	0
17473000	0
3182827	0
12629962	0
673694	0
11788337	0
503312	0
31636608	0
3522474	0
918789	0
10973044	0
15466063	0
8707168	0
21875923	0
2944786	0
26695025	0
21694275	0
27484014	0
24927818	0
5462022	0
3324955	0
137208	0
108381	0
18622366	0
27121479	0
4240537	0
9729826	0
5186792	0
4532107	0
26474036	0
20641013	0
26653621	0
38534266	0
37904234	0
11629400	0
1312340	0
17876859	0
5765785	0
7916751	0
25162116	0
4685988	0
4664385	0
4996832	0
29512546	0
37294040	0
28107715	0
2645796	0
43026558	0
28059108	0
710075	0
3657509	0
3319054	0
27580780	0
30871536	0
1186972	0
8915401	0
1289304	0
307781	0
99495	0
22754153	0
15989377	0
15206558	0
439977	0
25793787	0
6648048	0
20614109	0
5012852	0
3429152	0
5672491	0
34732028	0
57236	0
1339360	0
5838981	0
19267859	0
151549	0
39090405	0
49502557	0
5758855	0
2376415	0
7979833	0
1181414	0
559067	0
223910	0
18209508	0
546049	0
