127052	1
15838292	1
17195807	1
116785	1
22733644	1
3997997	1
2265571	1
4714536	1
136959	1
13889014	1
549861	1
5429102	1
42298	1
125354	1
21337790	1
18298305	1
3457831	1
715804	1
259482	1
23630	1
169004	1
89588	1
6030044	1
2377487	1
20063715	1
13571074	1
11107849	1
509924	1
2193721	1
4390811	1
43861639	1
5491444	1
105945	1
31492354	1
6336029	1
2665147	1
91037	1
970147	1
4022686	1
2321	1
259726	1
1796797	1
2817068	1
8890892	1
259971	1
3536433	1
7771934	1
6946458	1
4102685	1
20962259	1
32011014	1
914786	1
116331	1
508905	1
2996628	1
259724	1
26519079	1
2447161	1
2407187	1
34004329	1
13182577	1
96107	1
3302255	1
8443969	1
91977	1
1407749	1
30865097	1
925575	1
860131	1
1379785	1
9220893	1
1705516	1
13542443	1
2072949	1
22968679	1
6171352	1
8856230	1
135101	1
8172732	1
260066	1
18710187	1
10506045	1
107354	1
259739	1
11880585	1
26129919	1
12769427	1
6133744	1
1722590	1
12628754	1
17159691	1
9397328	1
5992311	1
449910	1
21374490	1
132185	1
45278880	1
112061	1
93613	1
5666159	1
4904620	1
3239710	1
137051	1
1068606	1
4819903	1
647217	1
149678	1
5430086	1
10709714	1
3082801	1
14608558	1
5260559	1
387796	1
131772	1
152777	1
96755	1
43127868	1
127425	1
1992586	1
1643837	1
438372	1
129731	1
73903	1
10084304	1
367481	1
166836	1
10540092	1
80787	1
29481291	1
2291203	1
1805777	1
26563095	1
74613	1
21312805	1
109954	1
642840	1
21748063	1
1053351	1
6696691	1
11213419	1
38250740	1
385596	1
986865	1
127491	1
11843463	1
2951401	1
16150945	1
4162219	1
30603666	1
447433	1
93940	1
75182	1
260405	1
14288	1
12625653	1
716553	1
72340	1
11298904	1
10484535	1
329057	1
12883618	1
125015	1
1467223	1
20108990	1
2126609	1
553025	1
1024906	1
94552	1
4949116	1
127003	1
487602	1
707993	1
1532135	1
2365096	1
126875	1
111474	1
106705	1
6204251	1
45402312	1
34859831	1
4336100	1
2256294	1
17706180	1
2804997	1
22330381	1
1533811	1
116688	1
25662	1
1979417	1
478242	1
38234539	1
30235105	1
1761707	1
309356	1
17992800	1
116353	1
18958749	1
5677359	1
131362	1
125560	1
31836514	1
134490	1
126497	1
6079529	1
2097446	1
7053980	1
8127233	1
1853048	1
96186	1
7032373	1
126115	1
28174566	1
4950752	1
1452796	1
1825817	1
1804364	1
13522618	1
367050	1
9020125	1
122767	1
12622266	1
109936	1
1060386	1
6873794	1
11636716	1
25503370	1
259956	1
20016857	1
135136	1
7363246	1
42628710	1
581973	1
856909	1
338255	1
24181562	1
6859613	1
317392	1
864619	1
13078879	1
110893	1
25398653	1
5059982	1
1008062	1
14269398	1
2926248	1
1512347	1
19019017	1
19049054	1
556015	1
30863145	1
234575	1
116339	1
819042	1
664020	1
42925931	1
895458	1
21854	1
56876	1
4290790	1
71930	1
5255800	1
1563790	1
7952687	1
1070941	1
1360203	1
3106238	1
126347	1
1050932	1
7912027	1
12249305	1
116319	1
116704	1
3976860	1
632721	1
284510	1
2395355	1
4633836	1
40997534	1
110533	1
11262471	1
2952301	1
134215	1
1218564	1
4858683	1
91207	1
3402584	1
2772436	1
4331105	1
29065654	1
135358	1
1996372	1
43931275	1
43710	1
844813	1
2708816	1
5802302	1
6097747	1
6334589	1
5584618	1
24074523	1
259390	1
40709798	1
106839	1
5038320	1
3733914	1
111025	1
335962	1
183603	1
7264116	1
458423	1
24148399	1
130553	1
2418648	1
1386516	1
37680793	1
176524	1
2348862	1
329297	1
5736731	1
607039	1
710537	1
4151282	1
960849	1
19180442	1
111509	1
264293	1
30120341	1
7302342	1
2412998	1
5092163	1
4257816	1
325726	1
26950735	1
11656122	1
20454661	1
6134464	1
31620211	1
16721283	1
1519632	1
17473515	1
6511451	1
162890	1
137257	1
12776097	1
1912375	1
135335	1
1531611	1
107972	1
30222120	1
33901670	1
1629327	1
259733	1
28900922	1
116692	1
8111543	1
1224182	1
3820244	1
1239915	1
5324525	1
14408912	1
26368948	1
2773647	1
137168	1
36605000	1
132534	1
6680536	1
31253067	1
1618317	1
6452520	1
315472	1
2776897	1
4272767	1
742302	1
13933458	1
91542	1
31964794	1
181250	1
4676633	1
16867523	1
136915	1
11389122	1
463321	1
362670	1
3705048	1
4577641	1
4280070	1
528527	1
57958	1
6481972	1
1162252	1
1304584	1
12696422	1
448707	1
40480006	1
299935	1
97464	1
1464238	1
111012	1
8601810	1
98017	1
130838	1
51153	1
111947	1
14089696	1
2220801	1
110689	1
1282819	1
115273	1
2080240	1
10391683	1
4461891	1
6702199	1
1559919	1
266743	1
2318008	1
5892038	1
3105327	1
185462	1
1204821	1
4451137	1
1701857	1
7325520	1
7373936	1
116718	1
5979901	1
2396664	1
647644	1
2977109	1
109166	1
1665097	1
259961	1
18569815	1
1518734	1
41184536	1
30758417	1
3585366	1
531140	1
733780	1
1878647	1
18569116	1
1310407	1
5479985	1
41364422	1
35787348	1
45296873	1
94737	1
7085043	1
96758	1
328130	1
19310265	1
7048243	1
7434191	1
357827	1
29266213	1
2175901	1
13400015	1
6072657	1
5347969	1
15303676	1
3168674	1
617397	1
178349	1
386995	1
2425336	1
23904135	1
9199654	1
107982	1
5216733	1
2487513	1
1804779	1
127160	1
890819	1
1632070	1
14293219	1
429716	1
9306858	1
1395672	1
8524278	1
6397787	1
374689	1
8694152	1
458511	1
6692181	1
126912	1
456614	1
6056759	1
1019431	1
126511	1
1811866	1
9455703	1
127147	1
2567244	1
126532	1
19168325	1
1370449	1
4177253	1
318986	1
2921313	1
9553832	1
2100244	1
216554	0
14313603	0
2381443	0
34191617	0
1641288	0
27005520	0
9128365	0
29026753	0
4449312	0
9974448	0
1191950	0
26148903	0
1287798	0
1143039	0
4209844	0
33457122	0
20223564	0
221419	0
39304531	0
26489700	0
14157443	0
13831161	0
1546410	0
22575095	0
255923	0
3470971	0
34047148	0
23695078	0
26588977	0
34260854	0
24036785	0
17217475	0
14232629	0
19013442	0
22078924	0
428773	0
40966751	0
10919810	0
42544618	0
15139172	0
26854214	0
22653185	0
442330	0
2271760	0
5534325	0
20731961	0
5603435	0
42041180	0
2330374	0
4092917	0
10361034	0
12054443	0
30556810	0
557170	0
34970809	0
4516086	0
28238637	0
677048	0
6431362	0
39482309	0
2456512	0
10513470	0
19944726	0
35659902	0
1110084	0
7263044	0
6087289	0
6081294	0
481786	0
46642382	0
28815539	0
15285328	0
23943300	0
2324437	0
2069816	0
708898	0
16175918	0
6721254	0
46981196	0
37162876	0
11748451	0
311846	0
1602045	0
5257549	0
25548615	0
9775640	0
10719143	0
4400015	0
3128944	0
13223961	0
3350764	0
5432541	0
43045945	0
4826904	0
15901965	0
4354436	0
29167749	0
24131875	0
7922123	0
4044766	0
23313048	0
6166648	0
2412696	0
5407105	0
34996607	0
26318886	0
7147282	0
2652372	0
22301737	0
36723360	0
2271040	0
5720935	0
2350227	0
6227329	0
42434621	0
533212	0
12486805	0
21916701	0
20467439	0
13955537	0
30101102	0
28355849	0
12286558	0
3498424	0
11369778	0
9068015	0
27772367	0
29506177	0
1583665	0
16751082	0
48181542	0
36979138	0
12148888	0
30776869	0
2583704	0
16283712	0
5627338	0
12348797	0
9017496	0
23493513	0
5573287	0
12736114	0
16926003	0
4237448	0
712736	0
973985	0
1210929	0
17689038	0
6001037	0
20768403	0
22178245	0
36629818	0
29580565	0
12212158	0
123795	0
25103178	0
42088157	0
35987531	0
1346503	0
640715	0
5330520	0
6610681	0
16355875	0
20577757	0
658099	0
6749829	0
10933103	0
6627424	0
9325398	0
24292801	0
8826717	0
18225909	0
32416459	0
12838094	0
30872012	0
19376148	0
36507365	0
351362	0
17435002	0
5442127	0
15838070	0
1213939	0
1857470	0
12575465	0
11661742	0
2340409	0
1866693	0
42241019	0
5194152	0
13836913	0
15703821	0
28750894	0
5705896	0
6223299	0
38720755	0
18564244	0
1111546	0
3504054	0
16663637	0
21059273	0
6479392	0
11452604	0
1075153	0
32676437	0
38004272	0
32320964	0
2676075	0
9411724	0
5263403	0
7380133	0
1148054	0
21036514	0
11235634	0
16653296	0
30366	0
1575728	0
31749860	0
224124	0
1625574	0
28195149	0
30997212	0
38810768	0
659208	0
222342	0
1076237	0
11680580	0
39139156	0
5951655	0
31931921	0
9762792	0
7610472	0
18717236	0
5230494	0
20331596	0
366629	0
2155054	0
18395346	0
15208086	0
28256854	0
15284475	0
28208065	0
9252013	0
23785175	0
5286411	0
16272621	0
1455477	0
18977292	0
5406531	0
1890993	0
841272	0
5268664	0
1958897	0
6549428	0
6734854	0
30506887	0
34841062	0
8466	0
2615082	0
18777885	0
30360415	0
2804857	0
29345	0
9472170	0
41144424	0
10787947	0
27539733	0
21950296	0
14529347	0
23666566	0
14458938	0
26825553	0
885269	0
26525112	0
4129487	0
1190612	0
10036042	0
3048469	0
46931343	0
13079144	0
2335499	0
16151273	0
369938	0
16062723	0
24506453	0
112111	0
23001982	0
31378000	0
20530068	0
615283	0
5618327	0
13655932	0
260915	0
11921107	0
327097	0
1665889	0
13950673	0
14352725	0
32789882	0
3749466	0
1357149	0
37313304	0
205910	0
12335702	0
10905435	0
48673338	0
6991514	0
9607043	0
3360774	0
12560306	0
4024576	0
5611224	0
29432437	0
18444432	0
25777732	0
2052567	0
30607146	0
162176	0
13440073	0
2782482	0
13093779	0
17325234	0
39118110	0
1554143	0
31912501	0
305544	0
25000733	0
28382806	0
19108316	0
1666958	0
23012058	0
803657	0
27546164	0
24219120	0
37161337	0
64132	0
36115226	0
24457768	0
7044006	0
1656595	0
12599553	0
16783530	0
27889746	0
7459318	0
14986408	0
4107645	0
7889989	0
11312494	0
7793545	0
19543624	0
43374584	0
34403294	0
2991299	0
31936662	0
9001623	0
3441907	0
7937376	0
40663608	0
3599723	0
6296908	0
12152627	0
4310035	0
33567656	0
45591826	0
2344952	0
35187393	0
2336683	0
9122789	0
4476193	0
2661295	0
45626850	0
23499850	0
20881632	0
14589511	0
37937622	0
24286744	0
2977453	0
17743798	0
1135446	0
19076004	0
6063218	0
2390379	0
303750	0
23555637	0
4634036	0
18087433	0
20884280	0
7505972	0
22068553	0
24056911	0
5758975	0
15376092	0
6692884	0
2282538	0
2341298	0
9006664	0
6538496	0
1218383	0
8115952	0
3552605	0
16413173	0
16717319	0
42913534	0
6827785	0
1911483	0
34181997	0
15345459	0
26264769	0
15479652	0
4916397	0
34525917	0
3744583	0
26361076	0
717862	0
1843039	0
26481954	0
2381423	0
2461027	0
4772630	0
5965588	0
43566844	0
17006480	0
24331476	0
5445595	0
109317	0
356269	0
26195612	0
33944135	0
101642	0
5952614	0
1289122	0
800235	0
39003860	0
3729255	0
1135092	0
34877837	0
3469070	0
11380384	0
80448	0
9770888	0
2394079	0
1468657	0
1033234	0
25595067	0
21994823	0
2107708	0
5703990	0
17116973	0
23381120	0
6855260	0
33587834	0
8765	0
33614083	0
27070563	0
5531233	0
12298217	0
17623143	0
11925342	0
1365027	0
10035615	0
44265655	0
898756	0
13770773	0
5636824	0
32056116	0
27654988	0
7008327	0
9549295	0
7984012	0
20222828	0
28697776	0
40759059	0
2964410	0
40804850	0
1705148	0
7487354	0
28213799	0
19471637	0
34519626	0
7179952	0
9460344	0
39081651	0
980082	0
6421537	0
14893056	0
20219249	0
35675425	0
1787831	0
6036485	0
5265406	0
5512568	0
5783899	0
29131320	0
39713331	0
9814639	0
9289652	0
5239844	0
36855423	0
5631187	0
767863	0
34777775	0
