2430975	1
12753806	1
15993101	1
7785865	1
3131922	1
411085	1
25467975	1
1602908	1
11157534	1
36967925	1
2177408	1
3668827	1
69523	1
1264590	1
1870824	1
26826708	1
33588330	1
1284135	1
90141	1
20721502	1
1919008	1
2810897	1
19712635	1
6672837	1
31531500	1
24416377	1
10426200	1
930757	1
16693908	1
2492923	1
2989468	1
510883	1
18764351	1
4436039	1
36590132	1
357268	1
7102708	1
326786	1
1070320	1
33957662	1
1811581	1
23807340	1
27428632	1
803715	1
1816172	1
21650	1
4928764	1
2137787	1
33336404	1
27744506	1
975650	1
233730	1
5702058	1
18661812	1
4198633	1
481294	1
12421628	1
1565058	1
15106095	1
923406	1
32957935	1
1492711	1
2448105	1
1794851	1
30158376	1
51320	1
1193013	1
23386928	1
4475214	1
28774986	1
6903	1
5104639	1
2458092	1
1095968	1
24108331	1
2390026	1
2785204	1
4278094	1
626191	1
38477905	1
32000004	1
246239	1
2038410	1
990439	1
29546144	1
7467428	1
3730456	1
4054596	1
17777549	1
9997626	1
30106697	1
479915	1
76310	1
621261	1
37412293	1
519546	1
2841074	1
5463466	1
3706430	1
30876142	1
248551	1
4163646	1
16635660	1
32326508	1
1374697	1
261368	1
4487723	1
2626277	1
6983310	1
1167720	1
1673691	1
15915	1
88021	1
330872	1
329927	1
13975802	1
18863950	1
23521626	1
25335991	1
4063640	1
6732940	1
982199	1
10570350	1
1051820	1
3131552	1
31024574	1
32747990	1
753329	1
861349	1
11158263	1
4203189	1
3347837	1
7186953	1
39056723	1
5556985	1
912899	1
12968220	1
1737909	1
3602757	1
2139002	1
3118643	1
1956774	1
576328	1
367818	1
33815197	1
7586083	1
3186377	1
5154103	1
4910430	1
954720	1
20798171	1
421706	1
82417	1
5978726	1
21525111	1
44536971	1
1868162	1
11429593	1
323825	1
34321404	1
19150248	1
4367298	1
9053426	1
3234366	1
11647723	1
11262388	1
843850	1
13276699	1
114963	1
8593932	1
23864659	1
181022	1
9618366	1
11481373	1
1465040	1
29906789	1
16270669	1
492211	1
32087	1
1166908	1
43939744	1
18687127	1
969734	1
10673625	1
682095	1
1426589	1
16306257	1
393701	1
3446	1
26479683	1
1126804	1
335761	1
28348537	1
1387645	1
19856319	1
252884	1
58893	1
15811034	1
55077	1
8025346	1
346979	1
1360611	1
5435926	1
13113454	1
43088478	1
413358	1
19286331	1
1219135	1
1024701	1
1515367	1
10389719	1
379742	1
6048617	1
26251970	1
3114827	1
1534617	1
3984514	1
31274943	1
18507019	1
18002876	1
31523	1
91226	1
2322845	1
780055	1
8748435	1
1160677	1
442561	1
8551587	1
3149340	1
3761564	1
8020136	1
2199582	1
12235131	1
108249	1
6744634	1
8165070	1
8688902	1
27458253	1
6574482	1
1670523	1
501512	1
21247826	1
355989	1
7579124	1
159317	1
200383	1
414166	1
17869274	1
1742029	1
40821267	1
18591713	1
14204821	1
4629836	1
385609	1
1726696	1
214303	1
775304	1
5424454	1
638909	1
21727360	1
18671	1
14432814	1
2523281	1
4792249	1
6359150	1
985942	1
11856473	1
26192511	1
29546769	1
75018	1
14812466	1
9314944	1
4688	1
861370	1
16708417	1
172136	1
1155510	1
22375764	1
636954	1
47024752	1
1896500	1
29466533	1
37635786	1
9306850	1
3552498	1
1710365	1
431223	1
17238674	1
604129	1
2296821	1
38707	1
10658271	1
1623486	1
651121	1
994021	1
1967604	1
28136638	1
10652859	1
34878132	1
27144695	1
10359436	1
7042037	1
13117332	1
840213	1
899184	1
9136904	1
1018663	1
4497965	1
758592	1
7335951	1
4997669	1
880044	1
2575	1
24527795	1
2461077	1
174002	1
31627939	1
54247	1
3217305	1
8992772	1
13375121	1
32589849	1
206520	1
7087167	1
3171734	1
3957164	1
19771307	1
30304515	1
32552640	1
15885986	1
3295152	1
10147486	1
15579832	1
5749917	1
433405	1
17193953	1
319357	1
16666000	1
2671911	1
14507613	1
5155831	1
16952762	1
172698	1
24883225	1
10850162	1
1200356	1
113453	1
1496708	1
4840857	1
1811326	1
5957738	1
1893502	1
14767837	1
28586538	1
8245186	1
4668849	1
10970003	1
61106	1
31574	1
21503588	1
5945	1
6268990	1
38882174	1
31331686	1
1748518	1
1729631	1
7044446	1
497415	1
1338384	1
10705427	1
243727	1
20872371	1
938011	1
361176	1
1014478	1
2614413	1
1774092	1
74595	1
897486	1
34602537	1
2325525	1
856958	1
1397991	1
31151665	1
37916038	1
614468	1
4013059	1
5939040	1
974100	1
1079890	1
20090471	1
1519512	1
493696	1
14263158	1
1439528	1
1948982	1
31752350	1
20850694	1
24472582	1
8845577	1
14451033	1
463171	1
6933286	1
17385330	1
3661777	1
8018444	1
830714	1
15592033	1
417845	1
239320	1
23927423	1
420454	1
7404158	1
229139	1
39571565	1
26473360	1
764287	1
24263718	1
4399857	1
7562658	1
11976987	1
25958151	1
3063880	1
2745126	1
17443070	1
201049	1
35807714	1
1596906	1
32599964	1
10312569	1
435204	1
6755700	1
7280650	1
54168	1
28645351	1
54204	1
504031	1
8426585	1
5954041	1
29010058	1
2341015	1
3009461	1
3487639	1
10342255	1
871055	1
3788418	1
563624	1
2965186	1
1090966	1
2827438	1
103152	1
30278678	1
2489441	1
397335	1
1615980	1
7671401	1
8515764	1
19398630	1
24272884	1
1014514	1
23794429	1
30536458	1
472263	1
14261541	1
928118	1
1311535	1
9286857	1
4107195	1
26406481	1
34286151	1
5117020	1
544742	1
14529219	1
27926007	1
410138	1
37128306	1
5909158	1
14554516	1
177519	1
16451700	1
25467906	1
1196374	1
21604807	1
1969035	1
15715776	1
28685474	1
16459	1
2530755	1
1912946	1
1897332	1
2941611	1
8527656	1
2834535	1
6182851	1
972853	1
2359039	1
11920938	1
25605931	1
201597	1
415678	1
22348752	0
11082224	0
2608376	0
1552405	0
44595109	0
129259	0
33864093	0
14929315	0
143565	0
21148904	0
23751439	0
36634320	0
11181325	0
45167631	0
43589228	0
259708	0
15042947	0
37308291	0
42071675	0
1722487	0
9480145	0
27202	0
3107263	0
5145215	0
42446775	0
226845	0
16415010	0
3610432	0
41594425	0
1730055	0
62267	0
1924628	0
3380883	0
8899349	0
15611905	0
3260668	0
18704932	0
3746317	0
1963187	0
2020841	0
37926333	0
461187	0
32631113	0
16720593	0
3312620	0
34985286	0
46902414	0
16341568	0
16697414	0
20331436	0
3447445	0
48409709	0
21864364	0
457601	0
22679762	0
28048174	0
365365	0
32517444	0
38927842	0
1884692	0
8762762	0
44604414	0
16744100	0
36783792	0
6180110	0
10002344	0
1189229	0
37803224	0
5808131	0
38328038	0
27036426	0
2902711	0
47445076	0
19288339	0
29550910	0
6540142	0
34619714	0
40628105	0
25373394	0
5334047	0
1617671	0
2901498	0
22114169	0
7833625	0
14393207	0
12492158	0
3291369	0
28802349	0
116580	0
11578036	0
29817454	0
12614609	0
114803	0
1406209	0
5177899	0
2483219	0
1474968	0
24237449	0
16429344	0
2770428	0
5207228	0
26064582	0
135247	0
23048	0
32348666	0
19912015	0
3111119	0
21773226	0
850833	0
38614366	0
30796616	0
33009587	0
10417471	0
1845659	0
2015639	0
31363788	0
2413454	0
40286554	0
4965158	0
18842586	0
550400	0
10265413	0
37354363	0
5506389	0
19040381	0
1389295	0
18041561	0
6900168	0
40191985	0
40910861	0
147197	0
6256336	0
553797	0
4882056	0
3136756	0
40073312	0
2727320	0
5793197	0
32235641	0
18363914	0
2567981	0
84199	0
753283	0
874504	0
12147371	0
48293787	0
15741175	0
3808465	0
6161289	0
496430	0
7507557	0
13699209	0
24531078	0
15483658	0
39737900	0
22644123	0
121308	0
36519949	0
3108240	0
8424753	0
39845796	0
2863047	0
2311684	0
12588150	0
29512546	0
9090794	0
14137682	0
20121579	0
299069	0
3696726	0
115082	0
11921178	0
12847755	0
38314471	0
4219950	0
11242731	0
30097423	0
2728673	0
36296916	0
6716062	0
5466019	0
47543460	0
8999161	0
5732455	0
11787418	0
9114897	0
14254036	0
17726187	0
1280227	0
1572810	0
16543640	0
59920	0
28495338	0
32806608	0
11465984	0
14432530	0
2792513	0
5285820	0
16627157	0
48871506	0
47223559	0
4350240	0
32003873	0
5266654	0
8449604	0
5251609	0
12716013	0
16199090	0
28959774	0
32259418	0
41558263	0
22355482	0
37186317	0
13135716	0
48661279	0
4707487	0
31788275	0
2228460	0
44941130	0
17012791	0
66654	0
15093165	0
23547871	0
1532882	0
34244535	0
459312	0
18194156	0
25321066	0
37476765	0
907846	0
40089979	0
41169749	0
77390	0
9457949	0
1848021	0
34983417	0
8065015	0
41906753	0
40738159	0
6716504	0
34193383	0
30657313	0
43354607	0
27861047	0
7095209	0
1642232	0
1240496	0
6991180	0
40601687	0
10930739	0
10186456	0
3896301	0
1194645	0
33336203	0
718080	0
1125056	0
11195016	0
7943616	0
125090	0
3441398	0
3414397	0
27074976	0
7781699	0
256308	0
11109380	0
1096103	0
24935792	0
803518	0
262426	0
27098283	0
27509310	0
24316989	0
44519264	0
10787376	0
116511	0
9539539	0
4204564	0
47767334	0
1866844	0
614798	0
3601011	0
101615	0
4364135	0
2577766	0
18856854	0
110340	0
7164678	0
1544336	0
28931493	0
14512101	0
1271430	0
3180301	0
6700530	0
23526338	0
1003072	0
23648677	0
22958992	0
82160	0
1694960	0
2313477	0
571257	0
44587977	0
2715921	0
21450616	0
2171011	0
1265579	0
5779338	0
996793	0
37122658	0
2300780	0
3633804	0
24247140	0
19554235	0
13023948	0
4467378	0
13454592	0
2542676	0
39767130	0
5636076	0
7289717	0
27080739	0
344155	0
36070886	0
25766230	0
567518	0
22005944	0
508682	0
2667549	0
10147562	0
5610324	0
28354039	0
4588577	0
24237493	0
16814719	0
949902	0
5422620	0
19052615	0
4769759	0
47869479	0
39674675	0
17140633	0
2741800	0
33460518	0
46579512	0
968133	0
612368	0
274524	0
27889844	0
15325855	0
9272983	0
4626114	0
9057961	0
14858450	0
22345226	0
17659587	0
137243	0
3921220	0
2440215	0
42243364	0
28238722	0
14508444	0
20895477	0
2362831	0
31290755	0
16022928	0
3093662	0
8770387	0
23312737	0
6934263	0
3426696	0
36158113	0
22121343	0
2214971	0
5548968	0
13090729	0
11652758	0
9605916	0
13014120	0
44146591	0
2142910	0
41411429	0
2362977	0
6554285	0
31963762	0
1660612	0
4760611	0
28807859	0
11011905	0
6616525	0
35871719	0
5741852	0
2404538	0
23252946	0
24425708	0
8329222	0
124277	0
16630472	0
427075	0
3296570	0
2289617	0
23043557	0
3556040	0
1903020	0
42938521	0
37293336	0
246260	0
2094975	0
34946373	0
32533972	0
13461724	0
36002177	0
2581147	0
13194971	0
24084691	0
47498904	0
5519383	0
3215649	0
13521573	0
13259199	0
3726794	0
6482645	0
17822616	0
18979840	0
14045960	0
5651185	0
11385114	0
19273012	0
14703918	0
23292790	0
31936681	0
29391757	0
29693009	0
4996163	0
5926849	0
2488477	0
11297668	0
115337	0
145353	0
33421018	0
27648016	0
11201140	0
37716822	0
109319	0
2566877	0
10094232	0
23858202	0
2670668	0
21369038	0
1862416	0
2302328	0
21600083	0
3304927	0
3808669	0
34236430	0
5786434	0
8575145	0
1075228	0
24092733	0
13160526	0
2050613	0
3505422	0
24250367	0
855040	0
34425194	0
37172157	0
45312270	0
42825477	0
25871959	0
160820	0
33033735	0
21886749	0
21146570	0
547505	0
17811632	0
14975713	0
691708	0
135769	0
8317833	0
39060359	0
33123345	0
75798	0
939728	0
5618612	0
7840066	0
5247076	0
890525	0
2634417	0
46999159	0
1409040	0
968036	0
2479205	0
26181490	0
13029711	0
13924	0
3486547	0
34633385	0
8332444	0
30871432	0
7375623	0
1515187	0
