339307	1
205591	1
166831	1
20666265	1
226158	1
52051	1
1618060	1
18582314	1
41138979	1
497338	1
24505504	1
558094	1
4130286	1
869772	1
693073	1
28002883	1
23078305	1
718913	1
1524384	1
299021	1
4112814	1
4726	1
404404	1
26588735	1
4644935	1
5849672	1
23787	1
5103318	1
1267942	1
3516963	1
1641473	1
372316	1
9539954	1
14692181	1
104202	1
616414	1
2447	1
35545135	1
2670571	1
50858	1
1516901	1
3995153	1
77381	1
2092455	1
9041695	1
9815449	1
387492	1
20560349	1
23741964	1
982478	1
3850557	1
1923292	1
502309	1
3183019	1
3991256	1
2488286	1
210802	1
27320930	1
1536030	1
436925	1
17948414	1
409795	1
9751005	1
93353	1
3870670	1
1096473	1
24666	1
10113058	1
183081	1
5237901	1
1565181	1
4013241	1
1008338	1
18677590	1
137261	1
1005093	1
164420	1
514131	1
10508647	1
1205233	1
39915009	1
1504419	1
15368428	1
1444009	1
444081	1
6220406	1
489496	1
3517320	1
10911835	1
30858065	1
5595708	1
2743189	1
96292	1
1299895	1
23634455	1
27230807	1
3206745	1
44287419	1
1589655	1
2324345	1
31365315	1
16913237	1
2251518	1
2432012	1
43316836	1
1048012	1
125244	1
348946	1
519814	1
10310006	1
398743	1
16540462	1
227129	1
24237899	1
1070986	1
2616591	1
40960219	1
41036286	1
2919217	1
7349519	1
482364	1
996343	1
46970016	1
57110	1
15826	1
26892787	1
3383634	1
832537	1
213733	1
5999393	1
6930179	1
3251816	1
48628920	1
14642920	1
9213068	1
565172	1
1620324	1
17584015	1
3785572	1
27887889	1
2837871	1
1879287	1
17384838	1
30863624	1
36806	1
7563954	1
893143	1
4757619	1
147261	1
143240	1
1488047	1
1226843	1
39426163	1
14602958	1
53056	1
95545	1
1002139	1
270600	1
28235104	1
294453	1
2863466	1
2599755	1
20849282	1
58959	1
2518545	1
24100	1
31748441	1
1236283	1
26857099	1
34413123	1
1808221	1
2134500	1
577779	1
253610	1
11128409	1
412912	1
9555564	1
8707215	1
14021789	1
2985544	1
12038282	1
897236	1
53406	1
9342063	1
12878	1
26289372	1
6778270	1
7162555	1
7463656	1
29691595	1
6803808	1
2167373	1
32553204	1
28368904	1
429779	1
13433103	1
28606	1
295204	1
31812266	1
1172480	1
20194370	1
4013259	1
13700652	1
1380636	1
23164649	1
24198826	1
27296468	1
2018294	1
110547	1
24534207	1
10990102	1
11942311	1
7004698	1
11001591	1
1918191	1
7364229	1
6630222	1
6760412	1
47398	1
50562	1
1506210	1
1724906	1
1129297	1
2824791	1
182052	1
5798435	1
15653113	1
5961279	1
28258297	1
14007191	1
6839186	1
413322	1
5793179	1
149189	1
700205	1
38417930	1
23711784	1
9854307	1
2071672	1
283120	1
10096518	1
1627666	1
21007279	1
6901958	1
1004885	1
18198997	1
7504976	1
941481	1
25230866	1
7481142	1
4212126	1
35812512	1
3677015	1
522777	1
1927706	1
155962	1
420350	1
23471991	1
27291177	1
249465	1
31240646	1
7046688	1
3310921	1
3619584	1
13207576	1
1312086	1
2076869	1
923406	1
4337237	1
10252885	1
15984021	1
94587	1
5869516	1
620827	1
697317	1
623332	1
803012	1
275686	1
32442	1
40897328	1
47115642	1
1647548	1
3592841	1
854376	1
11579733	1
171562	1
12251510	1
667938	1
844136	1
1393904	1
28928561	1
34119825	1
15113061	1
9212687	1
12314781	1
29805578	1
18168899	1
9880037	1
31748259	1
12789366	1
25669211	1
146925	1
18128349	1
31545778	1
14183643	1
1870607	1
16442216	1
2718846	1
14498639	1
10150647	1
269851	1
1033798	1
222097	1
807609	1
3292421	1
205008	1
7796481	1
739238	1
11079544	1
3214603	1
11469	1
274757	1
24086368	1
3678590	1
264208	1
682259	1
36569965	1
10778682	1
2030340	1
468320	1
1667014	1
1699232	1
561861	1
10618317	1
1000737	1
2299256	1
12101863	1
1999981	1
37806599	1
24947338	1
17509366	1
11043357	1
597113	1
15254255	1
6865473	1
200880	1
923048	1
1870643	1
1659954	1
6587853	1
605202	1
754231	1
2196128	1
47938705	1
22799653	1
3371043	1
248871	1
7188282	1
13558132	1
3318927	1
19074758	1
159625	1
4511363	1
69625	1
13214027	1
42549239	1
27576907	1
27190467	1
1393735	1
1931281	1
20127519	1
21192652	1
8138726	1
22415950	1
13913864	1
6557727	1
46356804	1
494785	1
28017732	1
228761	1
37870	1
35483266	1
440942	1
12102872	1
3824084	1
13130186	1
36856291	1
356087	1
9168748	1
37804008	1
6797041	1
13282759	1
47934831	1
12714245	1
3949756	1
1129540	1
6085528	1
447804	1
907375	1
20903434	1
43258377	1
15779462	1
17994055	1
30954464	1
1205712	1
106501	1
25817659	1
6018810	1
14559025	1
27032446	1
2797930	1
10267051	1
250424	1
335261	1
9115485	1
110588	1
7908517	1
414638	1
3224988	1
44136912	1
2741528	1
915556	1
7537198	1
18262656	1
10765983	1
3270562	1
3892276	1
6633757	1
731100	1
534636	1
6785846	1
39163	1
1951735	1
561121	1
47923	1
7807087	1
11527293	1
17582949	1
10355367	1
4130805	1
33262976	1
4345537	1
1290867	1
50953	1
1095190	1
21308989	1
13279176	1
2244218	1
2759321	1
54346	1
2681	1
13547105	1
972115	1
149858	1
24607317	1
1158913	1
7363226	1
5074323	1
3830713	1
25375064	1
41759836	1
6890956	1
8163419	1
3214924	1
1918000	1
183655	1
15354617	1
756681	1
40770235	1
203574	1
28823872	1
11287921	1
9214902	1
366699	1
142610	1
23566898	1
3661921	1
10927968	1
390697	1
3897409	1
7050949	1
606932	1
4501017	1
40742689	1
45368417	1
2799827	1
3535042	1
1468146	1
435896	1
454754	1
9784362	1
5465771	1
19172841	1
21159156	1
1407767	1
35847649	1
4868402	1
160203	1
9043111	1
27211307	1
3845828	0
19111996	0
14692224	0
22049	0
8118159	0
1750891	0
2690639	0
43842659	0
1791989	0
13373774	0
13500304	0
31715232	0
2369390	0
40386574	0
91826	0
35064498	0
4103352	0
12365330	0
12768586	0
4844577	0
29574894	0
6068640	0
7144270	0
2869087	0
10368278	0
5847822	0
116627	0
44450811	0
5680863	0
2427677	0
31658770	0
15651717	0
36425082	0
12447726	0
5860228	0
57638	0
16917209	0
26637706	0
2187980	0
20331753	0
17072151	0
25225101	0
15763838	0
9505271	0
18799483	0
4841686	0
31723901	0
9870477	0
5808366	0
29943863	0
45224	0
34377186	0
405400	0
12803565	0
9988075	0
10961031	0
5687845	0
10204199	0
19396188	0
49584294	0
883804	0
2433873	0
3221411	0
1496864	0
130932	0
1242755	0
23123860	0
4125956	0
13895532	0
3540635	0
1663525	0
977044	0
6729560	0
5183068	0
17648183	0
597949	0
8735122	0
9411684	0
11401345	0
25618641	0
3006762	0
38152988	0
7154641	0
259703	0
15877622	0
4913524	0
21056382	0
12466484	0
42514306	0
42780987	0
36374341	0
5813648	0
35590109	0
20130105	0
30373373	0
47039399	0
3160061	0
22221878	0
9952965	0
17940116	0
2492663	0
34686192	0
7271999	0
489269	0
24985692	0
5554514	0
1815505	0
6161920	0
2574020	0
10632513	0
3622054	0
11336576	0
35862901	0
38360879	0
3081903	0
20469980	0
17042232	0
16452116	0
45472592	0
137030	0
17311333	0
40746163	0
22477328	0
28285485	0
1916929	0
263310	0
5337766	0
9764998	0
855789	0
7364574	0
2625475	0
6208828	0
129042	0
31983971	0
602367	0
1944214	0
48709903	0
139235	0
6740519	0
6741859	0
21816404	0
32359640	0
2222285	0
131580	0
5514381	0
15025857	0
1859291	0
6485077	0
118569	0
3464184	0
2990269	0
3389289	0
43375	0
1992483	0
995901	0
39488099	0
9903002	0
5352679	0
18650088	0
1757801	0
12113489	0
121099	0
5720819	0
7805101	0
2332845	0
3358270	0
2526398	0
135082	0
14967484	0
476049	0
6986413	0
6705380	0
4091066	0
111344	0
2112726	0
6793157	0
19712794	0
14193181	0
7190950	0
10892924	0
48132	0
40962823	0
13247160	0
25671844	0
26788390	0
4435567	0
5091707	0
17086570	0
36454167	0
1190880	0
39359669	0
43540753	0
3304069	0
1863523	0
5665480	0
20887787	0
13249053	0
10269565	0
8067112	0
361548	0
26750628	0
21131645	0
23180419	0
33088731	0
368302	0
44408537	0
20848558	0
3104	0
2375964	0
4155405	0
11692305	0
16560694	0
16800132	0
4315393	0
543247	0
1921396	0
23512891	0
2400951	0
446134	0
44259411	0
7540006	0
1748589	0
33216306	0
1249960	0
29348788	0
42399442	0
1868628	0
6237263	0
25889138	0
25553814	0
43736688	0
9816498	0
16417804	0
5927949	0
23626187	0
189688	0
293236	0
596662	0
8820436	0
9221725	0
41843499	0
122042	0
37207499	0
14445239	0
2841674	0
11957977	0
1799424	0
27281351	0
333159	0
19362398	0
32659495	0
36488598	0
2553915	0
17311	0
11028108	0
1289777	0
12598030	0
28379615	0
6671534	0
7852095	0
18233897	0
29445	0
43028540	0
133841	0
7163101	0
37962297	0
31862061	0
10188536	0
14831024	0
20325420	0
4570088	0
1403249	0
1684098	0
201586	0
14710275	0
30174462	0
20262730	0
1286448	0
2598300	0
20882990	0
14029543	0
3493210	0
27160781	0
30676896	0
9529661	0
10405664	0
9392480	0
3316392	0
2597374	0
9752910	0
12767617	0
11885902	0
917954	0
20953740	0
24077143	0
21261753	0
37631268	0
7497913	0
38537426	0
24174653	0
1277972	0
36537519	0
14744699	0
37911881	0
1982155	0
1073769	0
4936663	0
26430279	0
596834	0
23945933	0
2585461	0
124218	0
16507534	0
10734030	0
34579525	0
131862	0
598571	0
469859	0
4876567	0
15607407	0
22877898	0
34040360	0
5985824	0
17665569	0
172019	0
19437665	0
14659906	0
1926859	0
20306321	0
31244983	0
19452819	0
1110063	0
840846	0
26028274	0
1485178	0
25502	0
17450403	0
2968876	0
2585735	0
222250	0
3989006	0
3405798	0
8925800	0
23974609	0
38032305	0
10465485	0
1386842	0
14886865	0
26202478	0
12227872	0
493224	0
744895	0
31727211	0
8833400	0
35540777	0
25362631	0
3372125	0
161901	0
25597757	0
11980344	0
19485448	0
12354124	0
43385262	0
6012018	0
5057034	0
472443	0
4139327	0
105598	0
22946910	0
1447094	0
2363013	0
135527	0
21924100	0
30889401	0
2969022	0
1509247	0
12018637	0
47929225	0
25907326	0
18155282	0
15622480	0
9276173	0
1801709	0
1076420	0
30936429	0
14149760	0
27162110	0
599612	0
37417949	0
11124256	0
27383051	0
25587209	0
26114336	0
9368130	0
18634942	0
2027129	0
1840695	0
1139415	0
5362949	0
41151123	0
31172352	0
329803	0
1272906	0
41810045	0
107770	0
234286	0
26098569	0
35604835	0
8471466	0
2952442	0
18180913	0
37910618	0
2305058	0
33258520	0
126776	0
45065566	0
4196652	0
29268315	0
4550629	0
12439920	0
324151	0
3143864	0
132697	0
29596338	0
21242801	0
9227797	0
31829019	0
23714361	0
31179397	0
9244099	0
10915521	0
11274466	0
20582132	0
5481365	0
4013258	0
30771646	0
2610142	0
15863100	0
2223539	0
7667867	0
43820990	0
7283413	0
19513234	0
585759	0
2243709	0
3753897	0
14144	0
1055468	0
38580469	0
24793148	0
21573896	0
62706	0
8225264	0
17725690	0
7141668	0
12247841	0
24086495	0
8924626	0
1192918	0
2383927	0
887879	0
33542812	0
3716557	0
3628332	0
6857002	0
19540736	0
29539602	0
12877546	0
300288	0
255611	0
9094646	0
551696	0
7441369	0
8716113	0
5806508	0
6627226	0
13912427	0
30528890	0
15114745	0
13080042	0
48437472	0
22029873	0
5650954	0
22357528	0
39211790	0
1300733	0
33291760	0
11555467	0
3056623	0
4961625	0
32654611	0
2442655	0
1641183	0
1197458	0
13572264	0
42661707	0
12779660	0
19079805	0
38645666	0
49371435	0
