87260	1
1968726	1
56876	1
26187678	1
56940	1
98570	1
82059	1
10925800	1
307491	1
1597900	1
1740376	1
88951	1
3001321	1
34325664	1
4743335	1
2619511	1
20124856	1
47836416	1
200221	1
1609718	1
5797141	1
5287329	1
5133032	1
415163	1
12521667	1
693681	1
107748	1
710907	1
20534586	1
485336	1
420360	1
8490769	1
7217657	1
17791	1
1458662	1
15640692	1
319608	1
11513350	1
102930	1
21648	1
8996752	1
1697072	1
16599351	1
463005	1
6920403	1
125490	1
134538	1
441979	1
2967816	1
428639	1
38930	1
5132896	1
287280	1
431746	1
74209	1
218787	1
3960460	1
2695261	1
10164078	1
230361	1
3236871	1
558825	1
6223228	1
6975901	1
325953	1
263220	1
27544891	1
3462186	1
125521	1
27308	1
126741	1
1454941	1
13662331	1
46378	1
6339515	1
40556963	1
2736	1
8285096	1
1370566	1
3361955	1
1147243	1
2926	1
1377312	1
108062	1
229513	1
151663	1
453584	1
10185776	1
2873241	1
86772	1
35534835	1
2840778	1
12751706	1
44631	1
53359	1
6898231	1
116293	1
579223	1
17114554	1
1211558	1
2677123	1
18081	1
144233	1
4571107	1
35399032	1
38748	1
1557869	1
2212435	1
6792996	1
11319338	1
907489	1
1210781	1
9423142	1
1343904	1
19577205	1
2050813	1
2468664	1
6100622	1
23450997	1
106014	1
199801	1
130726	1
872783	1
2649115	1
1205110	1
3466	1
233900	1
23166289	1
9404989	1
7086420	1
11843603	1
4589249	1
83158	1
548770	1
3231110	1
125639	1
22176106	1
1071155	1
7079537	1
455102	1
43449	1
17280459	1
2339717	1
3260440	1
17890209	1
564002	1
2967135	1
603861	1
317215	1
625435	1
49005	1
36264547	1
761987	1
464283	1
99529	1
372230	1
290711	1
765545	1
43520881	1
932543	1
306778	1
716471	1
3053930	1
4261082	1
14257771	1
22138305	1
41763	1
708024	1
19338	1
94820	1
2426028	1
675643	1
193551	1
14370693	1
1392290	1
12106	1
923368	1
9316	1
730685	1
2619847	1
451337	1
4525962	1
11968381	1
453551	1
51592	1
29580905	1
331467	1
177715	1
1244159	1
1961284	1
47863262	1
4650693	1
21211418	1
253056	1
7102258	1
5621964	1
6936223	1
32314628	1
1386079	1
3290166	1
2082384	1
30178	1
30718	1
41061488	1
31637070	1
183596	1
430939	1
2885333	1
810906	1
777484	1
125615	1
3098404	1
2120866	1
150822	1
29414892	1
1859663	1
708361	1
2518907	1
28504	1
4937222	1
1190009	1
35770891	1
1198253	1
849868	1
6132689	1
6937355	1
295704	1
1342756	1
12010	1
199773	1
4733179	1
16053291	1
8591504	1
3705	1
4535533	1
1251477	1
1903549	1
109899	1
34350	1
18860685	1
5688239	1
650126	1
125054	1
350949	1
34548	1
1499613	1
1240359	1
19905173	1
32462	1
229502	1
26296222	1
891834	1
194223	1
2317360	1
8123224	1
7906908	1
2027674	1
573488	1
48780317	1
46760408	1
165081	1
1413113	1
21714	1
7220765	1
215267	1
468594	1
1067392	1
1509028	1
36730395	1
108161	1
504238	1
16776923	1
1888051	1
125495	1
565415	1
2169015	1
1376724	1
48666	1
18021143	1
2774324	1
17717378	1
1048592	1
48395	1
13677	1
21402	1
7822	1
194190	1
17243087	1
48885	1
2920081	1
125497	1
461620	1
17643846	1
109456	1
276358	1
318813	1
599714	1
476930	1
109785	1
2500175	1
880052	1
2728049	1
1041032	1
412677	1
448512	1
260096	1
108137	1
297998	1
15724	1
9597043	1
5718089	1
64205	1
7294	1
35515816	1
1372335	1
11474618	1
116100	1
1859486	1
2381325	1
11923135	1
3269342	1
8753355	1
498912	1
105048	1
160275	1
161265	1
50247	1
534421	1
3720495	1
148875	1
7963911	1
683077	1
32098	1
124920	1
1511678	1
5074580	1
1208372	1
229555	1
19906976	1
3523602	1
16006426	1
466160	1
222767	1
177649	1
1288220	1
787709	1
769724	1
27935788	1
180708	1
1097916	1
55037	1
94298	1
1639011	1
28767788	1
12322318	1
28181	1
929156	1
1560340	1
262084	1
49359881	1
6466	1
91883	1
462993	1
2003379	1
125460	1
193371	1
593300	1
72008	1
43127	1
125107	1
839348	1
4836483	1
2929017	1
11303744	1
5489	1
4369710	1
45080	1
23136874	1
42726	1
6446340	1
636802	1
38337291	1
544532	1
1899800	1
1600453	1
8036814	1
5906	1
7392107	1
61728	1
10802011	1
3997192	1
25320814	1
27975110	1
240416	1
20598100	1
11165894	1
19166935	1
8659439	1
448329	1
668601	1
6587763	1
44252	1
170625	1
3026542	1
762070	1
558968	1
125597	1
65656	1
778866	1
3509501	1
28421351	1
25484641	1
8237631	1
3687085	1
12270518	1
45390115	1
2782745	1
1644816	1
617678	1
330130	1
364360	1
1556322	1
47271	1
116731	1
651666	1
7956064	1
37093525	1
2776352	1
7067	1
116292	1
52626	1
4100656	1
37876	1
16256457	1
11419711	1
998417	1
39127344	1
2334693	1
1897573	1
386393	1
427116	1
3261435	1
6826874	1
55460	1
12054028	1
972203	1
6911444	1
24951013	1
13967697	1
57872	1
1569519	1
93452	1
927064	1
11809178	1
13610213	1
19653787	1
23974067	1
12345716	1
5520	1
564739	1
297385	1
5967064	1
5880665	1
21223357	1
4527926	1
3808633	1
1078826	1
2220252	1
87626	1
11535022	1
1222633	1
30873591	1
108955	1
5315122	1
515401	1
5082427	1
500239	1
2252608	1
1386189	1
13896267	1
26440196	1
116668	1
8313353	1
47004424	1
1346227	1
11826727	1
69666	1
109024	1
350609	1
3528022	1
29205596	1
8369901	1
5782265	1
714878	1
20875737	1
17574695	1
107780	1
9512652	1
4509612	1
28140692	1
2271279	0
38200075	0
3155600	0
41423869	0
32096388	0
1089918	0
2075784	0
37895748	0
10138928	0
21219782	0
7696976	0
36003014	0
930527	0
2404505	0
146720	0
10788965	0
16092703	0
9154755	0
855697	0
30366	0
9871815	0
5809128	0
1233256	0
4332281	0
29558389	0
12857252	0
24842255	0
39195104	0
37846966	0
40539480	0
2211687	0
797884	0
24292649	0
871837	0
33099232	0
17486326	0
16243442	0
35035184	0
493361	0
5973024	0
1006668	0
28284367	0
6243670	0
21576555	0
43680258	0
6890389	0
25009658	0
1979104	0
1056889	0
18818878	0
2182309	0
4455038	0
37411906	0
2022586	0
14414781	0
10644435	0
32661992	0
18430729	0
2666527	0
1107071	0
5274160	0
35221068	0
3447877	0
27687055	0
34881660	0
45662098	0
24215328	0
1974084	0
26387126	0
32128596	0
5418360	0
10049865	0
205751	0
2662443	0
15830603	0
1249371	0
9760386	0
29512021	0
2578177	0
945323	0
29305545	0
13092236	0
18948545	0
4537238	0
27817505	0
15042749	0
14958	0
21731571	0
12987029	0
21832787	0
557100	0
37133773	0
11931761	0
1694676	0
96668	0
5359688	0
13387428	0
12046130	0
6337970	0
47424196	0
3291753	0
950731	0
14174980	0
6718234	0
130025	0
2462755	0
117601	0
43425	0
39643399	0
49318992	0
5725140	0
26293387	0
10836322	0
6800917	0
1623441	0
769168	0
106725	0
541599	0
33513288	0
45451549	0
4705306	0
1642576	0
4345087	0
2700328	0
6276900	0
4524011	0
37133674	0
6720271	0
44489393	0
23699874	0
19006715	0
1711388	0
3103104	0
13855187	0
2066453	0
42286708	0
42183966	0
1607955	0
157294	0
1938801	0
29403362	0
35661102	0
2228504	0
2578594	0
8306497	0
38178278	0
3790976	0
111280	0
38630264	0
46367313	0
28206195	0
21030725	0
39923751	0
1392512	0
10210353	0
14536417	0
2880425	0
44919491	0
2651854	0
7777332	0
18286398	0
11699057	0
1917103	0
40870458	0
2934816	0
7913602	0
17843326	0
3865002	0
24044424	0
4221032	0
5507511	0
44056490	0
12158335	0
9200653	0
22496641	0
1873402	0
49553604	0
25202319	0
8311845	0
4330955	0
841314	0
1278342	0
122686	0
47036896	0
15920918	0
537954	0
6782874	0
3534530	0
1054878	0
11231456	0
24206892	0
41463314	0
906297	0
15858325	0
1119576	0
29760895	0
15657	0
48794339	0
38798434	0
161735	0
804005	0
8736551	0
9225061	0
13001478	0
154411	0
7915215	0
8266056	0
5251316	0
32132225	0
2612532	0
5446387	0
18459639	0
12056759	0
2289834	0
3156017	0
39204171	0
95443	0
1783604	0
37933927	0
5448635	0
7121722	0
23135141	0
17992432	0
10856397	0
5838181	0
48677308	0
93503	0
37051954	0
3729760	0
6803238	0
2015123	0
11411074	0
169419	0
13485719	0
2603563	0
11023457	0
1013014	0
18923624	0
44587203	0
15328540	0
7540695	0
118924	0
9652321	0
2812538	0
35110524	0
1839184	0
21507770	0
27722057	0
21834194	0
42447199	0
40859649	0
8454858	0
12857685	0
10083282	0
37247423	0
4200580	0
3121251	0
7987129	0
40902368	0
23275242	0
18569967	0
37011605	0
13953610	0
18921526	0
8706341	0
1393913	0
21732	0
3556129	0
5634424	0
13291843	0
2477302	0
9630499	0
32840851	0
17401288	0
10013699	0
1126842	0
132118	0
32285636	0
1203896	0
1165460	0
22951505	0
30775211	0
25512629	0
3598829	0
27418055	0
1907175	0
32591678	0
15728098	0
9312914	0
1352213	0
30936241	0
5802698	0
6324557	0
1285456	0
62952	0
12205009	0
744888	0
3181845	0
472723	0
5793307	0
1363646	0
256696	0
2861847	0
111344	0
12001614	0
31006018	0
4282595	0
761161	0
995251	0
4781981	0
25203995	0
1960096	0
3941731	0
532678	0
7459842	0
8496326	0
21232751	0
25348049	0
3932098	0
25474444	0
35714819	0
11225764	0
7954512	0
8952798	0
10075355	0
4541019	0
7349962	0
4666587	0
16039950	0
4786525	0
39699465	0
30726987	0
12716643	0
23117113	0
16906980	0
20965789	0
20909711	0
1000354	0
5082571	0
2890646	0
20733621	0
6005212	0
24154720	0
3802118	0
32715235	0
5517326	0
9786958	0
47637372	0
4880551	0
2483036	0
4002710	0
8977001	0
18569499	0
1187065	0
647287	0
19135659	0
6473517	0
27233180	0
31130356	0
3331049	0
2865441	0
44025066	0
24813043	0
25264	0
4158907	0
15290864	0
7325091	0
13988179	0
6705668	0
1517408	0
3293846	0
25925580	0
4369018	0
33432271	0
39079999	0
87505	0
2795910	0
10074317	0
11589558	0
20904202	0
26229805	0
29597560	0
15114623	0
7013267	0
24008372	0
1955700	0
42664366	0
23213153	0
3867284	0
4129024	0
725344	0
18032233	0
8978819	0
15979428	0
20177788	0
17133544	0
26820827	0
24736042	0
7120273	0
6759443	0
24270321	0
1246890	0
15824329	0
30488661	0
39642359	0
24862159	0
5583772	0
434405	0
11259082	0
2468720	0
11458956	0
41295183	0
3719	0
17238402	0
34939722	0
9496978	0
19927608	0
45196172	0
12545130	0
5961841	0
115115	0
21146319	0
1163530	0
5252327	0
21275454	0
27089954	0
493256	0
9273217	0
6522524	0
3527981	0
5828366	0
31671888	0
29049984	0
605304	0
3173437	0
30807984	0
26917891	0
6750856	0
28380469	0
9436122	0
33038517	0
20314244	0
20955747	0
28784828	0
11194240	0
11111345	0
5688833	0
379400	0
399929	0
40501845	0
487919	0
11304546	0
9889218	0
1222941	0
43274579	0
8149566	0
2438834	0
42137021	0
404587	0
6953435	0
21239514	0
3217902	0
264719	0
1301427	0
11885238	0
46400156	0
5514624	0
5502842	0
5827737	0
2335763	0
3466126	0
2937605	0
17764084	0
2988041	0
13727521	0
28968847	0
1956177	0
44208883	0
23751261	0
39136325	0
22836224	0
2438589	0
25556251	0
188690	0
15012196	0
59627	0
31640107	0
1172503	0
11199762	0
84275	0
4523116	0
30582865	0
7856639	0
4065432	0
1650603	0
2824923	0
3093897	0
937324	0
3846103	0
7038141	0
