1824001	1
6501492	1
27045193	1
33754381	1
2138845	1
1076071	1
524763	1
24080045	1
40978126	1
2093164	1
5811119	1
1505018	1
2704846	1
6631044	1
21018539	1
190490	1
29902577	1
15744890	1
9377477	1
20218404	1
4765223	1
38286223	1
378287	1
2016317	1
170157	1
796617	1
37267583	1
37396626	1
6838697	1
5464548	1
2154879	1
2138979	1
4977709	1
1868604	1
2991389	1
432451	1
2103616	1
2070494	1
2154887	1
10815137	1
8728444	1
19553481	1
41108367	1
31116793	1
40751226	1
7326725	1
160735	1
46741073	1
166233	1
8176107	1
16853332	1
528622	1
3873709	1
1453337	1
20233764	1
3675265	1
6183608	1
7410175	1
24638675	1
15685778	1
3093768	1
3239072	1
878212	1
891567	1
5276761	1
28884066	1
10031908	1
2138847	1
3440060	1
48486953	1
5701135	1
1790297	1
16307566	1
4602307	1
38473903	1
3012147	1
37617068	1
3735508	1
255885	1
284836	1
1505891	1
156879	1
167287	1
170164	1
590174	1
11113813	1
8355528	1
3497273	1
11985645	1
34715671	1
213635	1
10968048	1
3543497	1
36263957	1
10823016	1
5915873	1
6068324	1
7688614	1
41047069	1
2117594	1
27910250	1
26665615	1
402289	1
25249075	1
14522094	1
35525332	1
40790382	1
25445255	1
276512	1
10686832	1
27999827	1
2444081	1
8390987	1
30937152	1
2118523	1
7008243	1
346967	1
3942476	1
8563936	1
21419834	1
10520440	1
3433312	1
9684498	1
489856	1
21993293	1
513222	1
7483824	1
36104835	1
28237095	1
1413537	1
1387111	1
584036	1
26470170	1
1994797	1
2808853	1
5790952	1
29394333	1
40650312	1
1126586	1
5850602	1
42377548	1
3436798	1
42995867	1
21321396	1
43965970	1
24607321	1
2863245	1
42485475	1
1344728	1
1686313	1
1773725	1
9091983	1
227672	1
44806637	1
17367747	1
27991704	1
2443719	1
19569574	1
4806661	1
2597206	1
4694362	1
1982414	1
2652453	1
21129016	1
252719	1
16195668	1
11137393	1
12547903	1
28747555	1
19491049	1
165100	1
3721201	1
1079768	1
17939212	1
5347082	1
4092880	1
869540	1
21992497	1
556681	1
5661837	1
2457385	1
8372304	1
8788244	1
2616851	1
471403	1
22086596	1
9800026	1
4718612	1
9684197	1
9837219	1
162026	1
22085283	1
21731331	1
29134674	1
11117786	1
31402819	1
1839764	1
47862321	1
15130074	1
2068006	1
1869986	1
9682321	1
14168211	1
7815422	1
22403501	1
458226	1
2861144	1
23383198	1
390647	1
8452190	1
2160957	1
24490712	1
14480924	1
302170	1
25563625	1
6011937	1
7171002	1
9858398	1
1458239	1
3192877	1
9884933	1
5477628	1
7033450	1
12469131	1
26535272	1
18211475	1
11798504	1
4968498	1
2897694	1
21444258	1
6864044	1
27484242	1
2174581	1
1929415	1
3251641	1
33513210	1
31851907	1
12830378	1
3077141	1
11652014	1
17051669	1
47840596	1
23791195	1
8881091	1
4964851	1
42714896	1
11607867	1
516918	1
1470946	1
943829	1
34202146	1
30864193	1
6078379	1
722315	1
41220455	1
21291566	1
17464121	1
2974469	1
3318024	1
5022053	1
31453848	1
3376800	1
31011703	1
18448556	1
5306203	1
31921824	1
395973	1
16742728	1
2123238	1
20764811	1
8624292	1
28632840	1
9966089	1
16413614	1
274637	1
12427429	1
1196405	1
36873070	1
1278352	1
42571799	1
3706729	1
2244621	1
28556238	1
7602020	1
16936284	1
10405150	1
4464149	1
6646736	1
4901771	1
993010	1
43815060	1
35552805	1
4934998	1
2068011	1
6237755	1
410184	1
1357740	1
1732138	1
1994723	1
2830226	1
271106	1
13402269	1
1111187	1
6034652	1
5650100	1
10470737	1
9480045	1
4648229	1
47165498	1
4578738	1
9713174	1
2117964	1
25568772	1
30233798	1
1056473	1
8799084	1
43006184	1
1290500	1
8452762	1
12719991	1
7466925	1
1825751	1
299660	1
27920299	1
15415525	1
2861080	1
12246573	1
840277	1
25594733	1
12525898	1
33268371	1
37336566	1
39205	1
18875447	1
1127174	1
4066664	1
20336815	1
2051334	1
774363	1
2154403	1
43065009	1
298937	1
2174767	1
47226293	1
16993296	1
256514	1
32297772	1
5906017	1
17296634	1
2969191	1
254819	1
38205719	1
4701859	1
22808937	1
2138931	1
18924266	1
7866884	1
15926127	1
27866070	1
2119520	1
2206674	1
24372375	1
1651972	1
4241702	1
35988692	1
38776793	1
37707638	1
11048955	1
14522431	1
5375919	1
5992153	1
2736759	1
599543	1
1401838	1
515252	1
27585249	1
5219438	1
5514753	1
1265778	1
346074	1
437319	1
25685300	1
27588823	1
938411	1
1504126	1
309754	1
15859582	1
5619746	1
17072031	1
3998770	1
15843800	1
21699434	1
21531536	1
926931	1
2142225	1
382967	1
4703308	1
3164555	1
11450958	1
842728	1
5142079	1
2934315	1
1378649	1
2155900	1
32111281	1
6569730	1
2090902	1
5870289	1
21278416	1
2665272	1
42120546	1
25653484	1
2798406	1
1484693	1
2981634	1
8834511	1
2126790	1
2802724	1
3140565	1
303118	1
24694844	1
20618741	1
10401334	1
8575130	1
5699973	1
7346220	1
2020154	1
12098213	1
20724341	1
21995661	1
13268437	1
44013155	1
34780565	1
24324981	1
866081	1
40517816	1
42095127	1
3044449	1
20236635	1
15130130	1
910677	1
766030	1
22505398	1
2128168	1
20218584	1
352307	1
2402209	1
26422994	1
2068451	1
16102104	1
45222958	1
18284846	1
1022074	1
2144455	1
33708805	1
16857601	1
9625092	1
165200	1
478307	1
16173391	1
16498971	1
37505202	1
30864663	1
11672179	1
37360551	1
266867	1
5073859	1
5290616	1
6034691	1
23448	1
17871198	1
586681	1
4384674	1
5204539	1
888284	1
25803518	1
20702189	1
11275835	1
6897363	1
13323723	1
271114	1
1697072	1
36069026	1
1664986	1
3793843	1
8756722	1
43046993	1
1226987	1
6535508	1
878752	1
19965430	1
17811284	1
6092859	1
5814614	1
240395	1
636194	1
297388	1
255612	1
29923834	1
16778691	1
34561621	0
22383211	0
15060140	0
39261885	0
4122253	0
1109407	0
1676227	0
24210384	0
21380595	0
17827471	0
15154489	0
12207865	0
4903720	0
33484509	0
2044092	0
1981361	0
26732912	0
20814795	0
21695783	0
12705711	0
47335099	0
402607	0
3471952	0
571489	0
656531	0
718890	0
393789	0
7081375	0
6514324	0
23531393	0
393992	0
2590416	0
10205674	0
7161679	0
17937638	0
34558928	0
3658218	0
1175013	0
1900437	0
678583	0
27390495	0
347661	0
43888890	0
26225437	0
2819652	0
3917258	0
1773042	0
10527219	0
17045859	0
10508568	0
22544494	0
24374466	0
23407206	0
16855	0
16762406	0
11330249	0
3229387	0
5555180	0
975096	0
2563938	0
869254	0
12647971	0
54813	0
394651	0
41408270	0
42967477	0
13871312	0
23905427	0
2310931	0
131882	0
6732980	0
30462710	0
3209461	0
5519244	0
3261863	0
1190753	0
8933561	0
10230624	0
963738	0
9225139	0
1622169	0
621780	0
7352618	0
117847	0
2358874	0
584005	0
34139602	0
28362983	0
30810955	0
22354763	0
24729648	0
4217193	0
39656490	0
3844515	0
2921550	0
20703292	0
148703	0
13152997	0
4845553	0
32880996	0
625052	0
29913655	0
45303625	0
139574	0
1068735	0
7298308	0
15526864	0
2463407	0
4059699	0
9525382	0
793615	0
20228495	0
22495171	0
33837196	0
20941257	0
5162975	0
11470268	0
8580270	0
1787582	0
1943305	0
7807861	0
1118620	0
2813697	0
12701434	0
94214	0
2268931	0
28860882	0
4444701	0
27546195	0
43701823	0
32762186	0
535969	0
39364723	0
35139082	0
12568026	0
54403	0
1306349	0
1276034	0
25407092	0
19728869	0
484650	0
1513571	0
5354218	0
3470681	0
9217998	0
151097	0
4801255	0
12250509	0
38011080	0
15833281	0
13655941	0
427335	0
827800	0
6436760	0
1296504	0
36345495	0
967886	0
8432881	0
957266	0
1251937	0
138159	0
2011203	0
38917639	0
42043684	0
14037558	0
5436998	0
16511167	0
171930	0
1770930	0
3361859	0
32170079	0
2361360	0
21464355	0
24688838	0
23580671	0
17145521	0
4022175	0
46412233	0
37194000	0
495133	0
1278608	0
2697272	0
42546733	0
32587498	0
3514377	0
3573208	0
166278	0
3929637	0
4805620	0
1305773	0
2393797	0
15176547	0
3893949	0
426991	0
36784290	0
556193	0
2350163	0
5184568	0
903238	0
32531655	0
6711765	0
16893265	0
35898728	0
21282165	0
22417975	0
5966088	0
5898401	0
483385	0
7025943	0
13567861	0
30543108	0
487888	0
123170	0
13920076	0
33629922	0
1256637	0
109997	0
5818008	0
7263355	0
22544461	0
11964643	0
12060503	0
25544970	0
15857464	0
6558567	0
3799519	0
25933532	0
40141310	0
6273576	0
21330180	0
1920165	0
12302903	0
5918713	0
2434745	0
24586552	0
8538165	0
32698667	0
39497583	0
10455803	0
25989167	0
68208	0
7376363	0
26903328	0
9814347	0
46795295	0
28269076	0
892948	0
23529066	0
25690249	0
2190062	0
38226373	0
2317222	0
9412904	0
1037473	0
4651578	0
2027831	0
22202737	0
517437	0
9727497	0
10229121	0
173204	0
1502353	0
1610419	0
26527179	0
328388	0
429768	0
1395807	0
5990677	0
21686239	0
1247161	0
15829711	0
1050372	0
34941856	0
13948963	0
2289330	0
17510357	0
11667911	0
20130489	0
140614	0
661507	0
411765	0
19107699	0
18568329	0
33561712	0
2531281	0
11851099	0
31629529	0
11708972	0
91305	0
536813	0
48586631	0
25961971	0
9005598	0
5052859	0
20886989	0
17391006	0
85845	0
19796120	0
14640231	0
3586040	0
477960	0
3329731	0
17158678	0
18808717	0
8491597	0
78607	0
26541340	0
2283148	0
46322502	0
2792347	0
8068462	0
434674	0
762733	0
7896623	0
42992709	0
43413966	0
4418103	0
5494190	0
39108249	0
6665892	0
846014	0
12780165	0
3483877	0
7755817	0
9100027	0
7789436	0
6261816	0
4639057	0
2427111	0
3580658	0
11722845	0
615477	0
30975166	0
2598262	0
137488	0
109223	0
1840051	0
31273	0
36763835	0
19839157	0
10124234	0
462201	0
38522067	0
5590015	0
9852220	0
363651	0
17309074	0
1229373	0
854525	0
7462500	0
5842075	0
36514425	0
22895506	0
239365	0
11986445	0
16079587	0
2281940	0
11206378	0
15584554	0
1181632	0
15367112	0
6658163	0
3408066	0
2108379	0
35730777	0
6069080	0
18788948	0
3481819	0
2892643	0
4850336	0
333618	0
1757155	0
5977010	0
36466965	0
39025312	0
27473827	0
11420298	0
25140	0
7281941	0
4612374	0
1147624	0
10027208	0
524195	0
815306	0
979456	0
797372	0
34254662	0
20204408	0
124913	0
2853142	0
421404	0
9332235	0
9346072	0
13965778	0
1177634	0
7674889	0
9472578	0
21409284	0
27068877	0
48782182	0
6822927	0
31098589	0
23586503	0
465427	0
12539023	0
13386995	0
33169133	0
1181490	0
12821345	0
12857566	0
18364180	0
6551168	0
1438957	0
5512956	0
1209962	0
654703	0
10151107	0
7044125	0
20494400	0
32786321	0
4978647	0
11950627	0
6482834	0
10074781	0
1088160	0
152473	0
403866	0
25945761	0
21294516	0
2505310	0
107220	0
4829115	0
1372898	0
27434833	0
4540399	0
202572	0
10916473	0
19029319	0
5487571	0
29148342	0
3128583	0
8829661	0
9301919	0
107217	0
92633	0
35852056	0
1523952	0
3692594	0
23576993	0
4776014	0
1785798	0
33018826	0
26474036	0
4595861	0
33213754	0
2807791	0
5155320	0
151073	0
24464298	0
91059	0
7097309	0
37489954	0
33703659	0
13772537	0
25649199	0
138152	0
10851360	0
1211562	0
23677854	0
11987035	0
4406778	0
43411571	0
6457792	0
14097472	0
30874070	0
3531092	0
27783	0
8001525	0
43606243	0
36902613	0
26447847	0
5597461	0
45378108	0
10886268	0
4670615	0
23564339	0
3024277	0
178488	0
42468775	0
579251	0
2550551	0
6104106	0
18065180	0
1644824	0
25682407	0
4124985	0
47064577	0
13264966	0
6939602	0
4369131	0
