5544781	1
2529975	1
2362359	1
182091	1
26971828	1
341362	1
17011113	1
914437	1
917686	1
800807	1
31978	1
6391454	1
21030406	1
9116917	1
1156711	1
132795	1
2938433	1
17950363	1
9329864	1
29526173	1
3791419	1
2126912	1
1335333	1
96997	1
38139646	1
1241281	1
1157412	1
859769	1
180763	1
13611204	1
1235269	1
2840778	1
38145	1
174201	1
8167203	1
53506	1
1562459	1
13172	1
65017	1
3917730	1
245236	1
4737087	1
18214	1
2697368	1
2394180	1
7653450	1
128382	1
5218	1
978170	1
422678	1
108105	1
150379	1
5571346	1
3974435	1
426077	1
2438606	1
1862287	1
2504364	1
3142356	1
751632	1
4619319	1
4070894	1
7409722	1
7183883	1
26780275	1
4171027	1
33485384	1
186012	1
11995747	1
5405001	1
10020449	1
1109717	1
3357196	1
489652	1
282752	1
2578297	1
69311	1
22876469	1
2154581	1
4693076	1
724911	1
61274	1
1716530	1
24919441	1
13530984	1
17782843	1
677901	1
536882	1
1043047	1
5234930	1
28396118	1
883885	1
498835	1
31857308	1
3099269	1
38542324	1
25046930	1
17189912	1
350398	1
586782	1
1205694	1
474176	1
385344	1
2324500	1
283853	1
1030552	1
2292844	1
2062296	1
382002	1
10563024	1
1533662	1
4927	1
397455	1
2494109	1
3847086	1
20207196	1
17118543	1
376068	1
226693	1
1019369	1
462871	1
1204309	1
8107280	1
634267	1
2095054	1
5333916	1
164601	1
22316060	1
23545010	1
9697751	1
4697360	1
1076661	1
666080	1
651924	1
72328	1
31700489	1
9502370	1
26573649	1
5698464	1
47816601	1
9549	1
129826	1
506030	1
317443	1
4278138	1
20512	1
3001793	1
1993516	1
26575222	1
1565235	1
3355597	1
944651	1
1765998	1
3116715	1
1618837	1
4239134	1
548647	1
217395	1
1695207	1
2885585	1
3857929	1
1160500	1
4563263	1
13431415	1
15196110	1
91199	1
125861	1
24698873	1
2304840	1
699928	1
80815	1
1076714	1
28022	1
1019536	1
659682	1
31822809	1
26111605	1
224493	1
3360258	1
43701	1
2421924	1
1963943	1
8240839	1
753992	1
560716	1
429221	1
749881	1
1062987	1
2312759	1
2622651	1
163548	1
9210338	1
3523627	1
148265	1
27328408	1
45056	1
891820	1
640486	1
4602797	1
211336	1
602904	1
3114388	1
294260	1
51718	1
6704064	1
330523	1
1164261	1
896521	1
2375215	1
5437395	1
860472	1
732329	1
3688717	1
105963	1
4506641	1
1659862	1
3208134	1
36419634	1
1042502	1
9977211	1
3611536	1
17990	1
253111	1
1239235	1
2660116	1
1094479	1
961776	1
917576	1
2518076	1
32947273	1
45351971	1
1074182	1
9523858	1
893504	1
24399	1
2017788	1
63093	1
26586083	1
66338	1
3733548	1
571531	1
472943	1
48970	1
12260573	1
34005646	1
6582726	1
5811163	1
3008416	1
12565789	1
6856196	1
10445638	1
34475	1
5098993	1
2227605	1
393596	1
3154691	1
20644513	1
214393	1
13142265	1
49130025	1
629945	1
856495	1
22264399	1
527943	1
746126	1
8088002	1
37662	1
1426271	1
162870	1
133574	1
2140441	1
143605	1
133462	1
5631503	1
2538157	1
5707954	1
1940745	1
558959	1
2086112	1
203180	1
1272925	1
159031	1
1649554	1
1818179	1
7585993	1
2446075	1
32936552	1
948687	1
10700479	1
11631	1
78882	1
2066697	1
82244	1
4377471	1
2324743	1
15188313	1
731992	1
612946	1
4368889	1
3595525	1
10378885	1
7857886	1
7577928	1
6067486	1
9898495	1
3189129	1
27814700	1
33130528	1
6371386	1
598491	1
37000852	1
13007757	1
5764766	1
394606	1
3760716	1
100397	1
32629	1
929327	1
36957740	1
7977780	1
7040044	1
43577	1
8828151	1
21545522	1
37585	1
939366	1
293516	1
538851	1
3181114	1
716409	1
4107091	1
198822	1
26560217	1
1845039	1
3223240	1
194181	1
149170	1
58681	1
13946534	1
4276475	1
13327388	1
100031	1
308964	1
269856	1
24096778	1
1100460	1
375441	1
9098608	1
5637049	1
33632675	1
488147	1
2329245	1
136246	1
20331332	1
20021	1
1494306	1
1573230	1
2919811	1
14320545	1
346781	1
997924	1
1434140	1
184004	1
4576538	1
1869216	1
1120332	1
424511	1
28835779	1
2110	1
43183544	1
1385825	1
4504258	1
174492	1
40890683	1
31234240	1
5666992	1
30872914	1
2893444	1
26408	1
503927	1
241207	1
2575521	1
38534515	1
30232766	1
31189573	1
359028	1
47644063	1
33468645	1
21627061	1
7991922	1
137338	1
1348795	1
951708	1
9795529	1
2401559	1
12724607	1
337031	1
3683470	1
175702	1
431713	1
4116441	1
6141509	1
13889408	1
2560972	1
726451	1
154538	1
1752594	1
3718802	1
83010	1
14744053	1
67849	1
2123062	1
62935	1
9727358	1
743431	1
92357	1
2187478	1
1890505	1
18009446	1
876028	1
127218	1
798029	1
436766	1
5183633	1
759731	1
41986939	1
2147251	1
50331	1
180420	1
1336512	1
125241	1
1398982	1
17076048	1
32876134	1
6623	1
7219358	1
4382168	1
16715715	1
1185823	1
622881	1
4386332	1
25803708	1
692208	1
41302265	1
3382189	1
526804	1
8077497	1
221796	1
1396986	1
794286	1
1507557	1
22298	1
6788044	1
172821	1
404002	1
232847	1
1044503	1
38534	1
4170955	1
30224541	1
31341	1
11976626	1
1919847	1
8772810	1
38641633	1
1318903	1
9728362	1
73209	1
25665871	1
1190936	1
436834	1
5265810	1
5720996	1
11929434	1
27926	1
2752263	1
574269	1
124326	1
7015264	1
1690260	1
23467188	1
5118476	1
14806397	1
2499	1
3257013	1
34630	1
4623498	1
206977	1
107604	1
19166	1
1873839	1
3227079	1
11371694	1
631364	1
1285558	1
467367	1
602005	1
18805128	1
8986506	1
13099901	1
7500840	0
12584275	0
4290045	0
7168132	0
14045094	0
4234786	0
1765086	0
2046487	0
15662	0
5789453	0
47213677	0
1668506	0
4862452	0
34034370	0
7163926	0
42007033	0
10121421	0
5525025	0
33019610	0
1956902	0
24369646	0
1025665	0
31541275	0
8740229	0
26008353	0
1064226	0
23661002	0
32225541	0
212948	0
15930330	0
12655903	0
25040387	0
683742	0
419526	0
692083	0
40611142	0
137354	0
813827	0
4352378	0
21588878	0
3327872	0
37043696	0
745734	0
9281372	0
581217	0
6152075	0
27094892	0
607177	0
42661	0
34128998	0
4317752	0
33196370	0
2584921	0
351535	0
21921331	0
33736239	0
47432176	0
32726698	0
38957504	0
3498678	0
312675	0
16545451	0
26075926	0
34165587	0
42433936	0
77832	0
4994851	0
728307	0
2081700	0
25133322	0
5558255	0
3290684	0
3881743	0
9768981	0
42141823	0
14727204	0
2343929	0
161697	0
20227449	0
25616007	0
27803381	0
3478962	0
1201163	0
12160969	0
10238109	0
6650984	0
28003549	0
1446750	0
106684	0
6732121	0
15765260	0
2243429	0
8242019	0
22892150	0
15756699	0
10713749	0
3306398	0
697330	0
11125403	0
15378472	0
16080962	0
1856522	0
26697484	0
1955008	0
47321570	0
11748557	0
4155317	0
5045887	0
1969893	0
14659012	0
3201347	0
4872667	0
25963881	0
32238877	0
1954268	0
7369608	0
19785484	0
10815389	0
1607273	0
501287	0
4515387	0
8118018	0
31824026	0
3552247	0
7671880	0
24987836	0
12859000	0
5975905	0
5133196	0
2322673	0
4481549	0
253912	0
2370791	0
1241126	0
2995152	0
4638020	0
6757857	0
571204	0
23717548	0
18632758	0
1758506	0
3881772	0
19652138	0
27955012	0
11630601	0
255728	0
25844590	0
22291121	0
9211949	0
14186981	0
1721801	0
1329194	0
14904124	0
3023488	0
32803361	0
43977582	0
122984	0
117518	0
3808234	0
8399955	0
3048396	0
10821674	0
847583	0
3437995	0
6770285	0
5605084	0
1934516	0
24758226	0
10322722	0
23518912	0
4183147	0
47188982	0
14647378	0
9621985	0
33590741	0
3204713	0
33538890	0
42291043	0
7285671	0
23538570	0
13031664	0
735315	0
7404305	0
45061	0
1235447	0
2280870	0
426477	0
3066753	0
19748111	0
22166542	0
18553729	0
4145953	0
18169551	0
31010	0
3119067	0
34607177	0
33284407	0
684219	0
7741744	0
30481670	0
8615880	0
14854826	0
10801643	0
6125025	0
11225743	0
8047608	0
8964956	0
8726769	0
38235769	0
7616583	0
43457368	0
1071691	0
2384154	0
170568	0
17372145	0
875196	0
196365	0
2378665	0
964958	0
27046953	0
23865290	0
10381708	0
21664041	0
124781	0
17938715	0
14705456	0
43102218	0
1271160	0
3605068	0
10785996	0
42682499	0
12764346	0
14464779	0
40759151	0
16506840	0
40567125	0
11017005	0
15813140	0
269362	0
31420653	0
38629093	0
2675506	0
5788073	0
13164834	0
19172771	0
15212300	0
19882195	0
302075	0
10333272	0
32245927	0
2883337	0
1069393	0
620748	0
14629151	0
15124855	0
20667087	0
381306	0
21917619	0
390615	0
46969272	0
42519349	0
43676448	0
22112556	0
19871292	0
31651791	0
14579718	0
36073130	0
881243	0
6438386	0
1334956	0
237601	0
4947157	0
1237498	0
8345034	0
1887680	0
1856701	0
15131185	0
1288270	0
12473850	0
1576325	0
5536841	0
9252644	0
5568719	0
2270754	0
11751116	0
26604624	0
9182742	0
11519284	0
7624607	0
51608	0
14239216	0
25807043	0
16233467	0
21664987	0
22420161	0
12581256	0
12358791	0
14717847	0
34270546	0
165447	0
596056	0
137760	0
20025818	0
8737044	0
23122206	0
654427	0
3410261	0
23262070	0
19335561	0
24553282	0
31804901	0
1455976	0
8074195	0
13302947	0
1264172	0
1354188	0
6571041	0
30416380	0
24619156	0
40849320	0
37277388	0
19386872	0
2291372	0
2396703	0
15309472	0
21085949	0
11914585	0
20546019	0
11442096	0
7559066	0
1420335	0
804784	0
17030900	0
10125264	0
31599998	0
432000	0
16096293	0
25601806	0
29078909	0
423383	0
44489393	0
1219235	0
23913895	0
11896103	0
151034	0
41357007	0
38155674	0
23740297	0
5910303	0
3212114	0
33549031	0
38377744	0
2970891	0
1019236	0
3183530	0
43217471	0
43171	0
40057311	0
21309025	0
26811304	0
7492318	0
36716404	0
47102946	0
4133193	0
35188885	0
174110	0
47563407	0
1561651	0
15058285	0
6705992	0
9334737	0
42802	0
1171015	0
9371583	0
33529140	0
6125953	0
910098	0
10085010	0
19513608	0
603559	0
186899	0
560518	0
14407853	0
2238831	0
22527500	0
958556	0
4278112	0
31870923	0
24726570	0
26190571	0
5992697	0
27868191	0
3243444	0
114969	0
2950817	0
8071310	0
93867	0
28945744	0
36347451	0
29394184	0
6086197	0
33991317	0
8690679	0
392866	0
13098472	0
36115226	0
5254612	0
2125927	0
13489269	0
39343389	0
26513897	0
3758582	0
6720103	0
2704183	0
3530599	0
25921118	0
111693	0
15331756	0
6778329	0
17255590	0
10528569	0
12670923	0
9172130	0
50234	0
18552909	0
277404	0
15731138	0
12793007	0
23737544	0
5841274	0
7243469	0
488929	0
2010113	0
932647	0
1421811	0
43317715	0
17005249	0
24480758	0
29159969	0
6944255	0
841013	0
5370686	0
9064244	0
21236072	0
44267847	0
8717659	0
599922	0
45302241	0
462384	0
112389	0
1465548	0
19046764	0
26194020	0
21931550	0
38787124	0
33052979	0
5048326	0
27834683	0
212959	0
1877207	0
7668446	0
9003743	0
274879	0
459244	0
224120	0
20076571	0
11696799	0
3700101	0
25028739	0
22805824	0
38475519	0
3688022	0
7509247	0
15021940	0
353140	0
11274566	0
3215588	0
34712175	0
47044041	0
502113	0
2871756	0
2023625	0
32924879	0
29971663	0
7107046	0
42701531	0
2777604	0
28365073	0
8102336	0
470960	0
7807609	0
39658481	0
18604503	0
21044145	0
5128298	0
1371932	0
8391564	0
23264643	0
2884264	0
10791934	0
