277573	1
119578	1
15685874	1
1817554	1
1037337	1
20105250	1
2393046	1
2006845	1
2179915	1
2096315	1
4308844	1
259878	1
2784648	1
1871653	1
125458	1
16175648	1
671985	1
2292161	1
4906989	1
24985210	1
1071840	1
234196	1
2181857	1
171076	1
400102	1
698559	1
838440	1
71280	1
21364433	1
271406	1
39282041	1
129076	1
465838	1
2661345	1
3144	1
2008784	1
26460678	1
1498657	1
187459	1
23811894	1
39891787	1
33354596	1
168310	1
4453501	1
5801779	1
12796253	1
24832854	1
1007951	1
14693051	1
133223	1
18504761	1
1042171	1
150994	1
1661378	1
4617402	1
2863933	1
1163464	1
4644438	1
1569516	1
1723285	1
42008815	1
5746333	1
1037184	1
1299450	1
672127	1
23010591	1
37046383	1
3142378	1
1133419	1
1388616	1
259615	1
27907511	1
471065	1
46341770	1
1596928	1
2884231	1
2197153	1
980133	1
42897136	1
3824690	1
7148968	1
30823092	1
5348049	1
99954	1
1232859	1
20575982	1
373399	1
38314165	1
1565385	1
35614804	1
95374	1
5099125	1
16197097	1
1749128	1
408884	1
1613007	1
11612629	1
11056377	1
16713352	1
21060939	1
44172351	1
752260	1
10535057	1
215849	1
12402602	1
51138	1
5353118	1
222456	1
94557	1
47943987	1
2405735	1
4641910	1
10550058	1
13013724	1
891854	1
4506758	1
47519896	1
124785	1
99849	1
2010404	1
5425547	1
1445197	1
19634172	1
6799852	1
32030616	1
10421019	1
4176944	1
5485561	1
980822	1
515896	1
39335909	1
396688	1
13398981	1
31481008	1
8102849	1
2255650	1
1859507	1
17252177	1
413320	1
413088	1
95360	1
4059826	1
610704	1
15508694	1
401347	1
132447	1
9210500	1
1235535	1
1899754	1
1178548	1
63572	1
21826300	1
43139955	1
35685831	1
245423	1
178297	1
125084	1
27173022	1
262244	1
1787062	1
8831369	1
7268005	1
19989067	1
471352	1
84213	1
810686	1
46886400	1
23767061	1
115674	1
33181658	1
1216745	1
533088	1
132621	1
20600640	1
455219	1
998517	1
9172093	1
2081553	1
427317	1
12665347	1
5123756	1
22999607	1
20780416	1
25946971	1
3070918	1
160979	1
154038	1
1105677	1
624367	1
93093	1
2459203	1
14006158	1
19468510	1
446549	1
45109	1
3061756	1
38043557	1
98955	1
1326637	1
2435928	1
5142972	1
147772	1
2608005	1
23319831	1
27005785	1
228111	1
426255	1
14554307	1
149886	1
142550	1
6950882	1
14216722	1
728641	1
6406439	1
7105362	1
2847186	1
31667682	1
9423548	1
1577963	1
2521117	1
490343	1
327556	1
255189	1
32980299	1
25885966	1
35159251	1
28957129	1
370393	1
1287136	1
13364339	1
1787807	1
918110	1
24163544	1
332849	1
2832500	1
259806	1
15456460	1
513116	1
25551032	1
1724817	1
19619949	1
12706422	1
25098171	1
9265027	1
1072399	1
19860382	1
263753	1
15219258	1
671539	1
205892	1
18656674	1
2268344	1
413975	1
10124010	1
3367263	1
36756822	1
2861063	1
5676980	1
127176	1
13715495	1
11717538	1
2866066	1
448385	1
39642737	1
154955	1
4065452	1
4462971	1
12649731	1
399199	1
399279	1
8786346	1
10796928	1
29773	1
1606919	1
6390781	1
859772	1
5938693	1
9062910	1
5634424	1
40639400	1
383722	1
18201487	1
19032999	1
2017422	1
134477	1
9718758	1
11630601	1
5363543	1
22166141	1
1225885	1
1570195	1
324158	1
376545	1
250335	1
12740179	1
23664552	1
17098133	1
4275193	1
30172853	1
1169267	1
91523	1
12116126	1
142721	1
3129460	1
2974956	1
21611008	1
1570027	1
7522923	1
13286952	1
1778092	1
16411325	1
11740197	1
65463	1
13254891	1
24221	1
24392303	1
2068215	1
1548464	1
15231375	1
1727801	1
150876	1
329127	1
19498673	1
118603	1
12073994	1
33082671	1
2273711	1
17775180	1
30757	1
1003625	1
25969992	1
2158983	1
299878	1
1495	1
8236011	1
516650	1
20715907	1
2121244	1
32804454	1
682270	1
128010	1
11223076	1
28904925	1
4134208	1
244136	1
166460	1
55857	1
19236704	1
9832668	1
33552522	1
19382080	1
1341663	1
360939	1
446954	1
4221032	1
138409	1
2642317	1
426266	1
13297	1
479215	1
43692038	1
704382	1
929169	1
510046	1
2424556	1
1432958	1
965937	1
15039	1
5574359	1
110315	1
72675	1
4220214	1
2775097	1
212676	1
2130970	1
112607	1
20911263	1
259722	1
523645	1
812314	1
937536	1
876846	1
20998387	1
137673	1
2081776	1
17880064	1
4326978	1
3182248	1
33477675	1
738461	1
13820011	1
1360162	1
199964	1
2245166	1
977878	1
5529850	1
15673305	1
279669	1
1900863	1
152442	1
2123167	1
111215	1
91334	1
4437923	1
450836	1
2926281	1
7347489	1
384695	1
14871870	1
12053218	1
179448	1
1752688	1
1640746	1
11604336	1
36993850	1
14290544	1
14123152	1
186353	1
29303304	1
99821	1
15654	1
23388247	1
95567	1
575710	1
28387691	1
259887	1
8182278	1
14001325	1
2076883	1
2691775	1
49100086	1
16832598	1
20198225	1
3169605	1
21629382	1
50255	1
292965	1
4127860	1
1659080	1
13150787	1
1969795	1
39217	1
10872731	1
3414703	1
138224	1
830156	1
1767262	1
15682765	1
4458318	1
3219019	1
3171449	1
14530445	1
2305118	1
556750	1
2833844	1
12069472	1
33507118	1
501060	1
8549526	1
34994132	1
26867844	1
275686	1
3419343	1
11533011	1
14679905	1
15992520	1
128167	1
17873637	1
14761998	1
17326786	1
40587121	1
2796072	1
57848	1
22722865	1
1364573	1
4215710	1
1640969	1
22250959	1
165527	1
2629407	1
3677047	1
31681898	1
13718521	1
14982748	1
2219711	1
15894970	1
31528558	1
260700	1
15775505	1
11368674	1
27617626	1
1584685	1
137615	1
32086807	1
1141127	1
3416327	1
40771888	1
813075	1
26328774	1
801425	1
38030731	0
2218505	0
4394695	0
4104740	0
28245273	0
12734576	0
6702360	0
1860361	0
5381415	0
6041655	0
13133657	0
17757592	0
41190931	0
23018640	0
2100526	0
8044314	0
25015173	0
33705743	0
33394989	0
2095101	0
16880745	0
16788487	0
26207188	0
19078618	0
32599350	0
43101951	0
2182993	0
83874	0
15299609	0
6123971	0
21087682	0
16164	0
4673834	0
46637194	0
3361912	0
5735737	0
16183550	0
44283	0
48693610	0
6826197	0
2616336	0
10736857	0
18766380	0
19319736	0
22614637	0
36584185	0
10085216	0
10613292	0
6311003	0
23518441	0
116542	0
1710916	0
6731130	0
7768675	0
1442734	0
14806022	0
23790096	0
5315663	0
3074047	0
47323704	0
898821	0
12365330	0
45274102	0
1206147	0
8589453	0
4211867	0
81609	0
42640113	0
6263572	0
11590152	0
23393465	0
31651828	0
36971757	0
654417	0
11975034	0
4763784	0
44538680	0
7588700	0
120569	0
12430316	0
1341050	0
9634279	0
6559651	0
33994197	0
13099042	0
10983614	0
30747130	0
1339265	0
12876328	0
2290429	0
36100381	0
3363446	0
7900314	0
7826311	0
18441298	0
17925018	0
2999735	0
39892565	0
48031065	0
18943807	0
823328	0
3384153	0
10115129	0
48346046	0
12977935	0
11985280	0
33430165	0
2269607	0
4924621	0
18409224	0
40983109	0
29315067	0
33003359	0
6008607	0
15000655	0
21789166	0
3081337	0
3482662	0
10442539	0
24557403	0
34877245	0
31505742	0
1539855	0
4704038	0
2829213	0
36415866	0
22560729	0
18236352	0
41545	0
24830471	0
22964741	0
17279958	0
30002005	0
1226062	0
5595403	0
17747666	0
15788468	0
10612338	0
2051313	0
39296737	0
21872046	0
370223	0
44354466	0
21253328	0
25412426	0
44845864	0
5986028	0
7399353	0
48507200	0
16436485	0
18706674	0
1618505	0
3995113	0
5268312	0
19742427	0
2023218	0
4994295	0
7016618	0
2799705	0
2714905	0
32519228	0
29340353	0
196705	0
267452	0
3910042	0
41360897	0
2019803	0
9514917	0
13849848	0
22144703	0
6015388	0
9897192	0
1698011	0
32854616	0
113780	0
28255477	0
415070	0
5261509	0
28355047	0
31156797	0
1002173	0
6240384	0
14275843	0
3215752	0
11684798	0
41920463	0
7775966	0
662500	0
44281129	0
5498774	0
503116	0
20609109	0
18755275	0
17202593	0
6058455	0
12811424	0
41687138	0
15963928	0
4466257	0
12714295	0
7815822	0
43435892	0
9847000	0
5105574	0
4698307	0
20604354	0
41501	0
10978417	0
1819957	0
4414200	0
28648207	0
3050854	0
6359085	0
28788999	0
6043033	0
995510	0
3943172	0
254416	0
13290874	0
2561423	0
2046772	0
36614401	0
7921604	0
9211082	0
1789793	0
6823052	0
2584442	0
1762181	0
25304227	0
110385	0
32658472	0
40463181	0
757414	0
12425487	0
644559	0
3440480	0
841880	0
25098942	0
19743387	0
3233890	0
665305	0
13325774	0
40085200	0
8064322	0
45464625	0
12724011	0
44333207	0
40715333	0
24644407	0
27557178	0
10131227	0
11042627	0
28612847	0
34300342	0
5168706	0
178355	0
699277	0
6539149	0
3865791	0
6736338	0
2928050	0
28005381	0
12212827	0
20924511	0
3662295	0
839232	0
32180795	0
8720749	0
10847089	0
15259160	0
10553743	0
43605355	0
13500997	0
3041372	0
40545986	0
17824778	0
23199270	0
19090363	0
3200276	0
28001237	0
12272313	0
34136699	0
6359	0
7314487	0
1857284	0
15039622	0
3937364	0
27428658	0
1986237	0
42918156	0
4521904	0
86735	0
2877538	0
28968958	0
1527960	0
3939158	0
4121541	0
339605	0
41756923	0
12645382	0
3231413	0
45630001	0
1274383	0
9348960	0
38361695	0
457719	0
903965	0
18632176	0
43536808	0
1459696	0
29495884	0
13312820	0
22743113	0
6706765	0
3928062	0
45425050	0
1976205	0
288059	0
6078985	0
6045590	0
41365626	0
4078922	0
3878219	0
25057500	0
22615163	0
22512675	0
36820845	0
41466731	0
1806866	0
21241699	0
227918	0
31653650	0
36743068	0
7806287	0
19661986	0
1442916	0
3368854	0
15063606	0
12696433	0
2175309	0
19513703	0
4363547	0
4264418	0
5239579	0
516559	0
17705008	0
2459777	0
14009121	0
8397262	0
23466686	0
21110848	0
32545256	0
2300779	0
25796873	0
6245057	0
10855945	0
44986033	0
10678976	0
26357512	0
10420426	0
5383061	0
7877689	0
29578913	0
121472	0
32719789	0
1789056	0
22791452	0
1209058	0
11850894	0
34820739	0
37120722	0
8911696	0
6896611	0
48581966	0
39084463	0
6719657	0
2854945	0
27789295	0
30863609	0
6635296	0
27965103	0
4891537	0
7927308	0
47538503	0
2452433	0
37159274	0
12988419	0
35008916	0
5393495	0
1585037	0
909641	0
11158259	0
1522372	0
133186	0
15809930	0
1931863	0
168639	0
33874160	0
2007915	0
5405055	0
23808849	0
4724018	0
2937694	0
16484878	0
11279986	0
24334114	0
18112374	0
26354921	0
2927534	0
13403862	0
4949376	0
2236503	0
8714769	0
28954946	0
11518001	0
6917782	0
17533332	0
5201138	0
13063147	0
20595272	0
34629558	0
6581831	0
24747631	0
1483257	0
3284161	0
238157	0
1938170	0
941989	0
12141194	0
42398817	0
40889061	0
11205317	0
7189876	0
3595758	0
5535378	0
35721112	0
20018748	0
2306352	0
6043365	0
1235922	0
3489741	0
864761	0
2904913	0
32642054	0
43080833	0
14398411	0
16090297	0
21697132	0
4560713	0
20270173	0
23345307	0
39839509	0
303688	0
1364192	0
25942751	0
6497216	0
35216964	0
41353438	0
12228300	0
669224	0
4015125	0
7727274	0
6578637	0
25758209	0
39685650	0
1083359	0
25757145	0
8680469	0
24730228	0
31373573	0
3233066	0
13994373	0
14263996	0
9201207	0
34289188	0
32008080	0
4960985	0
5430085	0
770277	0
1678553	0
39611376	0
25701608	0
21628599	0
6219589	0
267633	0
28292088	0
25197816	0
36645711	0
18804589	0
29775381	0
4998072	0
585878	0
1065985	0
28323453	0
749393	0
25305801	0
46571530	0
8165774	0
11983369	0
8096621	0
