559202	1
5957536	1
633615	1
9927910	1
1676089	1
1106388	1
4830591	1
1316250	1
2707076	1
150436	1
12776738	1
1747632	1
189973	1
1606729	1
143486	1
471794	1
916913	1
24292985	1
35485536	1
2305772	1
842838	1
26298067	1
3944804	1
259609	1
8453516	1
561475	1
5618791	1
1606641	1
31270891	1
1099172	1
2362913	1
149522	1
11699362	1
3424555	1
11915588	1
11578935	1
7313151	1
873396	1
425777	1
128132	1
3028176	1
6855623	1
569407	1
33870205	1
57845	1
349709	1
4641	1
1002675	1
21228221	1
17094288	1
13714103	1
7110678	1
5590710	1
1963797	1
28195840	1
6376033	1
1024442	1
3509143	1
46954906	1
849305	1
931889	1
2341133	1
3239714	1
916786	1
11652	1
15542107	1
1573295	1
4360138	1
95618	1
415162	1
9387512	1
959209	1
13910645	1
3302501	1
1859	1
3842493	1
1399002	1
98089	1
4323397	1
27105943	1
21494452	1
1385721	1
8504909	1
466684	1
44751040	1
345429	1
2172844	1
473061	1
1398997	1
3301347	1
93828	1
916880	1
3842820	1
415686	1
42907063	1
498538	1
3683173	1
7930187	1
1606600	1
8949767	1
108795	1
114712	1
1417958	1
1215212	1
440414	1
344360	1
10454479	1
16256273	1
652550	1
540637	1
3254731	1
3783647	1
21122630	1
3654440	1
1401736	1
259819	1
128385	1
3030609	1
4104791	1
7106171	1
3335302	1
161628	1
127142	1
1470979	1
42488879	1
4380457	1
392637	1
128060	1
1391479	1
3840589	1
5771838	1
7053745	1
956343	1
131003	1
31510540	1
2886160	1
12361531	1
15641570	1
167975	1
540104	1
493012	1
373601	1
668715	1
3938763	1
4222171	1
128113	1
13062846	1
42536459	1
23743466	1
3702422	1
1090058	1
1292582	1
20104775	1
1825458	1
37242684	1
83341	1
6004425	1
6250346	1
17664280	1
18824233	1
1529248	1
28076869	1
22362969	1
1120314	1
386656	1
21996618	1
2376994	1
554717	1
34651856	1
4359562	1
5262193	1
23689048	1
3737980	1
3010563	1
49676	1
950611	1
199799	1
10332214	1
4168428	1
1726608	1
2152264	1
7763045	1
3032193	1
1399000	1
1392782	1
10388706	1
1606630	1
144152	1
3407611	1
3727985	1
59769	1
1881616	1
266720	1
2025030	1
14293230	1
15567468	1
1160709	1
29228903	1
6704536	1
7636861	1
1677724	1
3739935	1
36961810	1
37828893	1
12827271	1
3257727	1
19638987	1
147312	1
1385799	1
8452505	1
4181606	1
621711	1
1606596	1
10973174	1
1609674	1
42495425	1
450941	1
264853	1
1088623	1
28183126	1
1609420	1
189786	1
4501840	1
293089	1
1383241	1
8861509	1
2420869	1
95693	1
1111562	1
8453260	1
1936646	1
12363488	1
1405636	1
1461930	1
347073	1
2578177	1
333719	1
1382533	1
325586	1
1283701	1
17717873	1
23655649	1
2792038	1
14086505	1
8280128	1
3395137	1
30017808	1
8452130	1
30322770	1
206917	1
8906287	1
885979	1
22536926	1
4793429	1
7412727	1
8453287	1
7133324	1
902370	1
1382701	1
31291860	1
14921418	1
6279268	1
354790	1
29104267	1
381457	1
151682	1
7621567	1
891854	1
2059006	1
1609348	1
15263503	1
266955	1
654565	1
879508	1
2094777	1
127897	1
2486547	1
2550675	1
278006	1
5588867	1
1457161	1
9046393	1
7402648	1
2504250	1
4424260	1
1548632	1
3391834	1
127918	1
931805	1
85342	1
5064922	1
807381	1
368468	1
4237808	1
3488235	1
1165145	1
7756335	1
1208974	1
39520728	1
28744176	1
449053	1
12810676	1
4225643	1
3680715	1
1097407	1
13209000	1
545454	1
890860	1
15936074	1
4030769	1
28732023	1
133503	1
33825498	1
1428892	1
848475	1
7103544	1
17256357	1
3512794	1
2308091	1
1392756	1
3623543	1
10370082	1
660160	1
316977	1
5446041	1
1344223	1
2345	1
1215272	1
12077473	1
9695910	1
1963799	1
179313	1
1160623	1
1382823	1
1393080	1
1024738	1
37317130	1
3579827	1
34275425	1
3481839	1
142950	1
3054498	1
2196128	1
16748138	1
2991704	1
4258097	1
1412383	1
24132141	1
17126871	1
20211453	1
1378843	1
1383399	1
17541217	1
585576	1
1606791	1
12788262	1
32689467	1
3302086	1
8452391	1
128114	1
4041	1
32733956	1
125204	1
8180964	1
3480047	1
2305516	1
11551846	1
314995	1
15075323	1
1391472	1
38959130	1
13081257	1
125240	1
74804	1
12776846	1
22662665	1
1385603	1
53273	1
3228201	1
226686	1
2143370	1
33070317	1
1609653	1
27970679	1
4680413	1
9912691	1
30830760	1
28056677	1
2743987	1
1449671	1
691743	1
3140123	1
7334696	1
7121060	1
1375477	1
223595	1
355780	1
25468271	1
20889295	1
16301952	1
5814798	1
4802606	1
21627783	1
15916200	1
41415655	1
12307462	1
1710916	1
1722697	1
8507860	1
28303661	1
386761	1
1605657	1
2192848	1
190867	1
611907	1
2448678	1
2643024	1
2401011	1
1963801	1
2286158	1
8055322	1
5327766	1
310479	1
989845	1
1951287	1
28778622	1
10252823	1
1243649	1
42175302	1
1094662	1
25849888	1
451130	1
48964	1
46809004	1
1669702	1
1104529	1
3728967	1
1628379	1
30863793	1
79397	1
3128210	1
13753271	1
3369054	1
32810344	1
386460	1
1920216	1
8050839	1
2207297	1
252803	1
23733712	1
20885061	1
24186981	1
115947	1
219386	1
162691	1
1383378	1
17044663	1
28883488	1
25537964	1
10776445	1
4357819	1
23125706	1
1012619	1
505854	1
8549009	1
3681345	1
7189666	1
30875001	1
3152705	1
32981089	1
4357866	1
15969401	1
13985662	1
1624829	1
8452200	1
691975	1
27948617	1
1372904	1
30857456	1
839164	1
45331674	1
12110590	1
434178	1
68323	1
428809	1
591231	1
8452157	1
412740	1
216877	1
28190958	1
1104747	1
1609670	1
298606	1
976235	1
3436081	1
627765	1
2839727	1
6953554	1
5376885	1
1398946	1
22506864	0
9512971	0
9098894	0
33270965	0
4916700	0
150061	0
14181080	0
5233780	0
12142219	0
385397	0
33495119	0
3137849	0
32970993	0
4648930	0
10105270	0
4349270	0
1847989	0
37478950	0
32467545	0
10459425	0
4303329	0
6250430	0
39040015	0
3693040	0
4687454	0
31489936	0
18959902	0
3729919	0
15787371	0
124127	0
17884318	0
894528	0
2764501	0
9162728	0
1641216	0
1902649	0
14258497	0
25235212	0
4463442	0
6910166	0
27688748	0
26756367	0
35314392	0
17018792	0
1146961	0
57694	0
1641184	0
4949447	0
40344001	0
38827068	0
2775525	0
41075807	0
16044	0
1174374	0
27752058	0
13035523	0
123803	0
13259368	0
355112	0
8519352	0
23285328	0
2289772	0
1050277	0
37245304	0
23655516	0
27332249	0
4673011	0
21322143	0
24675151	0
5175136	0
18717487	0
1170383	0
20889861	0
7586871	0
761659	0
22423908	0
14646985	0
21308665	0
31913640	0
588318	0
37846966	0
163146	0
10158081	0
8589033	0
1533700	0
23446892	0
23450692	0
18416225	0
4458827	0
5800438	0
1255014	0
31579191	0
1981903	0
30652217	0
17687399	0
36976024	0
41769667	0
39678273	0
15346505	0
11129378	0
41325790	0
2150475	0
1178863	0
124439	0
134094	0
44506800	0
33127869	0
2547510	0
703415	0
27394345	0
15232114	0
13217542	0
41367108	0
1181447	0
37608096	0
441567	0
146155	0
34974464	0
31924291	0
8308224	0
8642448	0
25416893	0
9153862	0
21638	0
47896160	0
2867544	0
41225498	0
39952979	0
8094675	0
42673008	0
20971340	0
1959225	0
8016716	0
3406244	0
27369297	0
31211041	0
10124759	0
37409449	0
14437596	0
33799578	0
28018448	0
3313909	0
18547055	0
37489109	0
14067673	0
23996170	0
11653505	0
38895769	0
19890397	0
424445	0
15341595	0
12541729	0
20040	0
24946019	0
14309972	0
1503269	0
3069628	0
4853502	0
116110	0
42109216	0
5802748	0
36407163	0
8661992	0
6569935	0
22174690	0
390753	0
26250509	0
8438922	0
43004049	0
9347194	0
13584990	0
18394233	0
3747761	0
9424679	0
359952	0
197615	0
129673	0
13769623	0
20989214	0
4103434	0
27200975	0
32250520	0
1564103	0
27314583	0
12735174	0
20642399	0
2206318	0
9649515	0
3077122	0
1289381	0
6814182	0
20882460	0
287468	0
11350769	0
13290343	0
413402	0
4558426	0
1828812	0
863370	0
2737769	0
26956	0
28215981	0
4491611	0
32138974	0
732154	0
4211460	0
1670452	0
635632	0
1188453	0
8442625	0
10106316	0
18889066	0
4358778	0
346298	0
2440104	0
6508685	0
211748	0
28905687	0
9854864	0
27861895	0
5127856	0
42077098	0
5706227	0
33321586	0
4693569	0
96734	0
5454923	0
4277658	0
45576222	0
8810884	0
3657735	0
211098	0
753744	0
11018769	0
30997872	0
12253835	0
8491612	0
23236484	0
20631808	0
16037928	0
3539897	0
3787693	0
432513	0
7217769	0
15116118	0
2751251	0
3638408	0
1138873	0
18723433	0
2139624	0
13290599	0
10028702	0
5985	0
2093809	0
20186931	0
3392899	0
15392816	0
21202674	0
634205	0
12004634	0
1949593	0
25395618	0
4724269	0
27773	0
20428805	0
22265945	0
25921589	0
46437250	0
5999700	0
38620723	0
2406690	0
191713	0
7983272	0
197157	0
2992591	0
6171926	0
6717352	0
603115	0
21486297	0
7111256	0
32135443	0
2377490	0
14659878	0
13803397	0
378368	0
30865958	0
5008460	0
33134	0
11597271	0
206587	0
13776248	0
11326806	0
36799667	0
77323	0
26990128	0
42661509	0
3101558	0
19855655	0
7417280	0
42973120	0
87770	0
387578	0
11595285	0
7218650	0
32816761	0
530916	0
38304097	0
229925	0
1997943	0
2701247	0
5450221	0
8726555	0
115511	0
8819985	0
1195757	0
29633288	0
26158392	0
45466001	0
476425	0
13812044	0
35764248	0
34650809	0
5690239	0
31868061	0
8928479	0
16768260	0
6097565	0
545187	0
2986207	0
511979	0
20892785	0
2476805	0
31039863	0
2520424	0
15843930	0
20926377	0
1300635	0
28046145	0
24280997	0
396539	0
13432162	0
2901670	0
170704	0
6816125	0
1525770	0
21810897	0
21686845	0
4860689	0
31645017	0
9053115	0
24157552	0
38219802	0
32659534	0
46575350	0
3850302	0
6229369	0
979072	0
26205342	0
751063	0
27190343	0
39985750	0
29416092	0
15919173	0
15568071	0
26314840	0
5105020	0
14585002	0
62007	0
6552354	0
11828441	0
867760	0
1258804	0
7396436	0
1042857	0
9072851	0
867338	0
18518637	0
13340215	0
1369938	0
18480168	0
2584201	0
78640	0
13832997	0
19313720	0
8818164	0
553740	0
16087035	0
4170416	0
2182554	0
1992275	0
2987432	0
2644163	0
42038499	0
11128427	0
134055	0
18660099	0
9203120	0
2235307	0
3771851	0
38036541	0
659002	0
457281	0
145225	0
4118403	0
635562	0
8207303	0
12322571	0
3302028	0
1631451	0
745256	0
1056624	0
14695161	0
2495076	0
8951866	0
13947191	0
21093997	0
12758646	0
30480252	0
1056315	0
29581797	0
6954110	0
1574862	0
26488378	0
5682854	0
5614638	0
12310566	0
25564042	0
32168392	0
15444911	0
7721668	0
5803466	0
23236524	0
22262963	0
489375	0
24519830	0
45077910	0
19311542	0
38917716	0
5216	0
32369714	0
2440026	0
1500856	0
19010914	0
16045032	0
4180352	0
21133552	0
8099486	0
38130675	0
36965218	0
4150092	0
29356119	0
42540178	0
2250826	0
365154	0
42461227	0
31096957	0
41019560	0
16985828	0
28133020	0
13370737	0
30872193	0
21063338	0
1045414	0
3416	0
1812285	0
294127	0
21679543	0
11795855	0
4307850	0
8855157	0
2385362	0
13512004	0
26381767	0
7163	0
12553053	0
15134239	0
28739528	0
12228019	0
14671221	0
1937292	0
694237	0
5657065	0
2142373	0
833477	0
7716397	0
2021063	0
4431597	0
864918	0
1190612	0
1169481	0
27901089	0
4171405	0
7440514	0
444081	0
11839902	0
3625291	0
32599218	0
9077877	0
37101239	0
4361658	0
