4870547	1
3979535	1
840055	1
30875012	1
24206128	1
201602	1
3744766	1
9132	1
561084	1
31924	1
21523	1
685793	1
23624351	1
3545424	1
1341669	1
29724360	1
990029	1
1419791	1
28492	1
24890790	1
2477302	1
2337261	1
878892	1
12425	1
590461	1
3152181	1
29997116	1
502856	1
24477697	1
1510042	1
3006801	1
1469394	1
43501035	1
1642652	1
5006756	1
10671007	1
4782398	1
31030	1
2342829	1
581456	1
35742031	1
286779	1
22939	1
3281841	1
2650722	1
1435772	1
24472	1
10748625	1
372274	1
8862691	1
5908442	1
31319785	1
271777	1
4372285	1
24803534	1
31886113	1
46997561	1
844136	1
32283482	1
65319	1
44312	1
394047	1
182494	1
201460	1
33693989	1
3771372	1
2546472	1
1704675	1
4428002	1
25493244	1
487268	1
1772480	1
461913	1
1191222	1
2225882	1
16786378	1
1256913	1
2429024	1
2529498	1
4596172	1
4997821	1
2627520	1
1744033	1
3528299	1
303330	1
1201875	1
797114	1
178835	1
38443580	1
1243658	1
3855991	1
19372100	1
2508131	1
2974043	1
137998	1
5007829	1
18638636	1
8098431	1
3553211	1
3338779	1
2799016	1
76772	1
18996620	1
5762568	1
26573	1
9134651	1
242165	1
12472014	1
6219624	1
19899434	1
30684602	1
1874233	1
2308310	1
31780	1
392734	1
20259869	1
457907	1
24541765	1
27856405	1
1842746	1
739334	1
29605875	1
3106470	1
30968392	1
3723030	1
12807	1
5700623	1
11847421	1
2492917	1
161240	1
16409815	1
3808336	1
938874	1
185081	1
9059729	1
5215154	1
1894394	1
12428020	1
522916	1
4831285	1
906754	1
537074	1
3880908	1
196020	1
1682937	1
171219	1
921055	1
113518	1
35587063	1
36948	1
24202749	1
3249989	1
33433	1
391928	1
634965	1
50345	1
10167196	1
2264839	1
311673	1
3446835	1
184179	1
36681	1
846251	1
22984	1
5949420	1
886893	1
30865052	1
2503308	1
2852431	1
1234645	1
25140	1
30299	1
32747377	1
4778975	1
3624589	1
2418357	1
646434	1
198608	1
33674101	1
4655073	1
56126	1
25237685	1
5192444	1
15940798	1
174685	1
1596378	1
14938700	1
239680	1
9307584	1
107722	1
35230126	1
709419	1
16243	1
2594515	1
8262427	1
40486021	1
322604	1
36885	1
1155923	1
252905	1
172088	1
1579398	1
24353804	1
542511	1
7867682	1
62028	1
536876	1
21320535	1
521165	1
26743095	1
4608529	1
13289845	1
8997166	1
7880226	1
44379481	1
9007827	1
3528095	1
389667	1
1607852	1
2082947	1
1346104	1
33126	1
90216	1
8896908	1
858295	1
9817967	1
2006208	1
2218181	1
608858	1
41005204	1
997318	1
176157	1
183048	1
210894	1
8736884	1
327351	1
1984909	1
160640	1
376619	1
102054	1
861770	1
160084	1
35794272	1
622961	1
3341704	1
7265606	1
5618625	1
23941382	1
1753727	1
30779942	1
1035941	1
44066770	1
2918019	1
2190242	1
916602	1
6302786	1
399085	1
4265819	1
16986	1
48853	1
952410	1
10978773	1
441835	1
19149108	1
6861325	1
6585780	1
876459	1
202171	1
163154	1
2189796	1
31217	1
351008	1
4453260	1
1828447	1
25166191	1
44993	1
1832623	1
47946	1
8600139	1
22803934	1
47202258	1
4525293	1
24455494	1
907962	1
2636452	1
75124	1
1917241	1
23738907	1
1795679	1
641076	1
49532	1
863470	1
89340	1
30273	1
162162	1
22434448	1
345439	1
2841756	1
248309	1
17253	1
2375439	1
11638	1
19750157	1
167910	1
28247149	1
10105177	1
1970267	1
218873	1
645268	1
1354231	1
586015	1
10063201	1
29123	1
499759	1
1027852	1
748018	1
191460	1
305752	1
743375	1
2056516	1
20517893	1
583875	1
605116	1
2909	1
53837	1
3905270	1
1095792	1
857605	1
26255613	1
9332	1
2502968	1
9395349	1
276115	1
180263	1
6190706	1
472610	1
2247803	1
23752030	1
2493	1
1724410	1
4915377	1
378695	1
8540560	1
27850	1
169290	1
11160482	1
54030	1
27267341	1
24140	1
399927	1
2592809	1
8053013	1
24879097	1
8926983	1
13513429	1
33263	1
1756405	1
2612765	1
42069	1
2508110	1
17006701	1
12057519	1
1460998	1
631159	1
418411	1
488730	1
11958	1
21737745	1
36176091	1
1308474	1
18932682	1
33665537	1
48755	1
3808074	1
11099285	1
5722046	1
5209493	1
19750605	1
988821	1
5545040	1
25395428	1
446783	1
287748	1
803249	1
12212461	1
22628487	1
31140	1
949737	1
303951	1
5612703	1
85631	1
42517078	1
7161677	1
22336051	1
38876872	1
585614	1
176927	1
465891	1
5465599	1
4797873	1
6477792	1
2462617	1
1351313	1
5519399	1
876028	1
1637053	1
6344316	1
2407567	1
10355056	1
48649895	1
1680392	1
928134	1
25799601	1
25936021	1
2978519	1
81284	1
2139512	1
3071432	1
13595975	1
8113182	1
19413527	1
1287142	1
164378	1
4459966	1
23943388	1
1032415	1
11650390	1
240951	1
490139	1
188103	1
44883	1
2008100	1
8930	1
35159355	1
282641	1
15088	1
896823	1
2316962	1
2460040	1
34766861	1
6832515	1
16191273	1
1275719	1
975903	1
1715005	1
3185806	1
12837648	1
3466160	1
27654149	1
14553883	1
4379	1
548981	1
1298601	1
1953928	1
8928586	1
22758678	1
1981181	1
15631058	1
23304969	1
3261350	1
207573	1
2956315	1
39230980	1
1266475	1
3431522	1
205802	1
1495704	1
80335	1
6596	1
39645087	1
9209	1
637161	1
7616756	1
6704675	1
1574007	1
1533342	1
1415432	1
434873	1
3964529	1
5154133	1
3528106	1
356244	1
1578710	1
3931076	1
559451	1
662267	1
3075768	1
9133519	1
575822	1
28376088	1
22483	1
750028	1
170581	1
311432	1
15871598	1
1700594	1
11989071	1
1827138	1
7118436	1
3390066	1
7403310	0
3621814	0
39635249	0
21901706	0
13161583	0
1181803	0
4071483	0
19426424	0
13548705	0
3855867	0
8665210	0
3446674	0
358363	0
612293	0
1967507	0
4426734	0
1877235	0
24053488	0
7622383	0
5014214	0
37551007	0
6604286	0
110408	0
44422008	0
1359182	0
7670475	0
151180	0
34154485	0
5519230	0
23814141	0
23486253	0
5462904	0
33437295	0
3993106	0
37917612	0
6493480	0
18294129	0
48425705	0
42028046	0
30550805	0
6171967	0
36236671	0
41151113	0
1254097	0
310811	0
106560	0
215289	0
17209732	0
13388684	0
2765312	0
21499777	0
22786104	0
26271488	0
17556478	0
1429201	0
9138199	0
130334	0
13408981	0
361685	0
158365	0
30336596	0
973686	0
30398290	0
14347442	0
10351370	0
408593	0
1695329	0
10710642	0
1520717	0
6801261	0
47357237	0
3164380	0
3612126	0
38950900	0
4775800	0
1367038	0
15829737	0
3648834	0
41125384	0
18569068	0
3869014	0
10536702	0
33448934	0
13780351	0
30425805	0
12803721	0
2214701	0
24422963	0
489570	0
17421419	0
2487326	0
6702238	0
32112549	0
6032329	0
4134582	0
9128888	0
13361240	0
5685694	0
18675516	0
36651847	0
5556301	0
33891099	0
7098215	0
30876722	0
2175967	0
44280999	0
16984483	0
22640051	0
20844679	0
12872882	0
1540953	0
47795505	0
11277013	0
1713163	0
17793551	0
33463827	0
3334072	0
21196779	0
47751129	0
39373540	0
37805586	0
30864466	0
9687353	0
8114626	0
11008024	0
32603760	0
3164025	0
4112069	0
43392077	0
40914078	0
2530202	0
5703717	0
22413280	0
2505331	0
12389685	0
13959039	0
3454487	0
4844449	0
1029185	0
3948124	0
35004496	0
45299888	0
2691049	0
36575333	0
11390912	0
29639987	0
2347980	0
2569267	0
15153041	0
9350671	0
12039548	0
30297398	0
31415601	0
6690249	0
2466509	0
1878002	0
14834958	0
25661840	0
33209287	0
1543858	0
5953940	0
7707575	0
39513931	0
24029573	0
4598990	0
18113137	0
35572786	0
11752920	0
2973766	0
7271083	0
43345047	0
19859	0
7747559	0
39643	0
10195237	0
24720720	0
41939398	0
34983325	0
3343882	0
18472890	0
1586046	0
26630148	0
24121593	0
23552248	0
841178	0
13519679	0
13017109	0
1982739	0
12556477	0
43275617	0
5326539	0
35369681	0
19672813	0
2075516	0
3026608	0
9329346	0
31908012	0
41303579	0
731025	0
9630347	0
21668197	0
396828	0
1625812	0
30864180	0
588384	0
3098774	0
3317491	0
65128	0
1098716	0
3132630	0
1269458	0
27034273	0
24852366	0
13902014	0
601293	0
540947	0
936894	0
9223972	0
28369355	0
4323464	0
14239785	0
120414	0
14137682	0
6203488	0
18317718	0
1164399	0
69216	0
1332106	0
23152872	0
49275952	0
981299	0
3384527	0
34957878	0
6093473	0
3239276	0
22110677	0
3025201	0
8154152	0
37462582	0
6751290	0
2600173	0
1662126	0
620929	0
7753099	0
728145	0
538589	0
7276078	0
12075981	0
66152	0
39777741	0
2518234	0
40085797	0
9267393	0
4704719	0
22292367	0
34558550	0
7885173	0
2214831	0
161392	0
1619364	0
10017150	0
5815282	0
23468262	0
9419447	0
828213	0
9715278	0
5721335	0
1108327	0
48717200	0
19104202	0
49407234	0
15160994	0
5111563	0
621960	0
19787737	0
31835742	0
2732083	0
24002629	0
39047884	0
18065369	0
201246	0
16052176	0
17687649	0
33871412	0
9977031	0
3116603	0
7037525	0
2289739	0
1449537	0
351385	0
5577582	0
34145879	0
41340863	0
396903	0
7045354	0
6377924	0
5952460	0
3149924	0
1451788	0
24388439	0
3719546	0
49329	0
579609	0
15162487	0
12448206	0
16410039	0
5701975	0
12441094	0
20625261	0
11263949	0
8167095	0
42727887	0
1935258	0
18351507	0
16442004	0
9569536	0
35139082	0
194890	0
130923	0
21943406	0
35912358	0
43200681	0
26158135	0
38842427	0
25170509	0
2452038	0
24799966	0
6290831	0
2221825	0
104660	0
37967909	0
17720544	0
15955237	0
359126	0
26149000	0
37159135	0
11009906	0
33464462	0
343975	0
18348856	0
8776587	0
1749670	0
8372162	0
17686126	0
9034271	0
47679685	0
841487	0
39310425	0
44890541	0
22616893	0
29411193	0
8347	0
9339579	0
3158402	0
1784405	0
17149612	0
1867808	0
9306813	0
1743227	0
635382	0
9229807	0
262334	0
5867648	0
5580336	0
8074231	0
38242124	0
15900637	0
46491041	0
1691208	0
5600700	0
1138120	0
7456438	0
35840082	0
2156532	0
41053727	0
44786291	0
45179344	0
3377817	0
4635179	0
5792420	0
26288082	0
1542863	0
642840	0
780423	0
2485320	0
5746373	0
603171	0
12446457	0
593931	0
19630660	0
29498333	0
362536	0
5918785	0
5489319	0
61999	0
29207150	0
15122123	0
1376812	0
2634344	0
2986631	0
16578156	0
2072108	0
5727697	0
40602748	0
25523335	0
708577	0
49425348	0
18004406	0
2585255	0
44212621	0
39640438	0
4824515	0
269979	0
19115724	0
353772	0
3510823	0
7557767	0
41872463	0
34933084	0
38271464	0
6720421	0
18833914	0
14759062	0
2036648	0
96406	0
28067217	0
84318	0
3925017	0
284482	0
705932	0
37974090	0
10147486	0
21455050	0
3355250	0
3603717	0
11583555	0
5960536	0
7002158	0
46947662	0
130532	0
17862707	0
5587405	0
7296174	0
43360537	0
5719246	0
4017618	0
2514076	0
17485867	0
110952	0
21937176	0
22669565	0
3413699	0
9673621	0
35667582	0
4469674	0
1997449	0
28365301	0
6592576	0
1705148	0
780229	0
12831667	0
238810	0
30210863	0
18325011	0
14519343	0
1019480	0
40968133	0
17651049	0
3537917	0
8129669	0
33354326	0
36785432	0
18284740	0
726973	0
3234435	0
874349	0
344336	0
16038233	0
24769000	0
23893781	0
5992128	0
23611602	0
295198	0
462620	0
67147	0
15593107	0
14843124	0
1095609	0
13929466	0
2568635	0
1423893	0
44732533	0
571523	0
947647	0
20870320	0
474370	0
40244613	0
17474207	0
19274898	0
1835654	0
