681357	1
18204800	1
17406708	1
7164911	1
875942	1
289453	1
7123933	1
653533	1
13535265	1
327144	1
203344	1
250089	1
40849008	1
641076	1
1241274	1
68974	1
178325	1
126956	1
851091	1
419202	1
2409455	1
155297	1
48845622	1
157873	1
11576058	1
2303763	1
713375	1
136690	1
1672151	1
37209927	1
28262473	1
27500501	1
1042690	1
147019	1
7941916	1
38570342	1
40526232	1
6259442	1
2483264	1
878457	1
152900	1
3055040	1
172824	1
28959409	1
880725	1
6060491	1
1420820	1
1027924	1
25490426	1
22209225	1
977873	1
3951182	1
178590	1
592189	1
1577127	1
966904	1
4017673	1
23980458	1
9001042	1
2783826	1
61853	1
1521000	1
28250588	1
1980563	1
1169582	1
304154	1
7285500	1
3433301	1
1221559	1
3883179	1
1151705	1
10075493	1
150749	1
159989	1
1593571	1
9621	1
3616863	1
502488	1
28174	1
391323	1
24422793	1
623136	1
415601	1
476913	1
155414	1
333309	1
35956811	1
238430	1
252088	1
2133779	1
517638	1
26503280	1
1627433	1
31235219	1
39261657	1
6744309	1
370607	1
44981523	1
63030	1
2097098	1
2671317	1
151606	1
364923	1
72979	1
863973	1
186828	1
13497858	1
916274	1
4050	1
22132698	1
135364	1
7188517	1
4039865	1
34853522	1
473526	1
2220159	1
1903893	1
2000369	1
576200	1
833615	1
1519876	1
630994	1
411282	1
10036999	1
3986138	1
6821714	1
828150	1
1529937	1
1347951	1
260072	1
163458	1
47398	1
199033	1
2619958	1
7479924	1
385771	1
337494	1
6795818	1
37807521	1
771997	1
3479688	1
286837	1
266946	1
682534	1
3947	1
8666299	1
385597	1
260346	1
375732	1
6875948	1
7679983	1
39058	1
10648345	1
53764	1
52980	1
34606151	1
855702	1
10389717	1
22096495	1
3568876	1
1435859	1
12753168	1
173632	1
7687021	1
873396	1
3454142	1
951665	1
13811950	1
45505723	1
24071774	1
451181	1
1033005	1
278003	1
735606	1
653517	1
1519672	1
895086	1
2291047	1
43076	1
870163	1
842117	1
5001127	1
31676720	1
2635168	1
1345580	1
1722984	1
3146198	1
930108	1
666924	1
3383198	1
969010	1
321090	1
30876895	1
4552810	1
115856	1
4171	1
396249	1
285549	1
1390093	1
1716427	1
3956827	1
299461	1
1086295	1
4686150	1
1693071	1
474916	1
4246	1
287207	1
17089276	1
2640205	1
103924	1
11185352	1
207162	1
261755	1
29355524	1
10860342	1
835543	1
18933111	1
650383	1
179252	1
1216	1
160930	1
158982	1
1276637	1
35473278	1
53315	1
200357	1
2867737	1
715400	1
5053262	1
53338	1
1768742	1
151934	1
10571995	1
825761	1
3084955	1
2647669	1
8656796	1
1467086	1
622772	1
47818667	1
1554284	1
9856437	1
2489083	1
9127046	1
706903	1
3028235	1
204088	1
414163	1
26177360	1
298937	1
38748	1
8025613	1
1473469	1
43101951	1
1185963	1
57706	1
28134949	1
895850	1
20244459	1
7937572	1
4190104	1
220444	1
928266	1
26665456	1
477945	1
18011	1
6740822	1
24341	1
38170800	1
62118	1
4277371	1
10172085	1
422837	1
310141	1
1861489	1
288204	1
17243792	1
1594393	1
27670	1
1975957	1
8315	1
3895589	1
5989807	1
2276214	1
1255098	1
738178	1
9938007	1
10910320	1
332083	1
5023499	1
899044	1
6118150	1
1549788	1
602842	1
554361	1
39359616	1
21956036	1
36869	1
308816	1
1929646	1
496486	1
1158836	1
151043	1
98568	1
734120	1
233104	1
13962240	1
3517536	1
331693	1
454452	1
126989	1
1164449	1
297577	1
236104	1
1702651	1
10760014	1
336048	1
23067551	1
9327429	1
418809	1
2786160	1
877811	1
32807439	1
21960545	1
6280968	1
3609374	1
1817510	1
719464	1
458867	1
6874916	1
8224929	1
2403476	1
3533585	1
1085030	1
204760	1
4100461	1
2372588	1
796623	1
14128	1
1940126	1
1868752	1
54551	1
1303862	1
496799	1
716442	1
2148	1
10413526	1
28072269	1
23844052	1
1404668	1
370725	1
464282	1
6674238	1
234340	1
36206234	1
307316	1
7823484	1
5977314	1
3172922	1
46404939	1
251567	1
5037009	1
24956	1
7701773	1
2685813	1
308540	1
3916477	1
207724	1
5220425	1
200714	1
1802769	1
36633106	1
47359232	1
28964391	1
23522917	1
3721599	1
28150545	1
9166322	1
2634842	1
923156	1
3360216	1
957684	1
3508866	1
171446	1
2781106	1
68064	1
315859	1
359720	1
2622058	1
8423000	1
1334983	1
2572031	1
24631945	1
587855	1
3628115	1
44279592	1
1138777	1
1516685	1
3066843	1
3649140	1
140488	1
10249118	1
14429750	1
3414761	1
1147061	1
5733263	1
3077174	1
25942540	1
2730646	1
2515671	1
34480151	1
169917	1
474176	1
194065	1
1886803	1
22118991	1
33737256	1
2262255	1
7263885	1
2713320	1
251561	1
895431	1
4980758	1
947371	1
2161254	1
21423623	1
248946	1
1067978	1
2217991	1
2028221	1
1282836	1
40751997	1
296379	1
39566835	1
1391565	1
3884463	1
75960	1
5000320	1
496403	1
3078466	1
39588052	1
1173571	1
41902	1
8517544	1
1137983	1
7428627	1
450281	1
643753	1
145641	1
359037	1
1560158	1
48160971	1
25021938	1
889233	1
429743	1
47862930	1
536679	1
11526405	1
2721803	1
38501249	1
101365	1
29970	1
3302336	1
256010	1
1618108	1
10718631	1
3633306	1
206518	1
22419013	1
2784208	1
26578033	1
15911042	1
4279839	1
30075666	1
888373	1
20647937	1
1471792	1
14452706	1
1533700	1
487944	1
1691989	1
2289459	1
7067250	1
19630660	1
39394189	1
2540500	1
9333974	1
5973624	1
2929951	1
1611202	1
1929258	1
7900314	1
31729737	1
118461	1
23893058	1
299121	1
468552	1
3501822	1
1996276	1
7668775	0
11035124	0
12429488	0
132282	0
3989417	0
10022163	0
6720464	0
12676911	0
10835886	0
32865441	0
924954	0
135952	0
21229150	0
7571807	0
6704554	0
4679719	0
12734880	0
1953606	0
30083404	0
47350249	0
2913658	0
31747947	0
3647424	0
40818918	0
20997079	0
8947279	0
1350768	0
11876631	0
34782875	0
25711672	0
22145218	0
7008276	0
33799140	0
5129693	0
5806759	0
16987693	0
6840868	0
43539447	0
6550843	0
19172617	0
30503367	0
4587440	0
38004919	0
682463	0
3955150	0
41741590	0
37384568	0
33383755	0
26005215	0
6346766	0
22479844	0
23673101	0
3730473	0
1765621	0
16029489	0
39812904	0
13637061	0
9273804	0
135323	0
4022058	0
8908914	0
1457065	0
14699992	0
951112	0
4232800	0
3143516	0
5253369	0
4228136	0
4413486	0
6543478	0
5900312	0
23979193	0
115934	0
35535125	0
1193184	0
17570455	0
39104960	0
32096327	0
6500050	0
24591094	0
3760156	0
1465393	0
17028073	0
23580294	0
1719477	0
4546224	0
130074	0
10309361	0
13061644	0
21798797	0
3646260	0
10517461	0
30864442	0
503128	0
3218387	0
7256939	0
3990306	0
43956	0
33046294	0
7391469	0
36125215	0
14631658	0
629421	0
342319	0
91547	0
96340	0
23206987	0
1722127	0
26653456	0
1884172	0
14357224	0
7706514	0
3512281	0
32655731	0
5390943	0
38053148	0
37814643	0
12571058	0
415326	0
17137274	0
26004452	0
9821630	0
30488471	0
4076973	0
25774759	0
33423310	0
22340848	0
2889155	0
28516894	0
7874467	0
5703990	0
27038016	0
128671	0
27302829	0
23336779	0
15322902	0
8934769	0
14156006	0
44471119	0
26639017	0
40233418	0
25384260	0
35220510	0
12762239	0
4744548	0
121213	0
37695439	0
29691689	0
150948	0
504327	0
20117186	0
8874779	0
29250974	0
2593092	0
12159223	0
186252	0
20788109	0
13845251	0
10682002	0
35475279	0
9057341	0
4034818	0
33313785	0
111349	0
9014282	0
1351528	0
451633	0
2021728	0
37702841	0
1013123	0
3456698	0
20138841	0
3098997	0
6477532	0
4369894	0
2659685	0
8187871	0
2214175	0
6562187	0
1164945	0
18907055	0
21998049	0
2466102	0
365090	0
7893660	0
2755235	0
3622756	0
3452765	0
6716956	0
3806482	0
1701611	0
31688344	0
8887248	0
25010841	0
8512749	0
42164986	0
3749008	0
22571961	0
6706245	0
1161343	0
5079984	0
1708114	0
3197494	0
40403403	0
9167153	0
1470549	0
755747	0
3184267	0
10965663	0
6628929	0
13667551	0
1414863	0
8139762	0
13692029	0
17175242	0
328123	0
17737181	0
3294615	0
6514203	0
121796	0
21678580	0
637027	0
1485520	0
31694945	0
450101	0
3759346	0
6325506	0
2200896	0
31553419	0
2064125	0
17467284	0
8753840	0
33727665	0
17004562	0
1938347	0
4934678	0
5583049	0
961147	0
16013256	0
2206964	0
29210472	0
29452010	0
2440837	0
46894539	0
20952961	0
43371565	0
7849254	0
6232242	0
18768922	0
111665	0
4114271	0
16886412	0
27370309	0
9783345	0
9381228	0
16349349	0
9455164	0
6344884	0
47079059	0
8121815	0
6034251	0
6046649	0
14745103	0
8909542	0
3944591	0
38148503	0
6007618	0
2798759	0
3510714	0
42442998	0
3005358	0
41534100	0
18660323	0
34857293	0
15097670	0
22569687	0
296927	0
13931416	0
12925374	0
27260284	0
2578556	0
43958448	0
22366924	0
2495068	0
1121359	0
42574795	0
5671942	0
2938376	0
20086025	0
21381301	0
13138255	0
41778424	0
8459479	0
20956991	0
11310190	0
14411770	0
17127766	0
7816458	0
3025488	0
10865345	0
26666724	0
37194622	0
7134234	0
5876215	0
14254453	0
3418371	0
19108413	0
203421	0
2176085	0
1410185	0
30164858	0
2371045	0
126285	0
3720655	0
4445572	0
27953778	0
10317230	0
1231662	0
18011686	0
7856280	0
3155969	0
1745339	0
48705535	0
1368122	0
14234344	0
2337516	0
7210774	0
2501297	0
18799546	0
25170788	0
42536193	0
27536894	0
4707270	0
7954789	0
32714200	0
43043869	0
2080665	0
27748345	0
37266080	0
21798714	0
27064	0
5802590	0
13335233	0
3527252	0
484849	0
16550685	0
21888437	0
40389795	0
43008352	0
25465699	0
1269334	0
12478068	0
45599942	0
1419207	0
16318977	0
7168480	0
48884619	0
15323681	0
40127505	0
21085128	0
448101	0
16078069	0
44621250	0
42972471	0
2472690	0
22945964	0
6168828	0
39773099	0
38189816	0
7651503	0
2526781	0
22002704	0
4325282	0
15917297	0
37695192	0
16106798	0
45403156	0
21387306	0
35706302	0
35903624	0
12516938	0
517128	0
34372386	0
20695765	0
29100093	0
38222362	0
126797	0
6981295	0
11272870	0
12948112	0
18530462	0
22248700	0
41936323	0
20722770	0
38091765	0
31759637	0
39922030	0
2772742	0
10970937	0
4162711	0
34445568	0
6418615	0
1527191	0
4720855	0
26797427	0
11236837	0
13297472	0
20678023	0
11039437	0
5453118	0
11978087	0
5451546	0
197445	0
25746852	0
18894890	0
1331116	0
3383474	0
21440408	0
532363	0
9009027	0
39652036	0
12532641	0
5942110	0
94695	0
33270624	0
12599913	0
32654989	0
6135826	0
6760520	0
12220213	0
36595500	0
2078495	0
729910	0
10893234	0
6703670	0
30656265	0
5722703	0
20190007	0
35983261	0
2907024	0
503007	0
893573	0
10879478	0
131104	0
19658079	0
515579	0
23107064	0
23573205	0
7504988	0
11572053	0
4674859	0
654626	0
2392741	0
4617323	0
111172	0
34517073	0
6432952	0
31664813	0
25198681	0
27501656	0
18545016	0
15227505	0
2963758	0
12378839	0
22318104	0
3169580	0
49474500	0
5304432	0
111494	0
8628399	0
944408	0
493608	0
3038343	0
15743900	0
32516496	0
17974705	0
20965561	0
18030899	0
12370136	0
13785186	0
9590790	0
9973267	0
320496	0
7649238	0
3346864	0
17713427	0
43588864	0
5860596	0
9976601	0
2620115	0
31355190	0
22975991	0
35818802	0
44255607	0
7634981	0
9822235	0
15862505	0
6446285	0
27700130	0
26730877	0
