28722652	1
7527410	1
1519282	1
8076047	1
3696098	1
102227	1
2688225	1
13224537	1
7296497	1
7490577	1
2578407	1
1986440	1
29478049	1
5830148	1
2296495	1
11458553	1
289574	1
2064204	1
23802238	1
241693	1
35219333	1
400341	1
19399574	1
2153942	1
431270	1
15649055	1
117027	1
36280397	1
5920705	1
9201250	1
31341817	1
4451529	1
36487746	1
7814047	1
1390928	1
1437105	1
2466665	1
1313780	1
1675274	1
3033274	1
712268	1
3081428	1
3992189	1
23294236	1
38858753	1
26894230	1
1240321	1
502236	1
4020100	1
2036797	1
268802	1
559703	1
32696472	1
14990816	1
4064397	1
145609	1
17401553	1
16733093	1
165892	1
2666202	1
153381	1
12978991	1
1668796	1
2985122	1
1569516	1
4492557	1
33448844	1
39739907	1
25587234	1
11041824	1
3189691	1
4758925	1
3263213	1
1987945	1
708575	1
1684338	1
560856	1
5611515	1
39532710	1
4052805	1
12085886	1
5580661	1
7468841	1
4530633	1
35502373	1
464774	1
2821431	1
905485	1
2413258	1
640421	1
708028	1
1838820	1
843342	1
3558434	1
1327430	1
8283137	1
3863361	1
7820596	1
6083772	1
7883815	1
560564	1
3439899	1
22267479	1
2400582	1
4486897	1
18265201	1
2275605	1
2427736	1
6051497	1
503015	1
874376	1
1006184	1
13443952	1
13374933	1
6790760	1
15965442	1
21224573	1
220754	1
713998	1
22349942	1
2705197	1
892121	1
2817060	1
2780806	1
12277090	1
6312442	1
7695527	1
6286470	1
4532265	1
6765633	1
2284441	1
46597174	1
8595107	1
891142	1
33033430	1
13920465	1
2154164	1
903662	1
2254499	1
39575782	1
5489098	1
8332984	1
42928634	1
4105258	1
1614026	1
1436238	1
1172555	1
18313603	1
23372339	1
5688364	1
32466744	1
11218122	1
1265027	1
1663643	1
4096135	1
10462017	1
15801404	1
87679	1
9767954	1
2375300	1
29611959	1
1186586	1
29619840	1
2488350	1
13622947	1
23275402	1
1868641	1
4961511	1
4029059	1
45680658	1
12974506	1
21333198	1
2284491	1
1128928	1
12499590	1
624022	1
19121153	1
12010178	1
27854219	1
680466	1
1314481	1
1225212	1
21955449	1
5180456	1
14368773	1
25817132	1
30749787	1
2230767	1
1418682	1
10819217	1
147632	1
23346023	1
1079639	1
1409304	1
2203319	1
2359760	1
160773	1
33387322	1
491851	1
19472261	1
1743045	1
17226837	1
12457654	1
3095455	1
7271717	1
1963462	1
17501245	1
524062	1
5181889	1
12158074	1
7386841	1
8463375	1
535098	1
3857472	1
7896715	1
44177021	1
146702	1
721708	1
7296099	1
4614160	1
28801400	1
11234139	1
502379	1
20056781	1
2384735	1
273107	1
31974979	1
664203	1
2141440	1
5969683	1
2151449	1
328997	1
2228310	1
468930	1
1004868	1
3754957	1
1159193	1
7492355	1
103191	1
926299	1
1963738	1
21868650	1
2364663	1
3972350	1
708004	1
5984785	1
22679	1
569388	1
2091985	1
2492542	1
179938	1
38931903	1
41089034	1
2148966	1
1228194	1
142554	1
2203995	1
31353264	1
390804	1
2401525	1
1415008	1
2828863	1
5772295	1
8642397	1
6551966	1
4887698	1
12539156	1
12760940	1
5497876	1
8735947	1
3060673	1
14513042	1
20336556	1
4416161	1
1738936	1
7157459	1
3423806	1
2253328	1
1645718	1
5379467	1
8845984	1
25357273	1
8747629	1
8624576	1
2318578	1
4644057	1
5743897	1
43075044	1
1304259	1
29869855	1
17318064	1
14926442	1
2352233	1
341975	1
376545	1
4881647	1
1683880	1
115623	1
2259503	1
5509419	1
2009409	1
313890	1
34017987	1
270737	1
617678	1
5817277	1
482051	1
9960731	1
30125402	1
517733	1
718107	1
337031	1
564131	1
1081594	1
6957735	1
109433	1
1016395	1
3658038	1
2567884	1
3502779	1
3716338	1
1417725	1
33437324	1
3201367	1
10390162	1
1139345	1
35004512	1
883594	1
18143787	1
2426874	1
8502901	1
1646497	1
13342300	1
584567	1
1798101	1
14146252	1
123372	1
5329450	1
418611	1
5005244	1
1305745	1
2274392	1
876542	1
2421213	1
3095197	1
2650315	1
13313893	1
1664150	1
20970635	1
2989008	1
13000182	1
750772	1
9195107	1
2604089	1
11181523	1
5886858	1
1570877	1
7121840	1
29491261	1
1198926	1
1448406	1
22492830	1
1441720	1
3069459	1
7487254	1
2208070	1
20057258	1
16417876	1
2700167	1
30471238	1
959422	1
938056	1
37983331	1
672448	1
4093190	1
14665690	1
3196456	1
2534431	1
22206809	1
1423452	1
3763733	1
876098	1
8797586	1
23521879	1
37702597	1
17948847	1
50568	1
3885715	1
2797380	1
6077157	1
42523685	1
36094146	1
40973622	1
17736081	1
187495	1
1399844	1
3106424	1
38367432	1
6245579	1
10625133	1
11217377	1
1410436	1
1305818	1
198690	1
1381064	1
12883571	1
34043436	1
2894104	1
7001983	1
1063712	1
420821	1
2844250	1
18448485	1
4075077	1
15316871	1
4144303	1
695961	1
2384404	1
1726636	1
8593578	1
20702292	1
9715312	1
2294688	1
1209281	1
563649	1
3641553	1
29832392	1
1584431	1
3188542	1
3305728	1
1917118	1
569944	1
7276300	1
977329	1
1861473	1
45553240	1
6472379	1
175553	1
2663380	1
311747	1
2811952	1
27793805	1
853444	1
8026745	1
6342502	1
1072785	1
1260026	1
1714791	1
1546393	1
52239	1
1630850	1
9082267	1
6287830	1
711881	1
1314293	1
4544401	1
2426149	1
3823706	1
26277151	1
4628322	1
10586843	1
3310160	1
5982930	1
6592153	1
23311832	1
2741757	1
956200	1
12901997	1
2572715	1
5083567	1
2319383	1
6515781	1
4125275	1
912232	1
34520866	1
41268584	1
1764358	1
2315898	1
635451	1
771970	1
3350168	1
3807109	1
3170762	1
46423356	1
8151120	1
5668781	1
39970865	1
496378	1
9399439	1
401805	1
13430771	1
126923	1
21987338	1
46434142	1
60340	1
3206841	1
9282	1
31357055	1
657945	1
6494328	1
6018749	0
14666153	0
1821759	0
1415444	0
16064040	0
20617575	0
41713873	0
25759338	0
24199	0
9772114	0
8682655	0
6522682	0
23775587	0
1144293	0
20455422	0
44104237	0
22326775	0
45046168	0
7381098	0
1163829	0
5791990	0
16553045	0
42661048	0
32149939	0
36729328	0
6087276	0
13867737	0
6828811	0
8188509	0
5048075	0
5347517	0
3271530	0
46841069	0
2992214	0
9462970	0
2910744	0
10078723	0
32147315	0
1375955	0
25330855	0
9884243	0
48984926	0
4957640	0
41746015	0
5650786	0
7527779	0
16375921	0
35754374	0
32757279	0
39239115	0
32869832	0
4996502	0
36898900	0
3874550	0
1342924	0
36875004	0
1765621	0
42056156	0
24574438	0
2726702	0
29288259	0
2545717	0
15540836	0
17239465	0
22418330	0
1779598	0
16863574	0
33610737	0
40068418	0
7252291	0
806323	0
3264430	0
23784767	0
13751656	0
42500520	0
175191	0
25862938	0
12540143	0
470833	0
603569	0
18113000	0
17687304	0
6715323	0
27034494	0
3272445	0
16290940	0
27443919	0
6332029	0
8264562	0
39410574	0
32689479	0
7132452	0
2572668	0
386280	0
2445717	0
28847743	0
46762046	0
7644588	0
847349	0
29633435	0
6557376	0
17447655	0
34738804	0
2916625	0
17249360	0
41268192	0
39083821	0
20601302	0
2895874	0
15790444	0
4669588	0
6334108	0
7039969	0
5597806	0
39030902	0
11112098	0
1205580	0
196125	0
601601	0
13741504	0
1506126	0
11549401	0
37435135	0
591605	0
8201538	0
123645	0
21066883	0
322646	0
4007152	0
39607076	0
8010254	0
6014382	0
8671998	0
32251310	0
8314790	0
923454	0
4057114	0
27670573	0
3541686	0
7967485	0
12135849	0
9663052	0
20461884	0
12551036	0
33982836	0
6665806	0
29259063	0
4012556	0
4517212	0
42984110	0
42501842	0
5679509	0
19061760	0
9545191	0
46994060	0
12677752	0
42711727	0
427226	0
594295	0
6055590	0
878373	0
13035759	0
97752	0
91483	0
27227513	0
7082616	0
39499560	0
17162049	0
4486197	0
2205505	0
797775	0
20644103	0
16740345	0
31000243	0
15653894	0
423430	0
24241627	0
37842633	0
18271343	0
12825355	0
16867020	0
5746181	0
26994831	0
15201858	0
9448192	0
177268	0
3131532	0
5070887	0
35945449	0
775390	0
1991657	0
33192793	0
6999598	0
11663338	0
8478833	0
12212004	0
41339142	0
76893	0
267409	0
30268756	0
8859549	0
9231622	0
36484616	0
1026562	0
41481594	0
44154742	0
298546	0
2385901	0
8180054	0
1121653	0
26836546	0
1251593	0
7877234	0
2762955	0
43309098	0
41697103	0
5230709	0
7397637	0
1976029	0
39743064	0
3045064	0
36841020	0
27636601	0
1295153	0
2806128	0
5828055	0
39890234	0
9702464	0
34577910	0
35941157	0
35247584	0
1064313	0
1194772	0
2742331	0
36908738	0
1956955	0
274696	0
13188348	0
1832058	0
2886584	0
46506140	0
22439150	0
13618379	0
8434391	0
25472568	0
6154456	0
6024075	0
8517062	0
13902194	0
18607412	0
11231140	0
9007846	0
240363	0
216554	0
5222578	0
8524053	0
6259667	0
13623870	0
10004646	0
3543052	0
5874691	0
18298837	0
857765	0
844605	0
17401539	0
3724658	0
1243685	0
19852963	0
864469	0
732786	0
1468414	0
14727790	0
2429220	0
1174084	0
1312582	0
1442171	0
5231846	0
13428588	0
852431	0
28070275	0
5737055	0
37248416	0
22878934	0
32530176	0
2995660	0
6050245	0
18999187	0
2632473	0
2315912	0
3699508	0
21668963	0
6634052	0
21630955	0
6034369	0
18195037	0
6226790	0
15560240	0
35573969	0
4462675	0
42812413	0
1378831	0
4496872	0
3766229	0
38266601	0
5936777	0
11453269	0
7792565	0
2206870	0
20532610	0
11199438	0
1145683	0
25453881	0
12894538	0
13491863	0
5455810	0
25593468	0
14357055	0
19038673	0
18289436	0
9511559	0
239769	0
6822838	0
1189030	0
20524721	0
9537374	0
46749539	0
134736	0
20304486	0
18146879	0
23579119	0
1090605	0
3045203	0
30323221	0
8805105	0
128949	0
3173390	0
33167779	0
6989546	0
29032139	0
2173027	0
9405793	0
2318652	0
42103819	0
4059550	0
19107810	0
3558063	0
1442109	0
23185613	0
7887640	0
685185	0
6569855	0
7963355	0
210423	0
9008173	0
422806	0
21613382	0
33632435	0
915375	0
2226391	0
2736752	0
770184	0
43983443	0
22841459	0
38262156	0
15435	0
35797103	0
1998587	0
10936143	0
31978715	0
22531202	0
15585484	0
43962369	0
15463034	0
890048	0
40718940	0
27612190	0
34887331	0
6297025	0
9592635	0
1769850	0
34032258	0
7869288	0
1890045	0
21267364	0
11405206	0
35457775	0
40845058	0
6813608	0
24899456	0
35443200	0
3237660	0
112477	0
29410757	0
1212671	0
8269675	0
981065	0
30847265	0
4623376	0
8037955	0
18387270	0
15506869	0
14610505	0
39453796	0
9997441	0
1531632	0
13011132	0
5514016	0
2376579	0
124881	0
167633	0
19554217	0
39720015	0
868786	0
27712673	0
13302903	0
41435000	0
26966188	0
13959039	0
22110352	0
424251	0
12421683	0
53257	0
30475906	0
27207475	0
25449400	0
685268	0
1883202	0
30988459	0
2970064	0
3569061	0
6600896	0
23807061	0
4501424	0
6691851	0
131578	0
980128	0
7791992	0
14501954	0
10541613	0
7213860	0
1694041	0
1066462	0
34605165	0
1942317	0
33183396	0
22938476	0
40938038	0
1695393	0
39297021	0
18593261	0
21439313	0
14066992	0
25166452	0
28541702	0
14178755	0
2398469	0
1248476	0
20528383	0
4171268	0
10144090	0
559287	0
30859012	0
12978688	0
1496509	0
5590376	0
990012	0
7134127	0
2309356	0
2885829	0
12260258	0
33235573	0
5270667	0
1677653	0
13998264	0
24667082	0
25828814	0
36478910	0
5812844	0
2281382	0
43836064	0
4878076	0
1601728	0
4202317	0
17440934	0
754434	0
26415	0
230271	0
3439968	0
17648855	0
30990162	0
6769081	0
45268783	0
20728329	0
3919094	0
209918	0
4978133	0
111265	0
45667188	0
48726409	0
23846339	0
