666931	1
2700696	1
4509636	1
2875442	1
2549928	1
1448962	1
1883850	1
10161619	1
39307039	1
32446498	1
892372	1
1182779	1
8127358	1
24896876	1
1297946	1
5295617	1
11628628	1
2169748	1
36084429	1
640867	1
10101971	1
80664	1
7902283	1
39632254	1
22973164	1
36143323	1
974122	1
25154686	1
914787	1
7356077	1
23265103	1
306325	1
1124761	1
611348	1
1345190	1
978819	1
30865784	1
18112124	1
21511	1
1231799	1
33988490	1
24189482	1
11032767	1
2678262	1
289465	1
18755674	1
9472718	1
1685572	1
1047104	1
222828	1
673336	1
2786412	1
13090777	1
6165745	1
5820497	1
646113	1
1845321	1
2339204	1
2460	1
22675112	1
10952024	1
41248336	1
79791	1
38542733	1
2724169	1
16880343	1
1664460	1
7308053	1
264089	1
1344659	1
995462	1
6981777	1
83103	1
2016212	1
3263984	1
5129797	1
21061489	1
300306	1
234540	1
6365482	1
14125623	1
164426	1
7020278	1
5172935	1
1327710	1
392941	1
1198760	1
5155861	1
5676235	1
147369	1
22626620	1
1109490	1
16703413	1
1836539	1
3144	1
23751528	1
426486	1
2568317	1
9033910	1
991027	1
3731635	1
18540097	1
11181549	1
181009	1
4586538	1
2282102	1
739371	1
3083732	1
24340839	1
1861351	1
17580864	1
458133	1
2341786	1
6818067	1
43993173	1
4393201	1
400103	1
5340649	1
6333435	1
4863289	1
10607588	1
25079230	1
2627775	1
2329206	1
5905280	1
638032	1
19800047	1
34812391	1
8277275	1
333459	1
53486	1
7361306	1
7490642	1
1597457	1
42346302	1
6322771	1
406271	1
20718170	1
205123	1
39543987	1
170593	1
2737292	1
6587336	1
849273	1
284392	1
71849	1
3668138	1
3155714	1
1359184	1
2178976	1
425087	1
10263911	1
25536787	1
35076948	1
3534495	1
9094646	1
8635674	1
11999287	1
68308	1
9238511	1
14104662	1
1690463	1
82508	1
3222438	1
1734744	1
6633784	1
2771948	1
1790939	1
18356317	1
213238	1
1887932	1
12308789	1
233922	1
4214242	1
1665281	1
2281588	1
2246063	1
16946466	1
2916601	1
337743	1
22356677	1
4542308	1
3696726	1
639633	1
25211	1
19935123	1
43430583	1
15353513	1
1426102	1
1357371	1
28713435	1
17108989	1
95261	1
7683596	1
377627	1
5574019	1
2165055	1
2473101	1
9526283	1
1033785	1
704076	1
1986167	1
489322	1
2694757	1
3138939	1
14713754	1
18927668	1
3399380	1
24633688	1
5962318	1
209943	1
21774835	1
38725878	1
1789576	1
6294353	1
43949003	1
358576	1
676479	1
22477399	1
15248193	1
2636662	1
27475877	1
622498	1
14988188	1
5633632	1
1597515	1
524938	1
3200256	1
786283	1
1678827	1
594326	1
5388779	1
825737	1
2226891	1
15402175	1
3472175	1
9223599	1
29044071	1
37421599	1
11302562	1
8205063	1
7873093	1
4287138	1
2767875	1
20223157	1
18363476	1
6253031	1
1623735	1
488172	1
5004973	1
23942224	1
2426941	1
841364	1
619437	1
1856597	1
8705946	1
65417	1
25448337	1
1907469	1
1175704	1
30697450	1
700097	1
50230	1
16678309	1
1601114	1
572438	1
11022	1
34281915	1
375788	1
53764	1
415313	1
3576410	1
21574291	1
4062489	1
16927268	1
6483476	1
895850	1
14741343	1
1840358	1
3294646	1
19563384	1
147658	1
1964717	1
467808	1
24236258	1
8934831	1
9069648	1
43405715	1
633326	1
779692	1
528417	1
200331	1
2723135	1
23256436	1
32586960	1
17799718	1
4041	1
577439	1
563428	1
1354664	1
17546556	1
16109515	1
658745	1
11818786	1
19008450	1
2614599	1
2341298	1
12534578	1
56561	1
44644919	1
1745264	1
3931033	1
2883943	1
38000718	1
11260	1
4579340	1
8252856	1
2820674	1
10018291	1
8117488	1
7682784	1
38341471	1
6237787	1
583273	1
1682892	1
36026346	1
75758	1
1826977	1
160422	1
1006184	1
708814	1
21013042	1
6516415	1
2064639	1
850096	1
20957094	1
5402370	1
602862	1
19134018	1
780188	1
929155	1
284282	1
1187546	1
473086	1
956677	1
242149	1
1231046	1
4875284	1
32673590	1
93737	1
1767595	1
1311316	1
2715873	1
6210041	1
4009296	1
7032057	1
344987	1
1579333	1
3856882	1
18192171	1
8082828	1
23290968	1
621522	1
3930995	1
2249575	1
11736763	1
495806	1
957280	1
4399897	1
1114561	1
626885	1
1742025	1
2405070	1
489387	1
1974468	1
210508	1
2448733	1
1497526	1
36139445	1
173736	1
4710507	1
2457326	1
44608	1
4586225	1
2553434	1
25214754	1
6228822	1
2846936	1
897145	1
2209124	1
4395182	1
4042014	1
39797067	1
15847949	1
1788051	1
4762825	1
8728999	1
42413360	1
3753574	1
6731361	1
5451342	1
6281082	1
193293	1
1114454	1
12153673	1
37353	1
21916089	1
51509	1
1472449	1
4199641	1
13117685	1
1521456	1
10049	1
872941	1
11247682	1
5716754	1
1499495	1
305561	1
3884540	1
21218	1
19105164	1
951260	1
26134320	1
26774420	1
399469	1
422776	1
163223	1
1769345	1
1580564	1
1773832	1
62745	1
1306446	1
32633585	1
3407947	1
5138930	1
35530215	1
262953	1
2159626	1
854617	1
2164343	1
15178602	1
25330	1
1851063	1
530322	1
8292631	1
2534573	1
1416680	1
335439	1
8533378	1
4427883	1
18766214	1
1890480	1
1509618	1
29139774	1
3964709	1
320685	1
1085284	1
2012122	1
4124377	1
26808701	1
5164749	1
1588106	1
407372	1
9915383	1
308830	1
36148626	1
16850931	1
212172	1
3645738	1
19240042	1
5942478	1
773704	1
2726584	1
1069018	1
7747670	1
848475	1
4727976	1
2097338	1
13791102	1
18504722	1
5233230	1
26708090	1
24424228	1
5481919	1
1769569	1
38764559	1
1914598	1
7252485	1
41507014	1
1131711	1
3083889	1
4946153	1
4634812	1
7950779	1
4632370	1
1163502	1
224598	1
2278554	1
15876826	1
1284864	1
22079707	0
36040792	0
41903415	0
43370493	0
8864377	0
42320984	0
26435	0
16640112	0
25441114	0
90566	0
10658546	0
32806679	0
5926598	0
25591276	0
18247304	0
2437458	0
40206297	0
38100712	0
14717034	0
24290160	0
1834178	0
1473273	0
22078203	0
13374743	0
6716601	0
6657273	0
29502231	0
119250	0
2947997	0
16791431	0
4694647	0
21669794	0
8379595	0
129129	0
12324499	0
951199	0
42786704	0
1739558	0
856671	0
44388446	0
900938	0
43233586	0
18245550	0
26572332	0
1730074	0
10390199	0
152002	0
292434	0
38703221	0
16269113	0
13861125	0
7836226	0
6210551	0
1249127	0
466658	0
1825422	0
1888064	0
20183569	0
1588421	0
9388024	0
7244483	0
5955796	0
1055729	0
1136268	0
4772527	0
20122896	0
9455778	0
4186597	0
36392026	0
15998826	0
21226580	0
440475	0
2764423	0
13958172	0
3626156	0
28650698	0
35799364	0
40285180	0
7302612	0
8134878	0
96121	0
10876585	0
40344126	0
387661	0
46925512	0
36480248	0
939263	0
4661307	0
3268061	0
997211	0
18695962	0
31189193	0
1033208	0
1206820	0
8361231	0
5889211	0
11806945	0
2629265	0
9805010	0
48769301	0
3493493	0
2822534	0
2191270	0
18725081	0
4610590	0
133892	0
3979580	0
18529655	0
1228324	0
774729	0
4309603	0
1183393	0
3385440	0
3686669	0
42227601	0
5973083	0
4858883	0
6715450	0
2943019	0
23250606	0
6328266	0
44524019	0
28877918	0
2237598	0
33136525	0
2418152	0
606428	0
4179609	0
2141053	0
8431952	0
13426487	0
36606595	0
30843639	0
35262470	0
5263902	0
9823135	0
1397461	0
19507939	0
4327781	0
4532581	0
2355303	0
6370557	0
35475279	0
25866732	0
25404845	0
22622055	0
32520908	0
10072143	0
11468541	0
541782	0
7493324	0
21374519	0
135020	0
13602696	0
41351716	0
5873559	0
1085163	0
13770691	0
11282746	0
120932	0
26263019	0
13074139	0
722993	0
10859014	0
28278309	0
14261737	0
178005	0
9568012	0
18133397	0
35840938	0
9540168	0
1427902	0
29505880	0
18323808	0
36821136	0
1549897	0
107871	0
42598189	0
41207052	0
32607394	0
42492486	0
16943266	0
55495	0
23690160	0
35915100	0
5384429	0
11420910	0
24397761	0
4476814	0
4073912	0
16031787	0
35280428	0
207795	0
43188396	0
18950634	0
7665449	0
7959743	0
2920797	0
2159849	0
6349491	0
27882749	0
35900839	0
3763477	0
5070258	0
2867396	0
15825405	0
1042635	0
47067276	0
39838	0
5585455	0
20323422	0
2534816	0
476467	0
1260053	0
45620826	0
5007623	0
5678302	0
39337009	0
124848	0
24397451	0
1369908	0
32655354	0
9711436	0
36492287	0
76962	0
6959901	0
15346710	0
10203665	0
17671705	0
728290	0
8836355	0
14992929	0
20535140	0
118449	0
31219113	0
38357221	0
3013311	0
9389491	0
745363	0
95702	0
882940	0
16795374	0
1567213	0
5037541	0
22754120	0
503257	0
4006721	0
609093	0
18934980	0
6154402	0
7809229	0
2749507	0
2188452	0
6343986	0
49279449	0
7132881	0
1574172	0
15113824	0
43108896	0
29066426	0
2014110	0
4658053	0
6213774	0
5311634	0
2955933	0
10050639	0
3369850	0
22112864	0
15589507	0
4640970	0
2039953	0
1421811	0
3490007	0
10406281	0
611186	0
505200	0
15859439	0
21336013	0
4232573	0
8414996	0
8817699	0
4286549	0
30870520	0
22267770	0
7519481	0
17548975	0
35987567	0
656286	0
4752258	0
2054278	0
2254150	0
29609729	0
1492759	0
6770380	0
7299947	0
3585047	0
34879370	0
3729942	0
18344007	0
12855736	0
3912392	0
4927609	0
738484	0
3275903	0
23237604	0
1505928	0
40826007	0
117518	0
14997538	0
566052	0
19650951	0
844398	0
21918684	0
8052074	0
41590288	0
15653093	0
15202568	0
777832	0
45537958	0
40581099	0
14929728	0
27110731	0
7011111	0
35132436	0
19140225	0
9642489	0
26472547	0
19646829	0
9581125	0
28556455	0
3682103	0
27853028	0
22897391	0
15931456	0
1476797	0
34766811	0
8275374	0
22465338	0
1435856	0
9980673	0
23192427	0
30157338	0
5792095	0
20950555	0
492343	0
8694304	0
3936022	0
822989	0
44098405	0
3255554	0
23826979	0
31497515	0
23446663	0
6877443	0
14693188	0
26178629	0
42134503	0
158058	0
4907321	0
291674	0
28291766	0
11429471	0
110227	0
4279372	0
17809425	0
291731	0
1272097	0
16796023	0
19252793	0
30872862	0
5707270	0
9016511	0
23907288	0
398911	0
3447717	0
30277942	0
14472753	0
27867072	0
13000873	0
7151485	0
24527715	0
6282282	0
26665456	0
4422094	0
3514432	0
676156	0
110451	0
22836999	0
43439187	0
6892754	0
31482817	0
11271080	0
536029	0
12434955	0
26644134	0
41978390	0
311971	0
5511950	0
31886113	0
14758054	0
325238	0
45210	0
33783982	0
49444012	0
11861225	0
857253	0
40773111	0
27615520	0
6692736	0
4318357	0
19248715	0
33638973	0
2432618	0
3316240	0
21168011	0
1656625	0
25000855	0
3276269	0
36696936	0
437812	0
2780434	0
28154	0
850355	0
10906429	0
154584	0
25762288	0
7479552	0
22709023	0
14517115	0
32986652	0
26160658	0
7829816	0
63863	0
16945967	0
8393725	0
2905770	0
2473359	0
43345047	0
1069951	0
12775371	0
5607669	0
5076658	0
21856457	0
12712256	0
11566407	0
2809824	0
27594187	0
452239	0
22469361	0
10652292	0
2259813	0
7392147	0
7735489	0
18719818	0
30717011	0
706301	0
28855704	0
10096879	0
5227225	0
40343760	0
5555197	0
11955692	0
3782978	0
240764	0
2759769	0
177582	0
33974889	0
1132563	0
9043462	0
2294414	0
1431188	0
46986325	0
1966305	0
2567374	0
2603058	0
9247200	0
24071131	0
36293384	0
2125859	0
128880	0
27240378	0
18310386	0
11961380	0
36189636	0
8996930	0
31531721	0
37957457	0
7038945	0
4603041	0
7291077	0
44007756	0
13529946	0
1765584	0
24047078	0
1774750	0
15097168	0
2074526	0
24349240	0
32581719	0
34221011	0
