2547577	1
89260	1
40983250	1
114885	1
8264799	1
5276276	1
13192121	1
3008959	1
453001	1
2931064	1
4157477	1
4474579	1
1104040	1
12424889	1
12369868	1
704167	1
4565511	1
30860224	1
101249	1
22381852	1
15849588	1
1075438	1
16169349	1
19137818	1
11672	1
4133764	1
29132915	1
556096	1
9773361	1
405184	1
4085432	1
624363	1
218786	1
9723058	1
130759	1
1326883	1
79770	1
13811243	1
25190930	1
1163473	1
23950458	1
2154879	1
846001	1
1658215	1
25282914	1
107545	1
3223576	1
130689	1
208910	1
5030320	1
769380	1
6075558	1
2715202	1
329451	1
1099928	1
2340641	1
110949	1
1423769	1
96333	1
12263339	1
1874660	1
16126440	1
730634	1
1636026	1
115360	1
107026	1
124485	1
165081	1
168475	1
24371232	1
386446	1
17548711	1
11784654	1
949580	1
1650626	1
951069	1
25610088	1
1955775	1
107860	1
12410865	1
1141528	1
299165	1
2447061	1
138129	1
2696155	1
379439	1
7473149	1
160167	1
297924	1
130974	1
108118	1
108227	1
383258	1
17634720	1
115819	1
965370	1
135539	1
90987	1
20599970	1
82133	1
1758159	1
2421256	1
5999044	1
341871	1
709463	1
20576038	1
866341	1
471403	1
386811	1
9170342	1
14267438	1
1975104	1
111129	1
40949219	1
9878827	1
843051	1
5337402	1
43041495	1
7133929	1
248334	1
353707	1
14536255	1
311527	1
3849070	1
17181926	1
593501	1
113422	1
37675453	1
947002	1
193303	1
819465	1
14329824	1
485341	1
1880951	1
1752776	1
73459	1
16620793	1
1015717	1
20647937	1
6261795	1
1708720	1
30160	1
3128735	1
305553	1
617147	1
3052323	1
554664	1
241261	1
105492	1
2453144	1
25186194	1
2218512	1
21660937	1
3645072	1
3992212	1
150639	1
780856	1
21140428	1
325066	1
5864746	1
3213075	1
34281197	1
2117964	1
138007	1
12424227	1
14057579	1
739104	1
5330773	1
9070418	1
15858325	1
20069599	1
2069521	1
2258823	1
746054	1
5030813	1
1900249	1
355470	1
350633	1
58107	1
107599	1
54324	1
46927725	1
11037248	1
135426	1
20910437	1
340200	1
448863	1
19596294	1
287384	1
8449858	1
9873389	1
11908838	1
9905795	1
7737958	1
2461027	1
1638041	1
23556236	1
7118430	1
42869633	1
4407049	1
97452	1
4984153	1
31839042	1
5255277	1
178328	1
5194579	1
110997	1
1343446	1
23310	1
19231	1
1997027	1
3048653	1
10877505	1
26189404	1
227452	1
87367	1
28740	1
20717230	1
416229	1
108568	1
70296	1
588796	1
429122	1
248339	1
26973	1
541163	1
746805	1
138083	1
3571849	1
1145207	1
3357075	1
2175420	1
392592	1
108161	1
19675600	1
91549	1
384508	1
11192264	1
3760521	1
4673671	1
4641151	1
1454371	1
132089	1
121567	1
33187268	1
183897	1
4913309	1
5461706	1
8305855	1
20581642	1
3209842	1
22377316	1
24010489	1
345237	1
1706393	1
5779229	1
695587	1
33171	1
130723	1
3777072	1
418867	1
2893550	1
4691699	1
1226722	1
2853138	1
935548	1
16777236	1
8944176	1
329382	1
53560	1
576326	1
3861587	1
599714	1
6997129	1
230361	1
137888	1
9554054	1
183832	1
658547	1
82020	1
1174718	1
112858	1
3745809	1
7594262	1
204679	1
2763458	1
25391263	1
1096988	1
7188443	1
7522574	1
3136191	1
364888	1
13743725	1
8593577	1
306926	1
51541	1
8293521	1
43896	1
955971	1
4845453	1
1502524	1
479169	1
150988	1
10483255	1
495538	1
10322632	1
3253411	1
700857	1
25346350	1
40701682	1
2828664	1
7514052	1
22386324	1
2313626	1
14245359	1
130700	1
1603992	1
3083075	1
21374812	1
29077706	1
2278341	1
114934	1
1092353	1
15152554	1
107939	1
328517	1
110517	1
3068011	1
18884045	1
7300427	1
441979	1
9353280	1
6060132	1
6105937	1
175069	1
13771447	1
161648	1
6227882	1
2103536	1
19051207	1
151005	1
110651	1
3085214	1
1493054	1
28158729	1
485460	1
383130	1
1098716	1
27003223	1
393052	1
709076	1
458472	1
17598541	1
2121013	1
33536	1
5132896	1
107809	1
2949977	1
2012159	1
10001824	1
150946	1
135930	1
6435019	1
17930443	1
7911782	1
130813	1
234290	1
2263636	1
267366	1
5754611	1
708307	1
140124	1
195854	1
11388236	1
82123	1
2643319	1
735785	1
93452	1
1680730	1
14828919	1
130949	1
3021464	1
827618	1
1507860	1
849724	1
26735257	1
10097204	1
311672	1
87009	1
347784	1
417402	1
1655316	1
22401838	1
14467325	1
359002	1
14685908	1
23384265	1
148898	1
29042989	1
123846	1
3214426	1
6911444	1
889383	1
453864	1
1155647	1
5806582	1
2329693	1
5332899	1
1941218	1
40447186	1
21878487	1
31404895	1
13996565	1
73133	1
140209	1
8360683	1
15020084	1
14652786	1
139606	1
5592475	1
130988	1
8674503	1
94650	1
82981	1
123196	1
7680437	1
91052	1
16673460	1
1183024	1
3428030	1
35251671	1
3245050	1
1983395	1
110637	1
651962	1
761777	1
20875737	1
105207	1
960993	1
83393	1
8359093	1
375673	1
771228	1
79768	1
263609	1
25336084	1
95116	1
144925	1
108173	1
130839	1
513237	1
593850	1
11423229	1
4571302	1
6238846	1
93633	1
92413	1
458152	1
902040	1
18339816	1
2092051	1
9287958	1
607472	1
126732	1
9529856	1
1752886	1
4089162	1
1866473	1
91625	1
1376438	1
1241914	1
1427751	1
22983790	1
55033	1
1464561	1
82058	1
26414140	1
6588949	1
29587358	1
11303405	1
1498471	1
107765	1
8354301	1
2842137	1
142465	1
1093697	1
3845850	1
13982564	1
1148123	1
730685	1
7003796	1
613997	1
1176688	1
58018	1
138290	1
5378013	1
26745325	1
15960988	1
3284215	1
893033	1
17555381	0
20769322	0
18156787	0
4888312	0
136201	0
41834	0
1744989	0
24155511	0
7058694	0
2333755	0
247947	0
16402070	0
17641257	0
395996	0
88916	0
41736077	0
27108219	0
10010094	0
3770064	0
47661159	0
361408	0
7003662	0
2229723	0
26193468	0
23099703	0
17306988	0
32235573	0
1740205	0
318998	0
31288775	0
735471	0
3007902	0
2076056	0
10387383	0
28728370	0
26552287	0
23203677	0
13429182	0
23756823	0
17950363	0
1193334	0
10052663	0
6709260	0
47932753	0
2604388	0
6832786	0
1898083	0
20059564	0
16764706	0
35249707	0
2809680	0
6760775	0
2292555	0
18099741	0
4366604	0
5834374	0
10812698	0
3180284	0
16823471	0
5216546	0
7679702	0
33030324	0
24935808	0
17431092	0
43964654	0
410961	0
1688353	0
32433024	0
22576994	0
25807043	0
28927299	0
22874374	0
38440884	0
4064527	0
2663199	0
5525588	0
150938	0
43655988	0
4827700	0
9111263	0
23103684	0
10321315	0
1690260	0
28888452	0
4196601	0
5367536	0
1827701	0
6084323	0
833965	0
9078899	0
6813971	0
3856937	0
14531106	0
42670260	0
10812453	0
2616937	0
20052075	0
627632	0
35794907	0
12979265	0
8464152	0
5705540	0
38921975	0
34272548	0
35829598	0
993508	0
128944	0
1959608	0
23025750	0
2212080	0
12207303	0
10188328	0
9987826	0
30873461	0
39166698	0
6333083	0
47795927	0
49220633	0
2580266	0
40221657	0
41743282	0
15962413	0
105184	0
217019	0
17655616	0
21153277	0
6457308	0
12363694	0
6048554	0
2158490	0
35021623	0
2613237	0
18969800	0
1663176	0
41630866	0
23664486	0
20553151	0
484618	0
2978915	0
32876792	0
6145685	0
44573966	0
17165776	0
1144876	0
864681	0
7657112	0
16444827	0
1144062	0
642966	0
3691296	0
865812	0
13599028	0
40382238	0
11894551	0
17717065	0
10051530	0
32237366	0
14888094	0
8775921	0
39505410	0
3872675	0
3761595	0
30793016	0
10312752	0
713241	0
2489205	0
750254	0
260717	0
22451329	0
487732	0
12481317	0
7939594	0
25115051	0
16227519	0
1689982	0
8910525	0
18489349	0
22944588	0
9924074	0
3309236	0
5669349	0
1767784	0
138497	0
3517817	0
16482631	0
19182576	0
7170515	0
138643	0
25747473	0
5524032	0
1303348	0
41359826	0
3046491	0
43714702	0
12883618	0
3234734	0
10748868	0
5738651	0
4606948	0
5336550	0
5185033	0
10165024	0
12186216	0
19262870	0
907210	0
8305074	0
17205884	0
135678	0
1370797	0
3173752	0
1954610	0
1099456	0
6426160	0
1007885	0
417640	0
2164567	0
2023639	0
12536576	0
32524605	0
2133681	0
13485633	0
14268214	0
43632158	0
897659	0
3658018	0
11030136	0
14122334	0
6501741	0
137675	0
981594	0
11708527	0
1377387	0
24914654	0
14303031	0
28345456	0
5262931	0
255613	0
39364919	0
2141312	0
8282688	0
10167127	0
7808177	0
2480349	0
9926487	0
23598015	0
15947949	0
8017989	0
1131470	0
924751	0
6851398	0
7378548	0
10889227	0
13847398	0
1770332	0
5556301	0
26959367	0
738431	0
10584374	0
6337621	0
11059786	0
44161010	0
1250114	0
3927684	0
3694980	0
30877381	0
44853116	0
30542622	0
3430984	0
47717490	0
4658971	0
28597575	0
10070692	0
1377382	0
24884702	0
5814919	0
18756889	0
9013658	0
1791546	0
14517060	0
3365480	0
135116	0
20816132	0
112587	0
20347898	0
6903161	0
2959960	0
480918	0
35335579	0
12528802	0
14161536	0
9994929	0
32961595	0
5747768	0
15673746	0
570090	0
18642532	0
1008921	0
837391	0
7663079	0
25808290	0
41753563	0
23395078	0
1358369	0
347747	0
130940	0
27733509	0
7405245	0
5599053	0
27606755	0
376903	0
4448330	0
589960	0
5919002	0
5038856	0
15347746	0
313921	0
30159702	0
13501880	0
5543826	0
12669841	0
31386131	0
19347214	0
3270971	0
255295	0
13088404	0
1302255	0
1186519	0
3225041	0
1590601	0
7592890	0
15580827	0
11571386	0
2378374	0
9454799	0
38098966	0
6117616	0
1289401	0
2197947	0
15572224	0
7066998	0
32627630	0
12400166	0
15105547	0
109916	0
31440754	0
24968227	0
31207651	0
39803079	0
728342	0
14874877	0
10512486	0
31361927	0
5911221	0
9444439	0
4336464	0
13036986	0
6789978	0
525013	0
21901401	0
4213392	0
558970	0
8927806	0
8015092	0
32467559	0
23723004	0
5781761	0
24919430	0
23584249	0
463446	0
929591	0
3039263	0
404727	0
2644874	0
10958123	0
11963248	0
562858	0
2452299	0
32617	0
6437564	0
2826179	0
21707942	0
1209464	0
16773017	0
4242905	0
900763	0
25416719	0
150863	0
38296670	0
5768493	0
9726233	0
1910704	0
26249967	0
1545702	0
4508360	0
2411849	0
15535799	0
2613793	0
4967136	0
24842115	0
26052766	0
14518672	0
4557898	0
4493343	0
4182095	0
11631690	0
10192818	0
2060386	0
4428972	0
2076930	0
1382226	0
414958	0
24744034	0
15741627	0
11077984	0
30672892	0
27837075	0
27280856	0
9416304	0
1790195	0
15338781	0
10192695	0
13795098	0
20119937	0
40753783	0
3068332	0
28333	0
20768777	0
2013084	0
519112	0
8231166	0
11882007	0
24120135	0
37256071	0
16850493	0
580130	0
1084179	0
40810315	0
15424271	0
79943	0
20026165	0
1057453	0
14991383	0
22822956	0
69286	0
71717	0
22943820	0
7805838	0
29021076	0
8281716	0
1145830	0
5149849	0
6124020	0
1068259	0
23686234	0
2597101	0
25947517	0
24984811	0
12443525	0
1640417	0
1220051	0
4343713	0
5244295	0
8223757	0
5182192	0
32832254	0
421053	0
4911855	0
42507159	0
23882835	0
495185	0
4262391	0
8366031	0
34784606	0
38485801	0
9506431	0
9311722	0
37972233	0
23451075	0
14592009	0
13151193	0
27609247	0
2245342	0
34727852	0
12803756	0
8855157	0
4939896	0
2743208	0
255898	0
4050800	0
25809301	0
2780633	0
4847706	0
14563966	0
3959905	0
14363146	0
24181562	0
7237912	0
8523579	0
9265150	0
28235510	0
