1721696	1
10589689	1
1236508	1
132452	1
439172	1
125688	1
5265302	1
5355633	1
29486365	1
9845185	1
16656410	1
10940627	1
7876954	1
10347095	1
246391	1
15393446	1
8813362	1
91945	1
5006683	1
18938050	1
23538519	1
43953443	1
226693	1
27031	1
24856654	1
1277143	1
576507	1
12061349	1
11911391	1
7026390	1
2292161	1
125766	1
797707	1
305500	1
10531315	1
4438064	1
10145102	1
8746457	1
20030692	1
47981688	1
2887800	1
4277028	1
1939202	1
607106	1
652050	1
4553717	1
175895	1
1035614	1
305185	1
31300658	1
704311	1
5338433	1
652569	1
2446181	1
8676931	1
662135	1
240009	1
2616415	1
23658	1
2105072	1
1133451	1
28163124	1
28522794	1
2421662	1
4958948	1
5907628	1
2798852	1
8764079	1
11275191	1
15824799	1
500069	1
4471740	1
125193	1
4727951	1
165057	1
24393932	1
34410744	1
10744049	1
1261545	1
4110	1
20132	1
171498	1
1906439	1
30585976	1
26552318	1
1738861	1
320965	1
4403260	1
835291	1
1989308	1
11960990	1
3810675	1
22785360	1
5860404	1
741288	1
30856023	1
953018	1
390246	1
753797	1
2465595	1
25961692	1
2312682	1
1472289	1
949737	1
33299	1
470235	1
93438	1
21889097	1
5906626	1
14468682	1
1725632	1
10739277	1
2638433	1
11712854	1
5846141	1
400646	1
199154	1
4913509	1
38776954	1
5867493	1
451278	1
91943	1
3020035	1
244335	1
2055060	1
230337	1
11888189	1
1796393	1
9102249	1
134305	1
8612119	1
861809	1
12005163	1
46887263	1
16070244	1
9804000	1
11470912	1
91363	1
133484	1
1677433	1
341576	1
1164547	1
663910	1
947723	1
35522422	1
22496331	1
2974000	1
8034593	1
4221765	1
1394623	1
29940857	1
5052948	1
3407076	1
5835896	1
2866251	1
7897436	1
37804805	1
4269624	1
6871148	1
3156842	1
3579639	1
27058255	1
40015361	1
4438777	1
7433277	1
2971846	1
2448122	1
36190642	1
2243426	1
7259667	1
21348215	1
10534991	1
8467605	1
1825641	1
25618232	1
679469	1
838457	1
20365790	1
4434857	1
21833990	1
18656398	1
11468872	1
22360405	1
459228	1
2296731	1
8938526	1
597347	1
7305146	1
18051071	1
872840	1
11417010	1
1669400	1
8763408	1
1239051	1
5602959	1
765538	1
1906449	1
3463880	1
132419	1
729952	1
8694155	1
14123366	1
5183726	1
1692020	1
29409470	1
91931	1
1782066	1
7520503	1
2503839	1
3746253	1
7191408	1
5435636	1
25677377	1
14392607	1
4673019	1
629780	1
38019042	1
6302860	1
50268	1
948619	1
3049119	1
6081778	1
38816248	1
1339472	1
1671972	1
754440	1
2377459	1
24928349	1
125438	1
36308912	1
2506023	1
1004078	1
1440071	1
24551573	1
1266491	1
5999644	1
7546101	1
4792075	1
11840124	1
16885183	1
7048816	1
45628317	1
6252791	1
1665660	1
32832108	1
20428648	1
518686	1
29944013	1
21033148	1
18312045	1
2316357	1
21258099	1
31905468	1
1776603	1
14008378	1
1584020	1
34676812	1
39449571	1
66572	1
11074411	1
656711	1
21182554	1
235220	1
2403826	1
13327491	1
11278	1
33772978	1
44353036	1
30865167	1
11779484	1
131393	1
14595362	1
33550154	1
564125	1
3391393	1
31388580	1
1131656	1
153828	1
22210961	1
19524288	1
3105343	1
38777001	1
20630665	1
4455358	1
1096917	1
1001922	1
52116	1
59218	1
1053559	1
14609056	1
8085283	1
1574732	1
11466560	1
18677938	1
2236320	1
160911	1
843850	1
30875653	1
1351168	1
1070505	1
2038820	1
245807	1
756629	1
3957913	1
2169100	1
10309011	1
1146033	1
346350	1
5406480	1
22875308	1
249689	1
20737471	1
19808761	1
176400	1
364646	1
2161307	1
5598290	1
2720527	1
14205490	1
17005249	1
961926	1
647814	1
2331821	1
14723628	1
182778	1
1809123	1
1225091	1
6937315	1
1399118	1
3223804	1
28809975	1
10110241	1
1722806	1
1278208	1
428819	1
3230445	1
23216706	1
1497643	1
637096	1
15200197	1
227463	1
133408	1
12071444	1
2765625	1
19190	1
5462022	1
1955587	1
841492	1
19693586	1
6646771	1
4347620	1
15294754	1
6743432	1
893193	1
14517522	1
34082247	1
72856	1
4267130	1
608515	1
14602372	1
10641629	1
29805270	1
60115	1
13332696	1
21548292	1
905156	1
25841301	1
5318738	1
866706	1
5068916	1
6800704	1
6065789	1
21106884	1
36289025	1
2428414	1
8551409	1
4581166	1
2422562	1
2174253	1
5417779	1
581087	1
144856	1
3325224	1
5193435	1
1562963	1
3610235	1
10036032	1
2082327	1
7954911	1
4130211	1
3129179	1
632132	1
2519530	1
25454353	1
29595225	1
17108868	1
36512626	1
36353763	1
12495	1
3613223	1
32100938	1
3247541	1
3166874	1
33055213	1
309920	1
3142610	1
22674832	1
4274043	1
11389657	1
3670227	1
28098562	1
7586608	1
2143938	1
23332	1
5779293	1
572429	1
296822	1
353634	1
1955803	1
11975300	1
560363	1
10559837	1
10973948	1
957869	1
3168126	1
3636061	1
27089726	1
9865332	1
31555666	1
7713649	1
3912609	1
31633394	1
2440983	1
41960	1
931773	1
8478693	1
3661187	1
2457570	1
950088	1
8074315	1
31559253	1
55568	1
11388659	1
24415284	1
7745791	1
21368497	1
15209446	1
1213847	1
3481334	1
30872122	1
12146971	1
6420551	1
14988827	1
5548650	1
7575611	1
1604603	1
36028333	1
1243898	1
41403946	1
18257569	1
34549466	1
18908204	1
35874680	1
13747711	1
3640997	1
1852156	1
15066591	1
31240163	1
7762748	1
8941653	1
21901265	1
356087	1
683575	1
1277423	1
28574854	1
5467393	1
755753	1
903162	1
37041436	1
173568	1
125470	1
649716	1
3312743	1
11545628	1
8992408	1
3219669	1
36355220	1
36137687	1
3518420	1
870949	1
165383	1
2277919	1
6931492	1
908464	1
4128887	1
2747975	1
3888258	1
19249171	1
3312633	1
43838248	1
3519774	0
472066	0
17171469	0
33962925	0
1616928	0
25759804	0
19557400	0
8938367	0
12747885	0
2907363	0
9320925	0
2019629	0
3796309	0
823868	0
17529919	0
24501282	0
14901270	0
37718278	0
858955	0
4637927	0
17834944	0
2159309	0
9039732	0
31345252	0
6823534	0
29017589	0
16279856	0
520897	0
24551360	0
11057343	0
34077384	0
179320	0
4331751	0
43903351	0
173330	0
1713536	0
191140	0
5582804	0
4158290	0
16279208	0
20648464	0
14897233	0
32572993	0
3238549	0
19456679	0
13215565	0
34232413	0
841448	0
12885173	0
13926329	0
2391665	0
14086403	0
11007942	0
10561040	0
13456600	0
131390	0
5633797	0
1129177	0
28030600	0
34145879	0
30245203	0
43033311	0
40367936	0
2811515	0
9855340	0
399274	0
73616	0
402739	0
20865247	0
18129874	0
22823304	0
19070440	0
2070258	0
21827471	0
2386257	0
5435370	0
7110344	0
32316864	0
26559755	0
2373091	0
32704165	0
1865937	0
903801	0
1054820	0
1189910	0
9227595	0
13178082	0
10203965	0
6269934	0
2870066	0
38786225	0
1164443	0
20851340	0
8832399	0
25411651	0
249746	0
1113713	0
29255870	0
1823474	0
10140169	0
30927530	0
4965542	0
603424	0
552578	0
6482077	0
46925299	0
32912151	0
26795586	0
24259573	0
2231637	0
20119809	0
15475452	0
1519670	0
19393437	0
772112	0
17449729	0
999968	0
13473526	0
35177648	0
2658893	0
16856945	0
9870426	0
39386848	0
11283781	0
4930515	0
1118955	0
16782266	0
1020241	0
33800590	0
27661430	0
7001018	0
15512343	0
18664129	0
36862625	0
1924626	0
26157913	0
10009844	0
7904632	0
2348356	0
9870715	0
5245920	0
8174241	0
14449580	0
6719183	0
12029272	0
585371	0
3813595	0
39833445	0
31626171	0
180971	0
20845577	0
22946701	0
5802180	0
15824283	0
11225705	0
1657699	0
2208094	0
10087605	0
1618623	0
12931851	0
35903070	0
39192613	0
47034100	0
3974197	0
28280835	0
19664092	0
25147472	0
1274373	0
6337740	0
4478351	0
9060871	0
11829996	0
382182	0
32987626	0
43419836	0
2735907	0
48419631	0
5700331	0
10725227	0
4224093	0
31489936	0
31700529	0
43788676	0
18627940	0
10852	0
45280607	0
47192648	0
24042639	0
7595807	0
19148281	0
31411919	0
38117473	0
711881	0
33151195	0
1422851	0
47180752	0
237326	0
39310425	0
18480822	0
38643265	0
725909	0
36255121	0
6278551	0
12971776	0
4693409	0
2386068	0
1956272	0
1933792	0
13230893	0
1284671	0
30865160	0
2253433	0
2174544	0
2289459	0
3591076	0
5828396	0
13103007	0
3375089	0
8493221	0
2327460	0
6196588	0
27064905	0
22745880	0
1522563	0
7665449	0
3936614	0
5540852	0
1071774	0
32657998	0
5661149	0
41312109	0
3593224	0
1871973	0
5532287	0
44233860	0
1234438	0
31332208	0
4184446	0
24559026	0
985755	0
3569465	0
21530498	0
35935207	0
754214	0
13897623	0
32325587	0
17466950	0
34630340	0
2569231	0
15143783	0
17193075	0
6051333	0
9685308	0
8700932	0
75255	0
18625318	0
2595496	0
25292302	0
4514196	0
183744	0
10299705	0
465360	0
11290208	0
32673600	0
969024	0
13838626	0
41203255	0
1194558	0
2705337	0
120078	0
17743859	0
4338484	0
28014727	0
1873640	0
7906013	0
749887	0
3422293	0
1741161	0
4113799	0
4745500	0
108038	0
12267470	0
1125409	0
14372188	0
2625371	0
2755222	0
142106	0
28900353	0
4715092	0
13880854	0
7073652	0
13936155	0
2364825	0
1471538	0
635158	0
1285686	0
14001832	0
9567721	0
1118888	0
3623264	0
32911294	0
41567958	0
25405639	0
1664208	0
3395132	0
11286826	0
41436286	0
4312418	0
31557107	0
10920160	0
4652990	0
42204160	0
1176048	0
15979618	0
4662851	0
2016962	0
21522136	0
1325105	0
2644584	0
2749933	0
133015	0
18579790	0
1468147	0
11802311	0
44070128	0
35972303	0
2859777	0
47895785	0
13285231	0
2375867	0
639333	0
1964241	0
15848657	0
22296857	0
33276816	0
9803604	0
3357233	0
7625400	0
12945832	0
6943464	0
11704334	0
2526193	0
17253257	0
11433614	0
3115849	0
322139	0
12821677	0
35301473	0
38515760	0
12502572	0
8950669	0
4049804	0
20038536	0
28965568	0
10490809	0
1726512	0
25435231	0
33004919	0
897324	0
26504977	0
41549957	0
293990	0
557646	0
406332	0
1474327	0
15713041	0
36742395	0
6948208	0
112556	0
26861748	0
20926488	0
582591	0
1000681	0
38969484	0
3887672	0
11451463	0
8487457	0
30470199	0
25874687	0
31446556	0
14545285	0
37413205	0
2072697	0
33672945	0
8912020	0
1926986	0
25527188	0
489473	0
30138613	0
5642812	0
27756476	0
2486414	0
23840769	0
24425916	0
37339053	0
2928904	0
13892339	0
4541445	0
603375	0
503314	0
1647802	0
20277230	0
11226267	0
956211	0
25825533	0
1451888	0
559063	0
32173730	0
36434476	0
33597620	0
5623573	0
42450559	0
8476321	0
5198608	0
19814011	0
5576447	0
3602317	0
4225822	0
185982	0
14449263	0
27446449	0
5775373	0
13512537	0
5962154	0
6565119	0
6521507	0
5816870	0
17068696	0
224279	0
1084391	0
470625	0
2201792	0
2822925	0
13945549	0
25901075	0
40385823	0
98912	0
307465	0
2605477	0
17734679	0
8237	0
34315179	0
18102411	0
5721395	0
13890786	0
27535892	0
28948980	0
40772907	0
5469687	0
2186664	0
14443118	0
5566193	0
27048113	0
758171	0
7300770	0
3763629	0
12405634	0
7333790	0
782487	0
6149477	0
45145282	0
18387991	0
137127	0
2158011	0
26518244	0
2796072	0
9333032	0
339728	0
3024306	0
18896542	0
8691451	0
3973744	0
4691427	0
7009275	0
5816103	0
4273322	0
1587397	0
16233557	0
20970371	0
4844550	0
12007378	0
9610603	0
26942115	0
11282239	0
24027027	0
14845061	0
28858939	0
19751042	0
10854230	0
38152914	0
5521761	0
15193957	0
4414357	0
6855046	0
85186	0
37948850	0
6829156	0
965535	0
6754353	0
29376519	0
