3458243	1
828085	1
5574200	1
21482143	1
13201653	1
4044776	1
16727386	1
841997	1
611877	1
1079708	1
3238351	1
2456021	1
108878	1
2432995	1
889679	1
415350	1
789449	1
2162735	1
13257149	1
11183872	1
131867	1
535291	1
35282956	1
517929	1
9649	1
87253	1
3666969	1
23573414	1
152776	1
717	1
705609	1
6434695	1
192166	1
5253	1
16231521	1
6570390	1
3417219	1
10495848	1
7657262	1
29426	1
2924334	1
14145679	1
4230	1
5379103	1
1223717	1
10024198	1
1303931	1
93893	1
220162	1
1462848	1
98626	1
33668249	1
17880300	1
31787160	1
815833	1
176186	1
307612	1
34258	1
6117578	1
231032	1
358492	1
143514	1
6825832	1
4180230	1
1238605	1
2249452	1
1436848	1
375788	1
10676300	1
3394339	1
322928	1
18949367	1
466664	1
4860864	1
23477	1
6654209	1
169410	1
64051	1
92636	1
2098698	1
3885911	1
169909	1
147804	1
4744869	1
2695181	1
40126791	1
20695130	1
1333994	1
653697	1
1577472	1
23322	1
24638	1
10993062	1
623191	1
73021	1
2589723	1
3139459	1
323204	1
162435	1
153459	1
457231	1
35584211	1
4091995	1
858519	1
30875868	1
4603818	1
90579	1
19683834	1
137722	1
3317799	1
9951070	1
498464	1
4912076	1
23091357	1
1187559	1
18974125	1
3228202	1
1306662	1
10075	1
107224	1
1496761	1
995701	1
18383177	1
9763	1
28906493	1
7734108	1
7199048	1
65821	1
42428873	1
1117409	1
194885	1
3105305	1
208131	1
597542	1
6065487	1
84506	1
745676	1
199070	1
8393157	1
363342	1
253958	1
204408	1
15139509	1
2017098	1
4773216	1
5822491	1
593770	1
347092	1
3475756	1
4726983	1
14658104	1
31943128	1
7700619	1
14400	1
3300458	1
143512	1
175686	1
4200771	1
28266	1
47004411	1
4049372	1
1318497	1
4568006	1
21652	1
7187609	1
9728304	1
676345	1
1292114	1
448817	1
9079	1
5807774	1
292663	1
1473144	1
221380	1
12595385	1
7043	1
2241544	1
53602	1
4152470	1
2696633	1
169312	1
335940	1
1055000	1
26349137	1
351026	1
23894199	1
263286	1
3667576	1
379591	1
597892	1
19356538	1
2603326	1
247922	1
13949399	1
708679	1
2513887	1
7628113	1
7500781	1
82123	1
27986193	1
4984440	1
2976271	1
11577392	1
5849338	1
6291804	1
35897865	1
6366	1
429555	1
606235	1
220457	1
241133	1
2604796	1
96791	1
13088	1
21228055	1
6614609	1
1533868	1
1026712	1
591665	1
671027	1
360756	1
3585366	1
1053504	1
22203	1
93592	1
568715	1
2140775	1
37770	1
3565630	1
1282198	1
292468	1
131578	1
4086683	1
5409945	1
34620465	1
175442	1
13394040	1
1429674	1
75473	1
3207541	1
108880	1
128377	1
47255536	1
915642	1
81602	1
8685286	1
45681302	1
22479	1
3089099	1
676306	1
69168	1
31985500	1
15422	1
40283467	1
14750	1
4254974	1
662776	1
347442	1
7421686	1
3336542	1
1730232	1
21631605	1
25266	1
422481	1
846885	1
1825627	1
488582	1
18317	1
417972	1
20502856	1
259875	1
26977675	1
3336	1
1749080	1
27364468	1
37674	1
4305442	1
913209	1
277021	1
3069677	1
45642	1
2449208	1
30273553	1
760922	1
71131	1
3248017	1
15780	1
1862027	1
46336	1
991603	1
778369	1
1603141	1
6830614	1
13285137	1
1850937	1
66706	1
30951383	1
2265905	1
5176327	1
30531322	1
6048619	1
19799584	1
467343	1
6493684	1
4353272	1
271024	1
447879	1
284507	1
881423	1
44338	1
134840	1
6537754	1
19230414	1
310742	1
1890	1
2783740	1
36869	1
18005302	1
192019	1
24603176	1
210404	1
80027	1
4439646	1
159990	1
5970251	1
18368501	1
102148	1
1847406	1
4113768	1
20541313	1
14227682	1
50884	1
1192787	1
212427	1
765817	1
627315	1
27850284	1
20180	1
983585	1
153734	1
12478528	1
26513025	1
56315	1
933537	1
3099530	1
2898985	1
124384	1
2144166	1
713266	1
11630838	1
24742495	1
7189098	1
448967	1
402923	1
12465514	1
1439909	1
849815	1
3942385	1
1733562	1
195243	1
152951	1
248364	1
1985418	1
6426384	1
1462521	1
444515	1
13142159	1
67243	1
849240	1
682	1
146280	1
1969330	1
630000	1
637198	1
1636038	1
17866494	1
35081658	1
1549707	1
1191222	1
926304	1
4714519	1
780950	1
30428	1
2450015	1
13623491	1
353831	1
935425	1
61757	1
1173738	1
38879	1
2906105	1
102847	1
31629723	1
428908	1
13170771	1
351076	1
35937222	1
4399	1
53838	1
3001953	1
4263768	1
7391076	1
49031	1
13712198	1
23901673	1
245795	1
47722890	1
21495276	1
1473554	1
80269	1
15472315	1
39778952	1
839508	1
7482	1
2868549	1
3704148	1
17643	1
486501	1
9944160	1
18959902	1
166152	1
623579	1
108722	1
560063	1
151005	1
9884774	1
966697	1
394544	1
39696	1
675132	1
22936504	1
89796	1
5865574	1
1507641	1
101094	1
113250	1
287207	1
209150	1
11092	1
1521127	1
124259	1
9195484	1
29968	1
1804896	1
678671	1
10165	1
5988254	1
2556665	1
22219	1
31640896	1
6340	1
4790740	1
300899	1
15435	1
3265530	1
44388820	1
680537	1
97518	1
11034	1
31886113	1
4330584	1
8308	1
6314252	1
196185	1
480930	1
36972	1
3608707	1
766298	1
645560	1
30990148	1
166470	1
20420008	1
3773108	1
42164300	1
2746376	1
143752	1
94928	1
655272	1
1773162	1
1150068	1
6930768	1
235923	1
184334	1
1723431	1
1495709	1
293909	1
470809	1
9923932	1
42379831	1
2631728	1
15498264	1
1155181	1
96102	1
294752	1
22520728	1
1166689	1
430378	1
5034626	1
3645185	1
642873	1
2182450	0
649120	0
1115005	0
5183330	0
21332680	0
47211401	0
133161	0
3544369	0
9289352	0
12514150	0
9243312	0
19789596	0
1414637	0
4245594	0
1203354	0
41244907	0
2091659	0
8536449	0
2448274	0
759435	0
456056	0
8023618	0
591088	0
362828	0
2030733	0
339730	0
26788656	0
3480132	0
3097541	0
685988	0
2988666	0
2092615	0
903414	0
1717683	0
1860904	0
37315820	0
2451891	0
23872065	0
10204027	0
15631119	0
297978	0
4243438	0
19083560	0
1650303	0
7646051	0
11011530	0
8656409	0
9517740	0
37760598	0
24819243	0
6026977	0
27253959	0
10396803	0
38743426	0
4400345	0
30081430	0
1668169	0
1078777	0
307226	0
34601363	0
23561174	0
8155439	0
5235528	0
663947	0
4239700	0
1214425	0
1389882	0
6262280	0
1061822	0
425228	0
12459333	0
8880387	0
2730419	0
223851	0
107653	0
18813111	0
12002225	0
45691841	0
856616	0
6352807	0
1881402	0
5158032	0
6094327	0
35489056	0
122707	0
36854052	0
1475452	0
27522599	0
1694448	0
454019	0
696905	0
13141220	0
414066	0
20920040	0
27411965	0
38986082	0
1158174	0
1129297	0
7162262	0
37403711	0
17545211	0
23526887	0
44856100	0
41853720	0
28893355	0
1027881	0
3528017	0
32317256	0
9382711	0
4678823	0
4779426	0
16094979	0
36296769	0
5335106	0
19754186	0
5605232	0
10121510	0
317069	0
7445431	0
3310194	0
37679574	0
1768292	0
3811307	0
2388701	0
39795654	0
798806	0
29902322	0
5136654	0
20740801	0
477579	0
1634043	0
10820670	0
1716019	0
47864414	0
31304459	0
14821387	0
938316	0
33328450	0
1162266	0
1759647	0
23310330	0
1728036	0
30914656	0
36016723	0
43276776	0
6550899	0
2600930	0
868331	0
14517115	0
18100964	0
14932951	0
17926757	0
16909169	0
3473401	0
27134744	0
11100718	0
122053	0
11017564	0
15096867	0
19380370	0
1760829	0
2650911	0
42800721	0
7603420	0
4687369	0
9539477	0
16776923	0
6851867	0
10429357	0
6259740	0
41325402	0
37016662	0
27214425	0
1752971	0
44258373	0
18521491	0
25038029	0
2871627	0
19715501	0
28604338	0
2387619	0
11534582	0
10840513	0
13496868	0
12985632	0
4266848	0
2528138	0
30516	0
32832490	0
404404	0
5763604	0
561297	0
111199	0
2917001	0
2407924	0
5854533	0
6492531	0
37945480	0
275924	0
1791989	0
3660667	0
10015044	0
19537271	0
304918	0
9871815	0
614956	0
39470805	0
39389867	0
15373901	0
248798	0
5258045	0
35727046	0
2893236	0
18823984	0
8200507	0
38605509	0
37061493	0
38223409	0
4139418	0
1256575	0
42628611	0
558895	0
35600827	0
40571951	0
3988842	0
1105657	0
24333597	0
32730864	0
17065885	0
3190411	0
6715454	0
1480740	0
1468414	0
357530	0
34941945	0
1995686	0
5806147	0
27274618	0
1055483	0
35366196	0
38148416	0
12614827	0
37393023	0
26664500	0
165681	0
1423893	0
24696304	0
4288430	0
11196274	0
28374339	0
788854	0
47857689	0
1789193	0
4933420	0
5011775	0
4320987	0
4663388	0
618364	0
17539175	0
36883436	0
45420353	0
26869391	0
3162951	0
42346064	0
27881798	0
21086727	0
14745567	0
725448	0
23571954	0
31096803	0
29505110	0
24418144	0
30512703	0
9238402	0
2069771	0
12005140	0
9162081	0
2797790	0
27227163	0
46259339	0
11502373	0
21335862	0
2493277	0
26536619	0
45343474	0
366318	0
5853703	0
6701168	0
39725753	0
4603092	0
788891	0
5644166	0
24728218	0
1626099	0
24004536	0
7383253	0
48850320	0
25916046	0
43286843	0
27718	0
3033762	0
44140978	0
26228889	0
4068650	0
5855724	0
22881056	0
21794142	0
8312802	0
6027315	0
1354358	0
6423003	0
9582736	0
34945395	0
18938475	0
24992697	0
2449321	0
7422525	0
14991887	0
15630245	0
46782945	0
39743091	0
3643739	0
14445660	0
44348276	0
719333	0
25950030	0
8324324	0
16457995	0
46862039	0
120286	0
5962532	0
33065393	0
3650145	0
119284	0
10529852	0
5329523	0
6012137	0
28391820	0
8711707	0
5133004	0
18541893	0
8398187	0
19110017	0
2897986	0
11338958	0
5277684	0
2252664	0
4598078	0
5988369	0
15552945	0
4260245	0
7950733	0
6793463	0
3738165	0
10923053	0
6120085	0
860103	0
26556782	0
336576	0
28046793	0
1723687	0
1300245	0
787933	0
38709067	0
43561931	0
111187	0
9916045	0
20722620	0
136111	0
9368479	0
6902342	0
48014170	0
5478691	0
16422921	0
1437252	0
26039758	0
2192925	0
35647210	0
27432376	0
6006516	0
8384936	0
28175375	0
13874228	0
37422971	0
110645	0
2508240	0
34163127	0
1703823	0
1373540	0
4316412	0
2156832	0
24882371	0
25418374	0
34342884	0
21079140	0
26939387	0
642814	0
26704978	0
2444973	0
2590564	0
129561	0
5950558	0
4508360	0
5095510	0
10126848	0
390785	0
8187107	0
8957797	0
32526204	0
7371832	0
861994	0
10958736	0
28418876	0
122724	0
3710607	0
38362383	0
15396817	0
46150	0
25484551	0
10856588	0
34760682	0
4936326	0
38316798	0
36074787	0
32583417	0
1716251	0
2671343	0
6599431	0
4043974	0
266406	0
11399031	0
8455476	0
3836283	0
18472115	0
1491340	0
18465265	0
23567755	0
7298900	0
458213	0
10603938	0
8517686	0
15594522	0
3722849	0
2669510	0
39110327	0
323170	0
6869962	0
5299897	0
38981820	0
21835263	0
47624464	0
758171	0
12828464	0
220115	0
31019712	0
880914	0
5400509	0
2074142	0
3726064	0
2664805	0
33966466	0
1636438	0
47685735	0
4046547	0
8023326	0
8723189	0
3203408	0
4496193	0
6831446	0
682206	0
23273697	0
464916	0
123936	0
19003180	0
2029424	0
35035577	0
22525787	0
24239479	0
136131	0
7890453	0
2681286	0
26282088	0
6700950	0
11957916	0
1486915	0
39273725	0
5290190	0
11469306	0
1835849	0
1955469	0
3313909	0
3217455	0
14646658	0
44420506	0
31022071	0
21330717	0
7808236	0
7944906	0
21342186	0
9422954	0
