200446	1
16710541	1
17917	1
5929491	1
9384700	1
869926	1
12683560	1
22615534	1
3800810	1
7224832	1
389398	1
3685359	1
14904814	1
342972	1
4464008	1
38279376	1
5789628	1
1539081	1
26031096	1
1262636	1
1368363	1
1219722	1
1048983	1
1148735	1
4200238	1
6795686	1
3025201	1
4611246	1
42030120	1
16297071	1
1628448	1
28967292	1
6789833	1
45645893	1
17510771	1
1123133	1
22850550	1
68032	1
35784381	1
2705187	1
2329020	1
949289	1
234756	1
28928121	1
12901388	1
11871381	1
2070464	1
36351196	1
577891	1
17186536	1
6917887	1
5694742	1
34335202	1
13888015	1
4779329	1
3822105	1
7447037	1
728022	1
4703526	1
758782	1
1554464	1
3844335	1
18109220	1
32873173	1
1217995	1
12039802	1
727468	1
3832858	1
13135348	1
42831970	1
24729258	1
443258	1
5222308	1
14890775	1
28058762	1
172553	1
846165	1
1201767	1
1506438	1
1747960	1
809520	1
5168278	1
14107592	1
9729010	1
2204618	1
748984	1
1237409	1
43491655	1
2481037	1
13399638	1
7728185	1
45053	1
23251953	1
1201469	1
14514043	1
1486444	1
6150142	1
33215855	1
5792314	1
30274953	1
20396	1
7858358	1
1235732	1
24069466	1
9383300	1
812294	1
1235149	1
10557312	1
1876793	1
1963137	1
24726570	1
1235065	1
634093	1
3021413	1
9196341	1
13079372	1
25881299	1
7720292	1
12879493	1
13106274	1
22408542	1
44287419	1
1226456	1
2604595	1
146598	1
19818432	1
21704743	1
83948	1
3918947	1
14920723	1
2911403	1
21856457	1
7847504	1
7917963	1
19818415	1
7788504	1
6948203	1
32803412	1
21536077	1
35779758	1
43658911	1
823440	1
16306658	1
12789748	1
1234977	1
1036588	1
20919234	1
6325320	1
2759955	1
444690	1
9890222	1
7800492	1
25559186	1
3420806	1
1226970	1
2270615	1
13660230	1
1123820	1
2257809	1
13437596	1
11933107	1
12454533	1
23133915	1
875897	1
13008665	1
1452737	1
33124994	1
8383058	1
621261	1
12896715	1
15621428	1
1228260	1
25690691	1
1226567	1
33503532	1
3031125	1
12927663	1
13586120	1
1122990	1
10242177	1
44278791	1
26339666	1
647277	1
25137062	1
2306995	1
2100981	1
1895801	1
1972119	1
4783517	1
10820766	1
32733406	1
2114794	1
137721	1
12570604	1
17340707	1
1122795	1
27394289	1
27612985	1
11679519	1
6729496	1
19313624	1
5819897	1
38301339	1
1226512	1
11486825	1
12776314	1
2119368	1
24101523	1
195498	1
692642	1
17623115	1
18599073	1
1892756	1
14643708	1
209892	1
3650145	1
622458	1
3415864	1
13569833	1
8051038	1
49583799	1
10705512	1
30611177	1
5665898	1
1123217	1
6695876	1
1122778	1
4609022	1
18720671	1
19236229	1
25691323	1
30295594	1
8241539	1
30872553	1
12764987	1
33406636	1
15003104	1
9589617	1
11380361	1
9289693	1
7847010	1
17326591	1
1345234	1
9080675	1
952083	1
1368872	1
2443723	1
7262308	1
32797955	1
7269279	1
671331	1
6915525	1
4435210	1
1841727	1
921483	1
16349594	1
255129	1
38348029	1
3809046	1
1233846	1
8630848	1
9496289	1
40899264	1
4366167	1
1262596	1
1235922	1
416978	1
30521279	1
9069082	1
9106888	1
1204250	1
42163039	1
421150	1
2112070	1
1733911	1
18830521	1
18288034	1
7851885	1
559195	1
758492	1
40530011	1
614426	1
12602575	1
5182192	1
169980	1
9495634	1
7903334	1
3868039	1
6211330	1
1624105	1
9954	1
14673321	1
28106420	1
7847113	1
1234936	1
19801645	1
33409249	1
1029726	1
7338344	1
11636222	1
2433366	1
19112845	1
11330258	1
26357234	1
1403553	1
25691097	1
1834797	1
6095781	1
2808029	1
603828	1
25876745	1
10298225	1
24377821	1
3832339	1
1123211	1
510140	1
35615385	1
12646193	1
8119629	1
17987231	1
8858747	1
1394207	1
24143556	1
7124328	1
42274711	1
21308954	1
1228302	1
3428030	1
1234984	1
1054956	1
12735059	1
15195845	1
22150009	1
5792519	1
32978171	1
4009982	1
176782	1
7099473	1
180306	1
39558385	1
33666357	1
19014054	1
509435	1
26741261	1
7867158	1
1898649	1
9078381	1
1533651	1
2592660	1
21835217	1
1525447	1
27159010	1
22842761	1
364509	1
7802055	1
40837819	1
25766410	1
22480537	1
31819740	1
1407968	1
19939794	1
27611074	1
4534092	1
315472	1
9478763	1
33082169	1
26552129	1
13008361	1
3481050	1
3624921	1
805336	1
12012747	1
6785737	1
6408465	1
75196	1
3740412	1
16772728	1
38315197	1
33545513	1
1228222	1
8718598	1
2462373	1
35412379	1
36161756	1
4826551	1
9380228	1
9060674	1
489325	1
43800567	1
43020430	1
36924426	1
20611006	1
541428	1
2464235	1
920938	1
47376342	1
763681	1
44021269	1
24464915	1
42182442	1
12218485	1
2919832	1
12314085	1
3919098	1
5216472	1
1235384	1
2355025	1
10208635	1
18937932	1
4043658	1
1235044	1
1404033	1
29416755	1
5723990	1
42419832	1
35010162	1
26077253	1
1451758	1
1826543	1
40896284	1
22142312	1
15144408	1
5219777	1
7238264	1
1235941	1
12262163	1
1903049	1
31250739	1
14629994	1
5221129	1
2927663	1
7039617	1
44718835	1
175841	1
1347025	1
22122	1
2682787	1
6096693	1
22585563	1
1725416	1
2079595	1
22703449	1
831938	1
2213036	1
12028158	1
513463	1
7819231	1
2442944	1
44342434	1
1235932	1
424417	1
2302089	1
12073094	1
5933139	1
5467575	1
8520280	1
5731385	1
3165157	1
218258	1
636954	1
921177	1
15986138	1
34352291	1
3603156	1
1931828	1
398643	1
308643	1
101998	1
1226579	1
5212899	1
3153313	1
10624421	1
12638350	1
162292	1
830565	1
44488124	1
13580760	1
1114709	1
2926082	1
12010675	1
3015961	1
25598515	1
2481087	1
7108953	1
1653788	1
14537672	1
13145007	1
17835624	1
8647759	1
33070197	1
28946005	1
559880	1
20235252	1
7344941	1
12403887	1
4159408	1
2084267	1
9155258	1
14848966	1
14724576	1
39914426	0
19873089	0
44275748	0
28789496	0
30410366	0
42148764	0
29049556	0
16856054	0
646800	0
29408770	0
2434501	0
146405	0
178378	0
33587761	0
6920510	0
22935911	0
2418326	0
37823802	0
11585845	0
38827896	0
1437605	0
16774220	0
10856375	0
611432	0
22069934	0
32165137	0
402787	0
31753097	0
1161770	0
28128943	0
556367	0
40580480	0
1110979	0
205669	0
15824122	0
39478172	0
8914391	0
23639114	0
37606154	0
23616594	0
7074043	0
31747313	0
25745482	0
2699029	0
25212285	0
1870579	0
11542353	0
403314	0
21984392	0
3325822	0
3297455	0
5262992	0
6835610	0
1162910	0
8134382	0
4873154	0
1480814	0
13796175	0
27928991	0
4026647	0
26435728	0
23950342	0
40324201	0
48209607	0
20193934	0
5114763	0
15460790	0
38759547	0
8458015	0
311608	0
21350602	0
10177386	0
18234471	0
42114958	0
795937	0
35898373	0
3209890	0
9609574	0
410782	0
13893428	0
18766725	0
3603275	0
4353039	0
18656664	0
2090239	0
48516886	0
17582395	0
3265557	0
3737075	0
32125439	0
11278241	0
91505	0
4311054	0
7708255	0
6573395	0
958566	0
23015651	0
25929796	0
2616851	0
1173192	0
5911521	0
33406929	0
10227206	0
26379909	0
38848519	0
2289968	0
11242731	0
22838096	0
24221315	0
8161737	0
7347763	0
1126184	0
49315716	0
43505624	0
1523727	0
6702397	0
130781	0
6822932	0
537101	0
44664882	0
3445014	0
17505104	0
9443121	0
1243638	0
2144171	0
25652021	0
18603103	0
12942900	0
28617462	0
48026830	0
37400	0
14034191	0
16801740	0
21912813	0
40136409	0
8293521	0
2173632	0
29132463	0
716629	0
19490449	0
8953689	0
6084751	0
14550628	0
31717744	0
7933386	0
20294561	0
27487256	0
3666160	0
2381377	0
44706472	0
14461852	0
2292178	0
31299971	0
19207222	0
3684461	0
13252503	0
31449905	0
24841297	0
39240240	0
17181207	0
11367573	0
10757334	0
726176	0
345678	0
31644887	0
1532812	0
27006804	0
8171001	0
36116134	0
243875	0
8028807	0
9474830	0
25497559	0
23203392	0
4526263	0
35000830	0
3588250	0
1402990	0
4371906	0
38034506	0
113880	0
445112	0
1141096	0
18079251	0
5116521	0
6708470	0
1831825	0
2172008	0
4092181	0
2640753	0
1272792	0
4498971	0
12767478	0
15078434	0
15794289	0
25950734	0
1949804	0
2311335	0
32578652	0
22677157	0
29571764	0
37541625	0
36661457	0
14158301	0
22482840	0
3548941	0
8364091	0
6680498	0
2638286	0
10602741	0
8658632	0
37356510	0
7411050	0
2932789	0
38048410	0
3529865	0
166643	0
8618669	0
42080143	0
1562012	0
47235222	0
22733910	0
24137843	0
24403565	0
15626050	0
6346469	0
11760781	0
95738	0
43181411	0
19608629	0
14335116	0
2190184	0
5762092	0
1348438	0
17142863	0
835200	0
10946695	0
17688518	0
37234066	0
4087911	0
2283116	0
2830508	0
32594102	0
29551047	0
3239670	0
23885930	0
33966969	0
7152728	0
791211	0
42393314	0
27989367	0
36566588	0
1021169	0
27564632	0
6520409	0
2581636	0
34126189	0
2292640	0
21026	0
3390981	0
533081	0
24507654	0
46279928	0
179339	0
1346630	0
1394357	0
6513101	0
19152318	0
12679332	0
38877703	0
3054150	0
41813704	0
843942	0
9405224	0
23182684	0
4504657	0
44368212	0
18076884	0
20764758	0
2578712	0
29071391	0
38178559	0
30166890	0
798120	0
5549825	0
18722088	0
6063185	0
272918	0
41051506	0
1262222	0
5454533	0
63007	0
26468961	0
13205577	0
24437977	0
2090478	0
1426122	0
35973028	0
14571622	0
13492263	0
2211253	0
38336537	0
1253715	0
1311719	0
12989183	0
842940	0
1428340	0
30734365	0
1198073	0
3844393	0
17175449	0
57823	0
11848979	0
11835915	0
31323110	0
19432760	0
8088600	0
6453583	0
1330747	0
4830491	0
20480898	0
4069937	0
13918456	0
18393552	0
2428370	0
622873	0
2316498	0
316970	0
34883018	0
3998162	0
1456085	0
32215181	0
1866762	0
29240353	0
44303528	0
11269605	0
1089341	0
9630966	0
10581210	0
6038063	0
408640	0
5445021	0
137143	0
16823680	0
30440257	0
18259040	0
39037715	0
2252701	0
4710996	0
3792791	0
102592	0
27774920	0
8739702	0
43390308	0
28265965	0
4785917	0
1197023	0
37793287	0
765247	0
1863041	0
35137565	0
2232167	0
5165301	0
7502920	0
18489836	0
16112276	0
26625926	0
29632737	0
20454420	0
13787895	0
34902102	0
6044910	0
1270314	0
1042046	0
7701540	0
2801812	0
2051705	0
17501200	0
157826	0
556072	0
12389312	0
33992385	0
2385047	0
37754762	0
117251	0
22671619	0
7421512	0
34368255	0
36250186	0
4024141	0
26992054	0
31783187	0
4582139	0
4623751	0
38196987	0
19602301	0
1693256	0
4732652	0
148683	0
1280864	0
6843662	0
11083791	0
27563177	0
8501	0
5563376	0
5563229	0
396174	0
45686793	0
333715	0
426423	0
804880	0
7745446	0
31936375	0
37892981	0
68849	0
6914259	0
14838510	0
25377269	0
44012956	0
648512	0
6555085	0
7952282	0
27243760	0
17217565	0
38538108	0
49902	0
19023607	0
13463	0
27405633	0
3374378	0
477810	0
10396708	0
13611744	0
5571205	0
2119511	0
15674607	0
16662003	0
5192372	0
7008327	0
41052148	0
6716709	0
17508937	0
91811	0
14931592	0
12082372	0
39894832	0
20207694	0
29049984	0
19048332	0
2324639	0
5702752	0
10537734	0
3875033	0
21303029	0
42472426	0
11508724	0
3282901	0
4306510	0
13585122	0
10559631	0
25033983	0
11790767	0
45110812	0
9981196	0
1035247	0
3417316	0
26023042	0
1111328	0
7652389	0
5655954	0
2717999	0
56315	0
43101910	0
10844087	0
11519	0
2749803	0
14129105	0
38030731	0
24261120	0
27172341	0
34886258	0
171154	0
7250868	0
3312980	0
503618	0
58642	0
18512587	0
24185630	0
21090258	0
7176307	0
24485169	0
19303871	0
12446565	0
2017602	0
4828812	0
12749794	0
46367325	0
16520690	0
37119299	0
1902298	0
