261316	1
3231168	1
33935124	1
32874019	1
2315985	1
445332	1
101094	1
441189	1
1752936	1
3942398	1
901582	1
41834	1
318336	1
6276851	1
225718	1
4576538	1
31310531	1
16710034	1
408259	1
266350	1
20767827	1
7270487	1
2420854	1
446049	1
389798	1
840170	1
1057906	1
363546	1
411093	1
302395	1
336175	1
398866	1
875192	1
215567	1
1470115	1
888841	1
414254	1
79729	1
7802607	1
46443001	1
24585728	1
35717664	1
30497841	1
26970	1
17277517	1
30503523	1
212292	1
1706118	1
163597	1
2525856	1
1165554	1
7309781	1
8477472	1
636931	1
27759059	1
5802073	1
54509	1
18630681	1
10194595	1
2484540	1
321949	1
230254	1
58972	1
1467444	1
3373638	1
6439493	1
92995	1
2554565	1
12581	1
1020775	1
3382	1
882709	1
14724189	1
210910	1
896498	1
921483	1
142457	1
1094728	1
13349668	1
66972	1
44030032	1
45691207	1
5380243	1
207101	1
160949	1
14666430	1
569682	1
574120	1
2120056	1
589296	1
23883645	1
367843	1
1274782	1
3503861	1
34983014	1
12565463	1
1700303	1
14156584	1
13534414	1
9101830	1
5029142	1
5247	1
278651	1
7266972	1
920815	1
4914069	1
3765837	1
2589917	1
75072	1
24331345	1
20125	1
211562	1
681554	1
235518	1
964053	1
1112389	1
749876	1
1655325	1
8484125	1
3947054	1
7576894	1
28425804	1
7773146	1
13219	1
2377274	1
4319334	1
2370259	1
1050304	1
147184	1
10636232	1
911372	1
4040279	1
4051	1
23788331	1
36882	1
11891	1
164576	1
8122677	1
2503045	1
172308	1
328434	1
101739	1
3033951	1
40329411	1
5807774	1
28063614	1
54581	1
2043182	1
9307014	1
574980	1
5741076	1
339825	1
394633	1
20881894	1
16729205	1
5363016	1
1096860	1
573040	1
1523731	1
29739189	1
994028	1
10138111	1
9039	1
609853	1
337380	1
108388	1
7578	1
30857710	1
6643	1
12106238	1
2545354	1
7217033	1
32554388	1
5181155	1
32859613	1
23475751	1
420155	1
2170741	1
2307098	1
581603	1
1732218	1
5203206	1
1481924	1
6209776	1
318121	1
417235	1
3269342	1
158079	1
4333783	1
309769	1
330607	1
1695275	1
1180946	1
2505716	1
60963	1
20976473	1
22519	1
53029	1
1379293	1
212685	1
102346	1
32066656	1
2794979	1
1507452	1
11317709	1
45851	1
195380	1
4553358	1
1962240	1
8631858	1
184579	1
30722	1
5778914	1
2538599	1
1108103	1
2668901	1
1645748	1
2060144	1
2198203	1
3117109	1
1937458	1
765096	1
1353875	1
61403	1
295633	1
1223684	1
32070	1
88779	1
17854045	1
506639	1
422051	1
1944388	1
1632863	1
2253993	1
40190616	1
9156225	1
1903623	1
24006050	1
5378740	1
3740888	1
196700	1
2272755	1
8373743	1
38910	1
1974195	1
9160	1
151630	1
94389	1
82156	1
349722	1
263285	1
99809	1
21208368	1
827993	1
480424	1
1039519	1
415376	1
16962502	1
34074	1
2412665	1
2155562	1
321623	1
183182	1
263592	1
171625	1
793629	1
166915	1
406022	1
985954	1
5142563	1
24200719	1
864407	1
827336	1
419049	1
21071246	1
193221	1
808025	1
3184953	1
668818	1
7241658	1
30687168	1
21511	1
1051830	1
40962886	1
27195979	1
48921	1
709548	1
3466995	1
1035347	1
2000955	1
24159261	1
139904	1
264383	1
6558	1
375473	1
8057672	1
1856119	1
20237249	1
23626187	1
146424	1
11452592	1
329668	1
2530725	1
11037458	1
1496761	1
493423	1
1724410	1
2330093	1
29575078	1
332724	1
9387492	1
200044	1
543729	1
4780247	1
2325792	1
19742565	1
2577485	1
20915188	1
168867	1
3958024	1
1375795	1
1317413	1
1123773	1
31067	1
393546	1
6741658	1
8027119	1
2179227	1
5568588	1
2137409	1
187326	1
854103	1
3552099	1
990790	1
5039327	1
459212	1
224330	1
166515	1
4569	1
413146	1
413542	1
2784959	1
693629	1
324590	1
5835759	1
8689601	1
380483	1
15705574	1
21370	1
4936684	1
33369735	1
245515	1
3470865	1
6012018	1
1091527	1
603727	1
130563	1
629208	1
46645147	1
9305406	1
2465341	1
1592745	1
2056713	1
1505342	1
1421165	1
11921564	1
1497754	1
4432191	1
105397	1
105969	1
242649	1
596061	1
509982	1
36486693	1
8300877	1
2357237	1
4348157	1
4615995	1
1296096	1
1044856	1
1506590	1
51165	1
84672	1
12057278	1
413210	1
935187	1
4826849	1
3184012	1
1086112	1
461563	1
201116	1
676	1
34355	1
523369	1
7028384	1
2499027	1
24356889	1
411659	1
48254033	1
1837843	1
529396	1
38398	1
2015793	1
23624434	1
30278	1
747122	1
723502	1
427856	1
74730	1
937304	1
29107	1
103236	1
14253717	1
48503836	1
2666872	1
288469	1
3623037	1
40778197	1
31375662	1
37945662	1
5064532	1
5004734	1
963915	1
655757	1
320774	1
3230899	1
246367	1
2748874	1
1082945	1
228012	1
1558	1
1154037	1
808696	1
639761	1
11851950	1
200142	1
2310404	1
4743419	1
242358	1
631619	1
4002473	1
12062817	1
24768	1
609194	1
2651892	1
12509	1
850720	1
3758604	1
1256151	1
29987	1
18534928	1
311782	1
10239	1
8874457	1
858980	1
1606930	1
36972	1
32262767	1
10085150	1
4772308	1
1503564	1
400064	1
2392486	1
690271	1
878928	1
3077052	1
613476	1
26757970	1
1502099	1
36768	1
174415	1
23719224	1
44354	1
1188061	1
8792761	1
63034	1
12275454	1
82163	1
28963392	1
1391510	1
1718812	1
94218	1
195994	1
792966	1
492207	1
243671	1
25119562	1
2322073	1
11203591	1
31130	1
32362461	1
3072203	1
2084759	1
2731583	1
1152442	1
24638	1
3791501	1
2701938	1
36690634	1
164231	1
32689803	0
14692587	0
29429130	0
6367875	0
30211605	0
2302341	0
106393	0
2950838	0
18847739	0
40030530	0
26373781	0
6993436	0
3679720	0
16043967	0
7349854	0
26042458	0
1735807	0
16663305	0
28006446	0
3132366	0
13195353	0
2584938	0
1205931	0
10422633	0
14790373	0
6138129	0
11133104	0
14068802	0
4022433	0
36521637	0
41197176	0
34766593	0
1805469	0
6160439	0
10604167	0
76377	0
15097894	0
2425738	0
13967	0
19047917	0
13537335	0
1237422	0
22851171	0
3568712	0
16591732	0
13634550	0
36721857	0
6764495	0
21281513	0
131326	0
22803319	0
3287232	0
28917174	0
4466652	0
34965223	0
47017697	0
25869444	0
47231788	0
21886634	0
2200258	0
20027572	0
114030	0
11648172	0
41890523	0
36084430	0
40142200	0
446806	0
17751124	0
14596291	0
17147292	0
3502698	0
40105260	0
207766	0
6736963	0
1036941	0
21569324	0
15347514	0
1727672	0
1451224	0
21380911	0
12937462	0
17763973	0
28731188	0
33937794	0
5682894	0
23504107	0
2170133	0
2909765	0
3167185	0
11755521	0
16197623	0
40510490	0
1622399	0
25039927	0
23867478	0
22040205	0
4192007	0
23036726	0
13118538	0
34977938	0
49097198	0
2423672	0
36076111	0
15388499	0
1270580	0
6822876	0
17634336	0
114263	0
1116223	0
667085	0
2831408	0
44283041	0
22116342	0
2864915	0
21328104	0
9421671	0
3152531	0
385948	0
2558177	0
6268278	0
38070248	0
2474539	0
32275946	0
21178520	0
31393052	0
26252043	0
36570254	0
3850636	0
38758159	0
41634631	0
1573454	0
9261739	0
22279835	0
642655	0
4948935	0
22358564	0
21295070	0
16616468	0
1433238	0
48304874	0
4712864	0
27587705	0
1198412	0
65530	0
6333509	0
1420692	0
2582233	0
579092	0
650577	0
4503022	0
12476046	0
25763248	0
10021402	0
3311787	0
18578019	0
28173442	0
9612709	0
3457829	0
34345290	0
19627645	0
33169662	0
13683164	0
14830808	0
2575908	0
422107	0
20816798	0
11315454	0
677373	0
34751	0
3206438	0
18183628	0
1981974	0
24643883	0
30871130	0
3456726	0
9303968	0
282963	0
26669674	0
22850853	0
44825883	0
132074	0
35900152	0
111212	0
8556941	0
27006804	0
43012561	0
8775639	0
2665462	0
34354952	0
1218326	0
142570	0
18864684	0
1240582	0
3004793	0
2737378	0
2843493	0
125551	0
5552759	0
13689031	0
220967	0
2356735	0
2010404	0
19293100	0
436825	0
6217598	0
3188952	0
14534183	0
10391990	0
3013969	0
20503428	0
5764336	0
3722005	0
28075271	0
17355486	0
109034	0
7512737	0
8693473	0
620308	0
8631658	0
11254702	0
3824190	0
12007775	0
138830	0
5415635	0
6470705	0
7009103	0
6560801	0
35611549	0
30092959	0
1433276	0
404817	0
32532262	0
22608687	0
507174	0
1438085	0
1878039	0
1478463	0
3366332	0
9586238	0
3484778	0
2260970	0
258031	0
259682	0
23947290	0
5129500	0
26822637	0
2295653	0
1869050	0
44331625	0
36411461	0
6854886	0
2411842	0
1292379	0
132241	0
110963	0
19042090	0
12216973	0
2154626	0
959038	0
5761297	0
41531988	0
5445286	0
7091498	0
1310557	0
16096608	0
29367140	0
48882242	0
7463189	0
9561692	0
23586573	0
11957557	0
2558007	0
21184013	0
44590881	0
16776879	0
11621497	0
4803589	0
6741146	0
1672815	0
9127601	0
1304065	0
12061342	0
35708450	0
1987117	0
29640973	0
3726644	0
8905037	0
27400043	0
8433184	0
872918	0
2688350	0
3866123	0
24220655	0
45513239	0
13119102	0
5191046	0
34758616	0
12648978	0
19414081	0
6617651	0
24989	0
27645462	0
14951933	0
12944026	0
37812527	0
14726241	0
10678437	0
1547375	0
15864586	0
4381096	0
37218287	0
18557341	0
48800567	0
13871057	0
4903777	0
25500898	0
8886473	0
22953066	0
17084220	0
2423344	0
3969430	0
19213597	0
1597598	0
2874580	0
29722859	0
37522675	0
17943117	0
8163339	0
28674594	0
24392070	0
30708894	0
5982960	0
23172593	0
8452988	0
15348438	0
123725	0
105547	0
40230944	0
17828403	0
5565401	0
12531440	0
3236448	0
40378035	0
14445004	0
1276209	0
9993724	0
45312963	0
4654234	0
3893992	0
14650018	0
41511973	0
18450869	0
34972035	0
23881929	0
1903574	0
13409187	0
7358715	0
16267599	0
33780810	0
14318464	0
33037221	0
41181813	0
47230177	0
1697170	0
10529091	0
4073958	0
3708915	0
4451723	0
853154	0
12994253	0
2386962	0
170081	0
47752251	0
42279877	0
16781552	0
552866	0
30315362	0
20194488	0
48423246	0
16075385	0
5873973	0
765210	0
21663831	0
23926664	0
14450346	0
11516111	0
154428	0
7776984	0
30026973	0
6852723	0
33633426	0
19050114	0
4876119	0
4958927	0
7170221	0
13291626	0
2278243	0
5856008	0
26161687	0
3433472	0
11047861	0
22863064	0
22304610	0
13540744	0
11943731	0
880914	0
8507022	0
19221240	0
8795570	0
4518142	0
34524485	0
8794230	0
21448126	0
21001521	0
1352787	0
3967857	0
6710456	0
5577531	0
16017459	0
12957190	0
23580665	0
33914226	0
4423141	0
25957851	0
25181585	0
33202602	0
49552837	0
28902912	0
20782064	0
14931616	0
14927312	0
13913856	0
886316	0
11629641	0
38974985	0
3189549	0
7703762	0
6448007	0
2465115	0
12601065	0
6998823	0
828172	0
6930381	0
15122490	0
8745809	0
8791163	0
38010842	0
3504054	0
2423720	0
40846113	0
10935265	0
1341930	0
2142503	0
15316248	0
21283579	0
25770176	0
2895279	0
1648627	0
21662811	0
5689699	0
43805706	0
16880122	0
765928	0
19072803	0
32367345	0
13398970	0
395422	0
7573708	0
4181819	0
9464032	0
14929970	0
6987806	0
3986006	0
44192694	0
20836637	0
26370924	0
13368375	0
41348434	0
2911968	0
581612	0
4146367	0
22240282	0
8814158	0
4908814	0
1606551	0
676366	0
1134956	0
11360566	0
39674544	0
11779994	0
28817670	0
47863668	0
9364295	0
153582	0
478570	0
2013514	0
3186352	0
803968	0
32538179	0
18973067	0
