8973353	1
5482963	1
20472011	1
229962	1
17381109	1
12762836	1
928959	1
4922236	1
28092848	1
362233	1
772992	1
950734	1
9864125	1
50376	1
933537	1
4545125	1
2850182	1
1279986	1
1248103	1
1317523	1
296891	1
12653837	1
2725421	1
3796034	1
8901530	1
2814052	1
24693042	1
414045	1
17441674	1
101208	1
2838863	1
8966861	1
4456847	1
995149	1
34768335	1
29438008	1
40939560	1
974299	1
168079	1
419012	1
19042137	1
212352	1
38393212	1
3152282	1
1493223	1
4278374	1
1565459	1
6873917	1
307312	1
2246167	1
5657446	1
10201962	1
43973972	1
16986687	1
143992	1
12076495	1
24378497	1
186266	1
2902045	1
248551	1
19144738	1
30876043	1
17351830	1
4847044	1
1378649	1
2797703	1
1701120	1
12916674	1
51905	1
15660216	1
401017	1
17708853	1
601664	1
4435884	1
65411	1
1253429	1
4238078	1
6986770	1
923608	1
4518	1
4329938	1
2475761	1
11467288	1
29987	1
2712446	1
888627	1
7493358	1
676951	1
5618813	1
3658720	1
2253277	1
375645	1
437762	1
18778189	1
1898020	1
185085	1
2724465	1
943785	1
8879273	1
5121371	1
3539535	1
3152612	1
1411960	1
19554473	1
2023588	1
2270215	1
57568	1
2253749	1
5860521	1
8054621	1
1025524	1
944651	1
224488	1
361556	1
3033951	1
11193512	1
3070193	1
84783	1
17699760	1
7042209	1
3126212	1
14584008	1
18487707	1
5097424	1
2977760	1
8707992	1
8975856	1
14598496	1
3471108	1
5515425	1
27782728	1
184160	1
9541775	1
165923	1
149501	1
6427	1
15110200	1
4259113	1
8328240	1
1681795	1
23553161	1
3542317	1
4015504	1
8091	1
660592	1
22398847	1
172038	1
723301	1
755473	1
19674774	1
953049	1
1247675	1
2866985	1
1913379	1
14888094	1
5463753	1
33105755	1
1968076	1
6517843	1
26735382	1
1986309	1
8098902	1
6108790	1
4332319	1
2782868	1
4353820	1
1340318	1
2227456	1
3246042	1
2376961	1
1156159	1
4735049	1
9135632	1
10648242	1
2475757	1
443814	1
45680658	1
6066553	1
1816937	1
209063	1
4640643	1
1156034	1
6516415	1
621277	1
26742359	1
9760639	1
1844977	1
14807580	1
213804	1
2253635	1
1864336	1
5431264	1
21574291	1
4249942	1
6088131	1
284977	1
3660760	1
18479539	1
5281127	1
38712302	1
1821737	1
3971109	1
41011019	1
25991005	1
536617	1
3173730	1
1262985	1
294084	1
21483513	1
1982535	1
3105631	1
3894192	1
57998	1
22267472	1
2342291	1
1476080	1
4710703	1
5951808	1
706020	1
8634322	1
2604390	1
30073391	1
167258	1
295985	1
4055572	1
35303063	1
5231490	1
6832420	1
13119309	1
7490867	1
21642654	1
36040580	1
2158343	1
3390000	1
18317883	1
6036381	1
187645	1
1709048	1
16003957	1
3084143	1
446065	1
31718094	1
1336308	1
15247952	1
2590330	1
764856	1
15759278	1
7201124	1
2178819	1
1803784	1
1758267	1
1173545	1
172813	1
7757930	1
292850	1
988757	1
189246	1
43010378	1
8969385	1
5397872	1
28237576	1
8233699	1
2396868	1
2278189	1
1507139	1
13680702	1
2703257	1
795149	1
32142608	1
1783942	1
1182983	1
2286113	1
231316	1
1800841	1
8435151	1
16855379	1
172431	1
5498489	1
32606814	1
209066	1
1170553	1
286560	1
13443981	1
8001208	1
1828061	1
543675	1
8714923	1
241167	1
339716	1
29202884	1
11617115	1
1823741	1
890346	1
2579288	1
937304	1
1242659	1
142964	1
8756630	1
723045	1
2613280	1
169976	1
1041934	1
2246856	1
4060173	1
113268	1
1258423	1
28853484	1
74983	1
11367573	1
450636	1
11991626	1
26317109	1
12995998	1
483642	1
1761903	1
14925229	1
676331	1
7445153	1
34136183	1
167707	1
8730637	1
2867396	1
324571	1
597411	1
535259	1
2790996	1
1424449	1
712259	1
8808723	1
2380842	1
15481956	1
21242041	1
2387390	1
1393041	1
5533293	1
1630407	1
3897364	1
1098108	1
6673	1
2255884	1
5541154	1
1213603	1
2281341	1
34244369	1
1406960	1
333091	1
1195313	1
416675	1
4610590	1
13052970	1
1008506	1
2625210	1
556066	1
200043	1
4427021	1
28224989	1
45642	1
758401	1
18124151	1
4964580	1
2236680	1
294800	1
30114769	1
5984737	1
1602540	1
2004720	1
25441	1
1766006	1
13369444	1
215890	1
1853045	1
8300664	1
3019772	1
3763937	1
33221226	1
2710813	1
5082767	1
4286489	1
31705977	1
1189913	1
897793	1
317070	1
8510014	1
4207501	1
30871819	1
825643	1
2461558	1
7891210	1
11586592	1
2296645	1
1620657	1
11590683	1
4489347	1
2213065	1
3517669	1
127582	1
3636894	1
630138	1
4307437	1
239435	1
253809	1
453605	1
354996	1
2387192	1
16979383	1
791155	1
25182837	1
8549697	1
15781774	1
7003692	1
291669	1
16866996	1
573894	1
90644	1
8001227	1
604204	1
2002696	1
4353898	1
237193	1
2846305	1
16342067	1
3456913	1
273576	1
1962772	1
2314722	1
623467	1
966347	1
8639551	1
10532917	1
3656221	1
2358318	1
1608120	1
26560351	1
2339738	1
57572	1
399791	1
7036616	1
3725813	1
19172195	1
4268027	1
161207	1
882049	1
32559043	1
25995516	1
1492042	1
23244439	1
7293095	1
28866471	1
1751319	1
897118	1
44419	1
18679026	1
2668598	1
8502867	1
252707	1
5071463	1
2575560	1
1311849	1
17689065	1
3346780	1
579021	1
19978	1
2178655	1
22803934	1
29044050	1
3170406	1
242046	1
880200	1
28218025	1
2916340	1
9726633	1
724124	1
34035	1
964053	1
1241206	1
717811	1
1009864	1
23440	1
271106	1
1236777	1
17062126	1
2342376	1
2265965	1
861288	1
142806	1
887184	1
7028824	1
222038	1
11534128	1
6345486	1
559282	1
1847217	1
12493569	1
1192565	1
383267	1
3962496	1
229466	1
1654921	1
8738843	1
43089920	1
1161411	0
294750	0
97502	0
157670	0
6956724	0
24575812	0
1229284	0
3046491	0
13139218	0
13151298	0
1062869	0
2534605	0
8919382	0
8850503	0
2013522	0
220475	0
16785960	0
43421004	0
2550910	0
9480918	0
36787076	0
18712506	0
2653123	0
2719204	0
38716339	0
36466214	0
1957323	0
4100984	0
12175038	0
20638891	0
18268169	0
35669368	0
31231477	0
12430177	0
38993424	0
25649161	0
38371421	0
12978543	0
37838193	0
30889616	0
7146895	0
18413225	0
48659786	0
5565854	0
36593050	0
1699939	0
15526894	0
9854809	0
12310392	0
38366648	0
2674324	0
25229	0
108957	0
8257587	0
34932185	0
28442150	0
33244978	0
3728569	0
6978191	0
3612174	0
15791062	0
115950	0
20728806	0
37964651	0
2628465	0
3429834	0
28467255	0
600774	0
46263718	0
8200412	0
4240334	0
4998379	0
36571221	0
18815962	0
7237836	0
11631246	0
33042221	0
36300215	0
564711	0
6631484	0
20968383	0
3626820	0
9005732	0
5173806	0
472924	0
30467844	0
2489090	0
12752034	0
1105284	0
35575179	0
44932952	0
1185655	0
5997482	0
5998244	0
6613448	0
17375483	0
21153256	0
12714477	0
38390750	0
11217914	0
13374225	0
11266480	0
19348199	0
5327252	0
22526394	0
13370170	0
15617362	0
32692962	0
33226933	0
11857002	0
39510505	0
28322976	0
2077170	0
3180285	0
3700264	0
14313201	0
5181035	0
2051580	0
842830	0
31121381	0
8014032	0
2663591	0
10575208	0
25202319	0
19640071	0
38992597	0
18130092	0
967104	0
5476389	0
22572655	0
2982232	0
27544635	0
18556458	0
3473768	0
23000237	0
34168015	0
16231009	0
5835542	0
20980488	0
26098761	0
732979	0
36570805	0
44809624	0
3329022	0
35301548	0
17373732	0
2169411	0
9489777	0
2515754	0
6946845	0
5769420	0
43368135	0
9032539	0
24933057	0
913618	0
10021873	0
2595232	0
36334003	0
387215	0
1544248	0
668836	0
875857	0
2522753	0
543247	0
39447618	0
468544	0
25111188	0
25112886	0
62453	0
685077	0
6530223	0
1475239	0
3861575	0
25894026	0
7020057	0
35182090	0
2043134	0
3455969	0
26504977	0
137490	0
5510605	0
118995	0
727021	0
37850459	0
25200494	0
44812971	0
17606684	0
33983416	0
34903324	0
1089028	0
28162228	0
4750927	0
17387370	0
24739904	0
7980726	0
35482750	0
6930649	0
423938	0
28350346	0
449864	0
9779353	0
330964	0
46675012	0
571602	0
3462165	0
123798	0
16923544	0
48321539	0
14026416	0
12442590	0
33871515	0
1937969	0
4748781	0
44142522	0
7875201	0
31813458	0
7190909	0
4226544	0
10669146	0
905553	0
33043697	0
3237946	0
24702356	0
7468048	0
4031348	0
816224	0
22049039	0
7561086	0
30555642	0
111723	0
35539492	0
21494198	0
5234983	0
12329022	0
5229269	0
7057465	0
10875540	0
12739614	0
33555198	0
1038986	0
34857712	0
12635559	0
260778	0
31802196	0
4950655	0
27938410	0
20451047	0
26858676	0
10515972	0
5994970	0
10858075	0
310708	0
21633818	0
15241877	0
890626	0
15046	0
883115	0
47770125	0
23080021	0
14754481	0
4446741	0
146195	0
10658895	0
15514394	0
23742100	0
1181848	0
46908143	0
34175266	0
131060	0
4984983	0
19955896	0
29912432	0
2191813	0
33077741	0
1356724	0
3458650	0
12839746	0
31318338	0
14125763	0
38952309	0
977321	0
25949523	0
25967240	0
4074255	0
19509889	0
13712172	0
1166759	0
22985868	0
565318	0
12404547	0
260116	0
24054715	0
12693271	0
31348634	0
9211761	0
47279470	0
12629882	0
5207807	0
28266844	0
3348014	0
30526210	0
2545589	0
8080030	0
27746090	0
3340472	0
3255956	0
6910056	0
236323	0
4795292	0
2589826	0
45564268	0
34090888	0
40050380	0
231484	0
5230941	0
129250	0
11507996	0
2642799	0
8486301	0
20885779	0
21545267	0
10750706	0
22177798	0
45454330	0
21879153	0
37434176	0
1763464	0
9888289	0
156080	0
3599744	0
840232	0
2650799	0
42535818	0
260187	0
12764000	0
1091811	0
13503972	0
2482217	0
36684118	0
10974977	0
713998	0
31804949	0
7606125	0
107467	0
33303633	0
3737075	0
5303134	0
11601545	0
715916	0
3712577	0
390818	0
1705497	0
360703	0
13780506	0
39995760	0
16542613	0
17782758	0
46410318	0
6523563	0
12233424	0
1656511	0
238722	0
5105760	0
1729534	0
6980153	0
595563	0
30713800	0
24207063	0
11629229	0
10666362	0
4561944	0
6417968	0
6926608	0
24083267	0
39590243	0
3888489	0
6283547	0
35400947	0
11830126	0
7559664	0
881375	0
25008216	0
1083601	0
19181132	0
6242031	0
13024	0
19032008	0
13647126	0
3912910	0
47849140	0
2346943	0
5714637	0
10503747	0
9623475	0
33204130	0
19712937	0
44813962	0
4501765	0
40496605	0
17100023	0
5521646	0
8730759	0
292920	0
34254860	0
21250869	0
2214189	0
6815773	0
260523	0
197275	0
41618982	0
6399368	0
1208449	0
34325310	0
15665413	0
1195590	0
39639049	0
18316619	0
419953	0
25946108	0
21448684	0
142528	0
9138514	0
8990158	0
8481575	0
24228217	0
42910362	0
12826614	0
1785058	0
5019388	0
2971692	0
146215	0
6062291	0
4781981	0
12081497	0
3146517	0
39593143	0
4952511	0
31240770	0
23972934	0
3414036	0
42954398	0
2320908	0
8708176	0
2184247	0
23490616	0
1967154	0
28075467	0
6557467	0
34166276	0
343157	0
30864751	0
40474641	0
26026042	0
19291167	0
8149395	0
31620559	0
4932867	0
11219204	0
11708527	0
32819743	0
2968212	0
12607067	0
3545436	0
6325173	0
5448208	0
20376273	0
2936614	0
2882731	0
517866	0
24635321	0
31713455	0
33668623	0
11191991	0
7012340	0
12870312	0
11977579	0
28582978	0
24771038	0
5446182	0
31085147	0
6815885	0
19036973	0
6734348	0
952919	0
24092091	0
6941270	0
8048385	0
5107565	0
9850538	0
4199792	0
2158497	0
3016188	0
6068066	0
23120129	0
129530	0
42113225	0
144860	0
665385	0
4330221	0
996856	0
