2282397	1
4799962	1
17988	1
9889984	1
21013002	1
315149	1
15982622	1
194343	1
10966244	1
6854513	1
5882876	1
39356	1
33160756	1
4532485	1
1105113	1
1675329	1
527861	1
40722764	1
77736	1
6516953	1
1345590	1
29721596	1
442427	1
16074507	1
115155	1
4627140	1
2387913	1
1166796	1
1165423	1
432664	1
70096	1
159273	1
728007	1
1437246	1
7070214	1
1088607	1
39862618	1
512123	1
2572446	1
3342295	1
42064148	1
8053332	1
2891230	1
1105075	1
8293945	1
664792	1
881625	1
2244835	1
116374	1
24767685	1
9271542	1
4436534	1
5440143	1
1602382	1
1141474	1
5863305	1
1421034	1
1508381	1
355085	1
743227	1
2463185	1
722378	1
2404743	1
31964	1
10436	1
299660	1
171507	1
408415	1
43282	1
985605	1
46320060	1
841521	1
32817065	1
925713	1
68130	1
374488	1
675832	1
1317523	1
844586	1
14701803	1
919815	1
6328968	1
15054738	1
430029	1
17199342	1
1301908	1
998912	1
1497835	1
172910	1
124259	1
306032	1
15526	1
1868497	1
1357058	1
181622	1
511631	1
1687680	1
641830	1
42108	1
39325459	1
11964120	1
1999820	1
164659	1
1682898	1
262550	1
1355089	1
238859	1
37805899	1
3348692	1
40406	1
444369	1
2967241	1
9504958	1
26809	1
24538152	1
7619908	1
196591	1
310141	1
102897	1
1367878	1
3952261	1
13807214	1
65521	1
32981854	1
171723	1
770033	1
181696	1
15165833	1
2601404	1
73132	1
20158960	1
5863984	1
1150486	1
1595709	1
213077	1
306778	1
124678	1
1170153	1
5242582	1
77783	1
112636	1
37101	1
1829550	1
24095	1
1052466	1
1069141	1
596825	1
757336	1
747754	1
674131	1
167546	1
15703656	1
385653	1
2258906	1
2362053	1
50807	1
8978138	1
53964	1
1879093	1
584217	1
212187	1
551219	1
23550	1
277170	1
13620709	1
404747	1
4899789	1
23306612	1
72230	1
580580	1
21043233	1
3590361	1
34661192	1
1250532	1
250276	1
30502	1
11182069	1
1731475	1
3359982	1
3358687	1
230023	1
15941721	1
224672	1
32351028	1
28684928	1
43592	1
637543	1
24111	1
87731	1
1947244	1
2327916	1
2448733	1
18815017	1
1175677	1
832492	1
19017382	1
5593596	1
182688	1
22523101	1
905487	1
1774698	1
1007746	1
887488	1
329382	1
505259	1
20949403	1
28517269	1
7361068	1
14303760	1
24156	1
393562	1
35555613	1
1442950	1
383893	1
468799	1
25408774	1
7023	1
1071155	1
27218504	1
8078784	1
4159399	1
248083	1
134715	1
3086743	1
313260	1
1272544	1
407897	1
301399	1
93436	1
273576	1
5059664	1
193328	1
100641	1
21969495	1
2118487	1
43600439	1
105064	1
31034923	1
1073267	1
18674931	1
861938	1
28120037	1
2776241	1
3273	1
27167385	1
1687482	1
6321810	1
2951123	1
35035986	1
56354	1
493696	1
35259687	1
1031394	1
1227309	1
460125	1
1899266	1
107682	1
303478	1
1583884	1
468307	1
376565	1
2147888	1
3267529	1
4704927	1
108516	1
80135	1
529422	1
19448	1
305473	1
7053896	1
156956	1
5463290	1
28577136	1
2379336	1
23267772	1
593964	1
39870681	1
767658	1
2541737	1
102698	1
357182	1
29791561	1
1234079	1
347756	1
8628399	1
295731	1
375457	1
9723058	1
32093030	1
162469	1
4221322	1
2901608	1
965398	1
5754963	1
8770957	1
419230	1
180325	1
2535328	1
41606789	1
439369	1
14975	1
39860977	1
2029	1
830455	1
23815120	1
10729258	1
316592	1
36623332	1
25694136	1
528406	1
7895413	1
280276	1
5481439	1
12274505	1
787926	1
593975	1
27653176	1
5048	1
1020053	1
15945818	1
1629514	1
15838	1
917636	1
25596009	1
891675	1
3842684	1
2380288	1
1220644	1
2897982	1
12650	1
11014528	1
4512092	1
89340	1
2450328	1
55523	1
2025041	1
741791	1
5001816	1
979890	1
1505674	1
4097141	1
7114975	1
11715593	1
202421	1
6035756	1
322298	1
1854474	1
896863	1
1518737	1
1534873	1
32970032	1
23266872	1
603521	1
344293	1
1124002	1
1263397	1
11662744	1
3914646	1
21066891	1
2659218	1
12467836	1
397860	1
4155378	1
1126982	1
8402033	1
1180079	1
15997539	1
686168	1
2628082	1
6450152	1
336608	1
229139	1
2699613	1
65577	1
14221766	1
45447070	1
23155691	1
408709	1
708647	1
1820110	1
3344605	1
349645	1
163806	1
1171566	1
308918	1
244481	1
4383505	1
4511716	1
4778075	1
7094331	1
23385442	1
2262981	1
475805	1
24091	1
1137194	1
1878891	1
307425	1
73271	1
368558	1
397340	1
196839	1
256567	1
9548995	1
374852	1
1925395	1
297661	1
2657728	1
291210	1
12232585	1
24509	1
18947965	1
38889963	1
3636330	1
61115	1
106948	1
18442100	1
540686	1
953920	1
3913039	1
1615549	1
173817	1
5618839	1
25493	1
6259379	1
620669	1
1868641	1
591556	1
48542	1
15266989	1
159162	1
1701227	1
213805	1
4935467	1
3011112	1
1904522	1
1548355	1
14254967	1
583829	1
339	1
2217817	1
362645	1
9806	1
364014	1
7712	1
70390	1
897657	1
929933	1
7884054	1
1277119	1
9853897	1
33540632	1
25346247	1
1095609	1
316517	1
22791425	1
88604	1
1035432	1
2434819	1
181818	1
812025	1
107657	1
1547516	1
285880	1
22322680	1
215577	1
706054	1
19971458	1
19133401	1
362719	1
8401493	1
70849	1
3698740	1
25959855	1
19489360	1
10041678	1
12428867	1
268770	1
30836004	1
1630407	1
343508	1
946702	1
27853532	1
274537	1
55856	1
51584	1
2499638	1
18115	1
187435	1
208375	1
4415609	1
45030241	1
7285375	1
4292805	1
234264	1
24238586	1
62093	1
11820242	1
2070570	1
42166226	1
2368440	1
15886920	0
288508	0
1580271	0
25229783	0
1811858	0
4958325	0
5650100	0
44614933	0
2878203	0
23549987	0
30698365	0
3173533	0
1401887	0
7375935	0
23588070	0
25818842	0
38375540	0
65567	0
13609473	0
44673604	0
762984	0
42552290	0
5210871	0
46845289	0
2169208	0
886909	0
20580326	0
150894	0
17845576	0
33027914	0
735176	0
23844014	0
1768132	0
160108	0
46193863	0
2050983	0
38282517	0
36894186	0
894643	0
11158517	0
5842293	0
136357	0
5258674	0
1864916	0
27079669	0
39467316	0
6981646	0
3830316	0
19590782	0
32402466	0
15503945	0
20133751	0
27985663	0
44840553	0
37754742	0
27511177	0
54885	0
24985940	0
21871139	0
38962040	0
12205460	0
27874863	0
4050901	0
407442	0
6091881	0
4745959	0
21589402	0
44925088	0
15818160	0
2346298	0
38206963	0
6725432	0
13749575	0
14612267	0
4387853	0
6297323	0
30578340	0
7846741	0
2788882	0
131887	0
12946590	0
6445860	0
3632243	0
16158507	0
331795	0
2620429	0
30676962	0
3521237	0
164658	0
429110	0
7065234	0
94664	0
3492260	0
1580166	0
275883	0
4390917	0
116451	0
2797380	0
16672506	0
20970081	0
5615429	0
5727697	0
4150810	0
12421826	0
1617027	0
665863	0
544652	0
762361	0
5460772	0
44974155	0
538170	0
16054599	0
1228167	0
1605722	0
38171378	0
623527	0
8984993	0
24993746	0
13506986	0
33544044	0
3232303	0
29483999	0
7960910	0
1636926	0
47404951	0
7719174	0
7638418	0
109394	0
31581935	0
4752678	0
2011605	0
15734486	0
5662975	0
743610	0
348485	0
20630840	0
126758	0
2188892	0
24197931	0
15368997	0
2926775	0
5146631	0
14704059	0
15157165	0
27673298	0
12481224	0
1080569	0
35413708	0
590683	0
4759287	0
11000116	0
21690084	0
1427424	0
31806035	0
42235610	0
7676351	0
8913605	0
6322722	0
12883225	0
44202804	0
31882361	0
24908322	0
3201432	0
43450662	0
3520906	0
15842972	0
13303098	0
11965635	0
27868621	0
15361507	0
7844291	0
420801	0
7850792	0
917041	0
5797696	0
6043076	0
4392198	0
25968921	0
10526469	0
35128503	0
33374902	0
25480223	0
772079	0
13155698	0
15904	0
127185	0
553605	0
6727608	0
34709993	0
30952855	0
106705	0
116487	0
6737096	0
5569142	0
152500	0
7096842	0
10767876	0
39217538	0
7206088	0
2067520	0
46733993	0
5598725	0
8119043	0
192202	0
27616616	0
1569859	0
46909027	0
402320	0
446790	0
8913555	0
44858754	0
1762010	0
10268655	0
329908	0
23151073	0
16829604	0
33549012	0
14501142	0
11299032	0
8743024	0
31585871	0
9992196	0
2770842	0
3632537	0
41586338	0
150756	0
21668786	0
197607	0
2342631	0
4937891	0
14852690	0
8448279	0
2237710	0
735433	0
30471090	0
126212	0
5638201	0
15125204	0
38527594	0
4714054	0
20094964	0
557400	0
983011	0
12264450	0
1864379	0
17684907	0
32285065	0
1920232	0
926400	0
6485059	0
30144708	0
3069681	0
3299457	0
19720007	0
18428733	0
8418612	0
7307480	0
9996595	0
2142538	0
39462105	0
2095446	0
2648952	0
1437141	0
20020064	0
40438987	0
12385938	0
30863134	0
109622	0
34208230	0
17217565	0
17746423	0
8997784	0
2262672	0
2244416	0
39237663	0
2566942	0
23518631	0
231362	0
1886812	0
31404681	0
2943215	0
5414201	0
12418669	0
5606221	0
35613808	0
12808685	0
3636882	0
8328281	0
35030194	0
10550737	0
39405918	0
691154	0
134360	0
10037168	0
23686522	0
4049187	0
3367632	0
23775054	0
667904	0
2528453	0
3433609	0
27788773	0
14574400	0
6559449	0
24050089	0
42054555	0
1076406	0
23626434	0
22230944	0
31029734	0
39435507	0
79487	0
21831775	0
37118225	0
1478897	0
508403	0
27093930	0
3504783	0
34901639	0
11142393	0
5805499	0
8807838	0
16173696	0
3044924	0
3354566	0
26461338	0
21392038	0
7425652	0
7946253	0
1890431	0
25558472	0
17466669	0
5978093	0
8120055	0
6478453	0
11462117	0
18431571	0
17775180	0
13811806	0
5787008	0
19689632	0
27857357	0
1433325	0
3032782	0
12492298	0
27190268	0
27044134	0
37902879	0
31674184	0
24368014	0
36379432	0
3666969	0
629942	0
3823579	0
31438403	0
11544031	0
909477	0
15833521	0
6170611	0
286918	0
13112727	0
1015335	0
6935683	0
43331729	0
4911853	0
1930903	0
12650234	0
43133194	0
2024000	0
18848835	0
18454580	0
6701115	0
1890543	0
46557114	0
16797102	0
29148792	0
9249643	0
14367474	0
43433888	0
5896378	0
41077821	0
35544214	0
2126411	0
13826675	0
7677356	0
15696425	0
5177312	0
15363969	0
6715307	0
4068572	0
22778278	0
657692	0
26233572	0
16970355	0
3199483	0
11203126	0
2970076	0
12396790	0
28285041	0
3469337	0
1906000	0
4947511	0
22849432	0
8868584	0
1588885	0
2473344	0
3006073	0
3645915	0
1348391	0
31501580	0
10127769	0
8512918	0
10178996	0
24682950	0
14023952	0
157241	0
3875210	0
2571880	0
15126032	0
8332549	0
95295	0
6273496	0
19697283	0
5771734	0
7651328	0
374540	0
13124646	0
12448551	0
261873	0
10218426	0
5109169	0
3297059	0
11980434	0
28650698	0
2097279	0
2032699	0
7438103	0
18907169	0
4908084	0
1118997	0
3510823	0
540714	0
7022631	0
10324632	0
5434411	0
29154311	0
17690240	0
11057355	0
9701398	0
1245237	0
23829273	0
34329635	0
2307950	0
6924786	0
463412	0
22249584	0
1575691	0
21281966	0
39548332	0
94966	0
8861801	0
26548916	0
111547	0
13215915	0
612266	0
11741813	0
2310288	0
2652186	0
201365	0
34196945	0
6455413	0
1943223	0
23894000	0
13623727	0
4445687	0
27322040	0
2948184	0
13522862	0
12035122	0
35548631	0
26178764	0
4438793	0
3569542	0
23068765	0
18360412	0
18994060	0
144770	0
8743341	0
19614629	0
16025882	0
37951511	0
2361176	0
15441225	0
4115496	0
2811692	0
448689	0
35072597	0
8614452	0
6386377	0
17381461	0
