12189171	1
448532	1
34118638	1
36791	1
1574503	1
1668412	1
2811764	1
565925	1
3937179	1
19890208	1
70577	1
5740347	1
11698762	1
29386981	1
2512811	1
2329359	1
2446376	1
2941873	1
64212	1
486981	1
192202	1
3123521	1
26008353	1
16584371	1
203416	1
12539711	1
328087	1
9352777	1
643395	1
253672	1
10891249	1
1335171	1
6856439	1
31559161	1
3684140	1
31269937	1
35286180	1
3413853	1
895580	1
2096382	1
12169916	1
14976721	1
12537401	1
162526	1
1229477	1
2011814	1
52631	1
665846	1
483694	1
7651783	1
10437897	1
1503237	1
896396	1
287824	1
18659878	1
1528105	1
5573850	1
414308	1
6957108	1
3156004	1
2391816	1
741127	1
108565	1
12538147	1
448947	1
1753238	1
1485764	1
4560803	1
9104544	1
1011320	1
4250097	1
17898771	1
23514960	1
26315229	1
1721061	1
443995	1
1578500	1
2497467	1
3433878	1
3546215	1
2448847	1
12539516	1
136248	1
3341368	1
17695923	1
1671117	1
2009262	1
32348221	1
161914	1
13777195	1
758636	1
16716	1
11332794	1
35159251	1
378792	1
1308991	1
3930995	1
182778	1
2026016	1
29075630	1
6327683	1
151773	1
32606735	1
23388681	1
11263355	1
901730	1
1640286	1
12536872	1
16017429	1
38413336	1
31796149	1
1502630	1
1647552	1
12536389	1
351305	1
896431	1
767797	1
4190420	1
643471	1
14977009	1
439838	1
1046517	1
384099	1
293265	1
1175870	1
12169761	1
1504442	1
47627872	1
35005379	1
320482	1
3565751	1
1162701	1
1552552	1
7402652	1
901744	1
284752	1
6373258	1
2503074	1
93419	1
932084	1
13712971	1
30265677	1
6857205	1
606913	1
1622322	1
5365094	1
20825065	1
1650412	1
1547794	1
1324651	1
1567202	1
145249	1
98221	1
12537827	1
6550207	1
4751803	1
6840524	1
4335	1
11697601	1
1292614	1
3635434	1
9378463	1
1140472	1
9980342	1
12539814	1
13561780	1
843119	1
2933241	1
1106844	1
4505054	1
28284724	1
1190936	1
3595072	1
7667095	1
7546316	1
2287252	1
149804	1
6832353	1
421025	1
2675580	1
3481890	1
21751185	1
30312943	1
2689993	1
227273	1
4180853	1
4112071	1
43076	1
6855941	1
2862921	1
651140	1
548086	1
12311469	1
44034458	1
1047970	1
820126	1
679977	1
38613125	1
1459576	1
5516235	1
439784	1
2974599	1
88793	1
13426159	1
2739726	1
64777	1
12539015	1
18446608	1
17579157	1
2777824	1
32413866	1
14290539	1
387837	1
914437	1
2118265	1
102811	1
2392255	1
222550	1
3555627	1
5137227	1
2257241	1
541433	1
703488	1
743874	1
44149716	1
1490353	1
4696647	1
5556327	1
114560	1
20333414	1
20316605	1
772425	1
5917452	1
12170005	1
263310	1
848748	1
29736174	1
691322	1
5977010	1
142229	1
36244113	1
41184576	1
586048	1
8419000	1
1863848	1
2119373	1
4573359	1
2666605	1
10105296	1
17195198	1
3442863	1
14025260	1
12536123	1
1396988	1
2901722	1
364614	1
22254646	1
2051470	1
759295	1
2398016	1
44055683	1
14943046	1
1351354	1
5303124	1
726320	1
397246	1
1493662	1
1326180	1
86690	1
5097832	1
5077457	1
12537935	1
446413	1
756296	1
26519707	1
3472519	1
3658901	1
533441	1
4188594	1
347297	1
16051229	1
1291676	1
16951760	1
6856516	1
539457	1
13961	1
2108776	1
2425818	1
6258693	1
4921	1
6414575	1
7438665	1
11335098	1
2437085	1
15775717	1
1065834	1
899539	1
1693923	1
6408947	1
12539442	1
1300429	1
7545945	1
2407522	1
2306400	1
11107075	1
21362050	1
165713	1
10852232	1
12790116	1
26479	1
6582726	1
1884007	1
15273883	1
71187	1
20903181	1
2090276	1
12538549	1
336539	1
3740731	1
2299983	1
30103818	1
2406308	1
4048140	1
10417673	1
37131512	1
4682555	1
12447217	1
893692	1
370204	1
28024036	1
25153703	1
329195	1
34189628	1
21026	1
6187180	1
17345563	1
2071367	1
3999386	1
12538494	1
526857	1
145542	1
11306856	1
361085	1
10641631	1
14967610	1
2033880	1
306812	1
2887340	1
849629	1
3942729	1
683036	1
11567096	1
30545164	1
1677653	1
12538031	1
155176	1
1127990	1
896863	1
3345164	1
897232	1
1263890	1
25124358	1
2100222	1
12168633	1
1268612	1
897249	1
35368092	1
2553528	1
7780070	1
3227013	1
12164783	1
8338089	1
18619722	1
1503948	1
20944501	1
4271599	1
141884	1
11612238	1
539144	1
19486919	1
5362949	1
18838	1
3204171	1
12894926	1
405500	1
3422562	1
800006	1
528152	1
660240	1
6244613	1
3586962	1
3039544	1
2928924	1
486558	1
86387	1
1316106	1
7701257	1
2270643	1
8015165	1
430306	1
31823064	1
26003965	1
6523696	1
14088806	1
1751686	1
2863646	1
28417	1
589932	1
2119101	1
1437505	1
870694	1
9049541	1
823473	1
3091490	1
18982303	1
3988559	1
4091066	1
992558	1
897263	1
552897	1
2004456	1
12751875	1
27379212	1
2214713	1
1845321	1
1587014	1
6423444	1
10125507	1
302954	1
11492582	1
27796	1
3146811	1
1038021	1
2707076	1
6831590	1
192378	1
11400520	1
848522	1
39941754	1
1329337	1
3906544	1
1866693	1
9839204	1
652850	1
2501824	1
1257570	1
46336440	1
492474	1
1147963	1
4255994	1
3085469	1
18581705	1
1131003	1
23280592	1
11213660	1
11324526	1
45622690	1
29644605	1
1351024	1
1354358	1
3448464	1
313568	1
668698	1
10394396	1
4008889	1
12536427	1
3150498	1
1823485	1
916034	1
5330383	1
12538660	1
2323545	1
1336596	1
28478169	1
12165373	1
13102429	1
24378873	1
2385277	1
15833069	1
433349	1
44772220	1
12537144	1
20050	1
3101373	1
252147	1
6131345	1
9243476	1
3276341	1
13259562	1
725295	1
606724	1
2227228	1
898520	1
4282932	1
2450239	1
33183	1
13577392	1
12539818	1
2091537	1
20685727	1
3177148	0
22415023	0
6588949	0
7323374	0
24259263	0
14554872	0
30456034	0
46995972	0
3292661	0
2275628	0
3595465	0
642090	0
36527875	0
3291188	0
5638034	0
23271070	0
4121562	0
6704926	0
1717638	0
2409012	0
6207108	0
31685589	0
140732	0
7422679	0
17485856	0
14920794	0
106338	0
484747	0
22474360	0
2026503	0
3832342	0
3904609	0
1099475	0
9487372	0
3195470	0
6523817	0
12638800	0
5033458	0
9422140	0
30861635	0
125641	0
30871929	0
1372141	0
34547771	0
5813561	0
129097	0
7633228	0
1672556	0
589069	0
7067792	0
112961	0
7475403	0
409463	0
328679	0
3606774	0
21552553	0
8468473	0
4222505	0
5237533	0
14598196	0
752486	0
32466454	0
859942	0
39218105	0
2403783	0
7851878	0
8858597	0
5351314	0
8774155	0
31619386	0
884812	0
723810	0
35367372	0
504617	0
5212488	0
25335332	0
8392905	0
1554244	0
91490	0
21137863	0
17792950	0
9879513	0
19780490	0
6723859	0
39573477	0
42510012	0
31797869	0
7107283	0
9599622	0
11534149	0
1800068	0
1213699	0
9560347	0
46757119	0
29694203	0
2990141	0
31368808	0
24082143	0
9549785	0
1129400	0
584156	0
1337173	0
34935131	0
4338278	0
33551377	0
22209332	0
47888477	0
37854461	0
1169701	0
29478796	0
23985000	0
429103	0
13430492	0
11751803	0
14549681	0
9573499	0
348762	0
2975397	0
163320	0
9858744	0
1321124	0
1750015	0
16774220	0
2000781	0
2946372	0
1969811	0
44387521	0
4914846	0
14269898	0
12450482	0
31748	0
1033898	0
13531841	0
143030	0
1500559	0
27994625	0
197241	0
15619801	0
33712705	0
3588269	0
570824	0
39043406	0
25080539	0
48733250	0
4952316	0
23848	0
1069761	0
12456914	0
22965843	0
2687331	0
10050108	0
15168463	0
1751025	0
7974602	0
4067389	0
9634785	0
2699527	0
4932111	0
1129847	0
4116322	0
24190419	0
16663316	0
30862958	0
5786055	0
18808830	0
5233273	0
21638300	0
1239956	0
31629538	0
35469963	0
1205820	0
14599714	0
4896290	0
10090412	0
1459636	0
7150079	0
2120545	0
5047997	0
33996556	0
7667634	0
4917658	0
383564	0
157814	0
39166698	0
14659531	0
7528575	0
1714970	0
18417617	0
34146568	0
4245841	0
11252135	0
9377284	0
2338211	0
6020545	0
8383058	0
22757161	0
11075771	0
920300	0
397982	0
12114243	0
43808421	0
42345923	0
317304	0
5672340	0
14098906	0
319475	0
13890886	0
22973211	0
16306153	0
1337238	0
41472586	0
803916	0
3655819	0
9093900	0
8762288	0
26295444	0
12557017	0
9580981	0
94967	0
1334074	0
108854	0
493782	0
1416847	0
21060710	0
24178178	0
14301837	0
2291355	0
296265	0
9040508	0
2064976	0
15028804	0
39752792	0
724093	0
3163873	0
20234240	0
26119173	0
136318	0
28826646	0
22830080	0
42626488	0
4496345	0
996174	0
5326967	0
1437535	0
12235837	0
33406528	0
1960353	0
21170607	0
6305830	0
12927340	0
20513935	0
4611114	0
7348550	0
29429597	0
304197	0
2632093	0
9466440	0
1377778	0
43241859	0
11053984	0
1431166	0
937096	0
5189188	0
10096518	0
26957867	0
20609077	0
3514701	0
4119363	0
1575363	0
20670	0
6353844	0
24979393	0
31941357	0
27474966	0
26007872	0
1027911	0
1809625	0
47198320	0
5030394	0
45057	0
19609035	0
21537113	0
2604528	0
110105	0
6415652	0
13896250	0
4353819	0
1181002	0
1861667	0
1654262	0
3135187	0
1678899	0
30496929	0
187238	0
20052675	0
9267542	0
1238299	0
33974	0
1636368	0
5139006	0
41567896	0
14312549	0
41330008	0
11073630	0
10825167	0
12047433	0
3369664	0
11447323	0
6313773	0
17512826	0
3702240	0
5064919	0
41090178	0
29375205	0
38268339	0
46868582	0
847079	0
16742762	0
2156585	0
23875603	0
4994576	0
33315870	0
27093231	0
17782451	0
3479684	0
38074576	0
1158227	0
6623315	0
36266347	0
26294267	0
33024073	0
2569026	0
576208	0
118724	0
5437059	0
1666315	0
1066139	0
22545977	0
1498060	0
580167	0
5265814	0
10655742	0
1345462	0
9245448	0
1480482	0
11127708	0
36719391	0
32266008	0
25033558	0
922199	0
126491	0
35847741	0
12429493	0
38253525	0
825142	0
26988364	0
2814792	0
34289976	0
22601031	0
20632167	0
5918324	0
60364	0
33029935	0
30864483	0
71481	0
10391239	0
28179822	0
10770742	0
4767819	0
31231303	0
37527837	0
8090871	0
5824561	0
16909177	0
44478409	0
24219356	0
4344809	0
21146319	0
8975741	0
48951971	0
35185637	0
32780712	0
23664567	0
40947777	0
30982330	0
6650230	0
645149	0
38159609	0
41233117	0
245614	0
15521740	0
13427202	0
32658413	0
31123711	0
1703649	0
6937167	0
34443206	0
51294	0
24790619	0
4333135	0
19286567	0
27909323	0
2655281	0
3419345	0
107127	0
44020273	0
3448857	0
8672730	0
10015466	0
9179205	0
13179283	0
16037013	0
35989219	0
382755	0
13491252	0
126977	0
25847683	0
1124644	0
21131010	0
9132314	0
1990623	0
1187494	0
2676630	0
9026796	0
107783	0
16024526	0
6816744	0
32412814	0
1259771	0
7128657	0
13411696	0
11137031	0
30318118	0
1880590	0
44242298	0
11220972	0
18622193	0
797363	0
27753079	0
20764811	0
30569395	0
263424	0
46443001	0
7576333	0
1285791	0
31863830	0
5928976	0
21240067	0
25001092	0
18409877	0
29331322	0
59412	0
1786747	0
2192847	0
16754622	0
26553514	0
26200421	0
31340946	0
3473771	0
2083566	0
33326977	0
8288100	0
492187	0
12472027	0
15960291	0
27021813	0
29695966	0
79993	0
4652344	0
1896763	0
10878808	0
470790	0
21927861	0
1039329	0
37724885	0
12337869	0
11486519	0
3337355	0
3731183	0
5029901	0
48853193	0
2118494	0
29800699	0
32853306	0
3051509	0
3449651	0
3307735	0
32402664	0
4447502	0
8449605	0
20032166	0
17529170	0
108578	0
24426682	0
1872110	0
3871336	0
24609969	0
5680845	0
2973807	0
1612017	0
