296002	1
2900440	1
11630353	1
320140	1
1065571	1
41406899	1
42084471	1
9268239	1
5227461	1
13364570	1
8069470	1
964291	1
11543938	1
4302680	1
11580759	1
11770931	1
6120288	1
29461208	1
31160399	1
12075880	1
409000	1
4623376	1
24368331	1
370615	1
11629353	1
4228446	1
20133751	1
5480193	1
45529208	1
115706	1
25701608	1
11578346	1
1160353	1
256179	1
11843207	1
3678924	1
11755581	1
32958341	1
12540806	1
17469347	1
1553314	1
1915692	1
4379301	1
96705	1
175069	1
11629717	1
370039	1
2511596	1
36320004	1
12003698	1
917915	1
11587137	1
11544176	1
7834137	1
11542889	1
23617216	1
247034	1
3398371	1
978916	1
15054783	1
67576	1
130704	1
775620	1
981455	1
136015	1
40611624	1
11835464	1
16176325	1
12203600	1
3214522	1
12156985	1
5587334	1
11631209	1
3579161	1
25812940	1
1256604	1
8628024	1
2076930	1
3917433	1
520754	1
2600589	1
418654	1
139265	1
39780578	1
6208087	1
703501	1
43324865	1
14744840	1
1111017	1
3657263	1
2725726	1
37199401	1
110785	1
14317754	1
12008038	1
4468740	1
5454435	1
125657	1
435086	1
14270020	1
8804849	1
11113813	1
31140	1
40332979	1
8988611	1
3339321	1
487629	1
221971	1
14391193	1
1482227	1
12724664	1
26835574	1
139910	1
1901010	1
363295	1
8044073	1
411860	1
12157042	1
6853633	1
3344894	1
2934816	1
6472240	1
96689	1
34273	1
7350430	1
1238368	1
3440739	1
27989753	1
410178	1
33455218	1
21701780	1
887737	1
21451585	1
2035921	1
11587042	1
1786796	1
772102	1
35782732	1
9495557	1
12950650	1
91678	1
28171394	1
11542243	1
3137400	1
826782	1
16156924	1
25734	1
633627	1
2132521	1
46649904	1
334690	1
17486541	1
11546429	1
26735671	1
434032	1
36130332	1
8165428	1
4992344	1
659	1
18551258	1
4953224	1
9365809	1
468306	1
16760449	1
23939531	1
47808097	1
1255300	1
11579657	1
12060090	1
21400009	1
5328430	1
8144158	1
115117	1
57203	1
41280862	1
29463388	1
1627834	1
2606471	1
10190209	1
38023836	1
25387817	1
12941233	1
386146	1
172827	1
1356319	1
958398	1
3380210	1
19238900	1
138941	1
11630797	1
13256777	1
3263923	1
2743189	1
31165	1
15081	1
296933	1
880750	1
5749288	1
25181525	1
8622170	1
3856717	1
796890	1
4563685	1
11579492	1
212682	1
93250	1
7059973	1
8431704	1
3098480	1
3794923	1
412934	1
380927	1
433754	1
9457641	1
946035	1
3085227	1
1073769	1
1116656	1
727249	1
274464	1
1641878	1
107084	1
21368558	1
42092179	1
115771	1
4501765	1
1487707	1
2017308	1
931088	1
8341328	1
23901899	1
1178863	1
33244361	1
37018031	1
19601347	1
10243008	1
16989240	1
11587101	1
16687044	1
200150	1
6307828	1
8376742	1
24722996	1
11542637	1
8025663	1
43768722	1
11729719	1
11579629	1
9386382	1
2023458	1
11631241	1
6031063	1
313879	1
171171	1
3100590	1
11543710	1
6787459	1
2221741	1
14504187	1
3428816	1
32377406	1
11580179	1
3504677	1
1346577	1
24417462	1
11631690	1
6325873	1
12157144	1
7381581	1
1466297	1
3760654	1
850173	1
247041	1
28069892	1
40059040	1
392017	1
3783161	1
1514903	1
1165403	1
260096	1
2762585	1
2204751	1
5369937	1
3910956	1
11755542	1
147858	1
2826653	1
3035060	1
13364314	1
11578394	1
47684887	1
12519934	1
408561	1
12157083	1
22791257	1
30865052	1
515053	1
2095459	1
24292846	1
6529302	1
5640861	1
48115669	1
5102174	1
37547250	1
23309128	1
320007	1
23749	1
44608310	1
11596917	1
408571	1
23413675	1
6498207	1
2091077	1
963096	1
411726	1
150760	1
10936603	1
39337009	1
8468722	1
168475	1
277935	1
14025038	1
579457	1
41421179	1
20387459	1
690	1
36492823	1
1681996	1
33277249	1
25648590	1
129921	1
2221234	1
26182170	1
23101972	1
7894927	1
1303024	1
2139206	1
10516198	1
20740102	1
4680057	1
411853	1
975124	1
130998	1
4549918	1
412963	1
12834705	1
6911335	1
11543605	1
11629576	1
180708	1
11472734	1
11755370	1
647820	1
11542598	1
1726696	1
190940	1
11591217	1
23876550	1
1406815	1
84672	1
6482341	1
589277	1
269775	1
12767663	1
20013866	1
91399	1
1189537	1
11804604	1
16326601	1
429198	1
29477282	1
766021	1
2181762	1
46355868	1
6680320	1
302684	1
11109934	1
414503	1
4887152	1
21803274	1
6036307	1
19753079	1
118783	1
95992	1
2010048	1
1173865	1
216181	1
881704	1
16874360	1
2681197	1
18632393	1
4547104	1
11578789	1
1958204	1
11631743	1
134580	1
212934	1
1185497	1
1281319	1
11585563	1
134464	1
911754	1
6133847	1
2045683	1
21492263	1
22340228	1
591165	1
12076023	1
116956	1
643458	1
779805	1
950751	1
82981	1
27621093	1
11579914	1
2818427	1
636298	1
25167948	1
7402359	1
1331251	1
6599049	1
13329076	1
9680296	1
30981760	1
403961	1
21491724	1
11581166	1
2146135	1
260910	1
13224106	1
12401572	1
49955	1
16344751	1
46204	1
25049441	1
11631176	1
11755301	1
34260335	1
1024530	1
411803	1
178392	1
11717367	1
6944636	1
16128418	1
766889	1
21516742	1
21249661	1
2467250	1
4199907	1
77799	1
35644594	1
63021	1
611806	1
23395581	1
46639058	1
12429150	1
419095	1
2046295	1
2976101	1
9791902	1
1544632	1
15679408	1
9550323	1
41474419	1
11598013	1
4579404	1
6538022	1
41497371	1
707732	1
30863	1
1071703	1
2932730	1
28298811	1
432688	1
33222737	1
74972	1
161185	1
904401	1
18579518	1
8031085	1
19819109	1
1118000	1
3771139	1
16543073	1
2043015	1
1347112	1
988517	1
22363921	1
41478888	1
2811318	1
36608661	1
4428370	1
11580114	1
24839516	1
21268762	1
7170906	1
408887	1
21609890	1
2250606	1
12767437	1
2154303	0
12638350	0
129084	0
9142266	0
44948864	0
26174259	0
47289085	0
1263527	0
11468731	0
19697283	0
216256	0
44956007	0
11653426	0
3095693	0
17791853	0
10024198	0
162865	0
4001551	0
15856282	0
22576663	0
9019053	0
37174455	0
2888790	0
34984712	0
13360642	0
5399219	0
3882570	0
36904331	0
3190596	0
35537544	0
35247532	0
617143	0
1485652	0
10953974	0
22464071	0
11085086	0
1198786	0
4921210	0
1075312	0
2120234	0
18471436	0
16775466	0
38793881	0
15540124	0
11975034	0
715757	0
2108270	0
35589707	0
24284320	0
16179544	0
4757585	0
1915886	0
5476153	0
7538176	0
20846806	0
6125980	0
1002377	0
37870540	0
39005390	0
849246	0
254152	0
26961079	0
37928820	0
200401	0
5621982	0
22368372	0
11066560	0
45153981	0
1327730	0
9191414	0
5977666	0
4358303	0
7668419	0
3074837	0
8002642	0
557575	0
128784	0
3248338	0
3938573	0
27642085	0
23209240	0
20100567	0
12478224	0
3834632	0
43785260	0
47584785	0
32595745	0
3239412	0
790298	0
8743822	0
2736	0
43710039	0
3831828	0
8524343	0
15785678	0
650909	0
2581531	0
555169	0
654413	0
4596484	0
1607955	0
131938	0
36035074	0
30240344	0
34781117	0
36714911	0
2420596	0
971343	0
115123	0
30627867	0
1753637	0
3162714	0
313139	0
5967535	0
16054800	0
175396	0
4607159	0
94755	0
17700125	0
5596271	0
20875137	0
3660593	0
2426000	0
6402318	0
31771918	0
1130770	0
3192812	0
47860947	0
5156918	0
6405039	0
2181451	0
9606542	0
3302321	0
101655	0
666938	0
37759153	0
8408239	0
3528114	0
4367656	0
1234299	0
30605443	0
22033211	0
6483498	0
10331173	0
114712	0
32935396	0
17628269	0
30617835	0
5403951	0
635838	0
29919386	0
743051	0
50376	0
21578741	0
43404733	0
37932785	0
33688428	0
192998	0
934536	0
8469767	0
23655649	0
7354264	0
21363863	0
28492772	0
22848013	0
35504172	0
35192102	0
34860356	0
46269901	0
4737182	0
413244	0
30914656	0
14870403	0
47603161	0
505336	0
17458032	0
23233713	0
7861489	0
16566175	0
1093364	0
45383985	0
8604701	0
526869	0
48972839	0
4847070	0
751807	0
33561409	0
518156	0
5842364	0
12911638	0
20392528	0
9709449	0
8420221	0
9725219	0
13707579	0
16860	0
36204384	0
547526	0
32050739	0
5985274	0
6457625	0
19020793	0
2932996	0
12035535	0
14309905	0
1505915	0
1463587	0
2467257	0
26010438	0
6352320	0
15724111	0
22271031	0
1508978	0
41239104	0
7699807	0
15915320	0
1748671	0
18741769	0
1685644	0
33134011	0
1487091	0
25724649	0
6446062	0
3172058	0
23528511	0
461026	0
43623049	0
42802003	0
6045567	0
36450726	0
40892582	0
553144	0
11474168	0
22858525	0
46868582	0
41018884	0
18083210	0
28557054	0
36497181	0
6032698	0
16180545	0
1960999	0
8822603	0
1713107	0
214532	0
809606	0
939816	0
192048	0
27210600	0
4528363	0
1715404	0
1581868	0
4732574	0
2977756	0
1950118	0
32747714	0
34764152	0
31171908	0
41468515	0
23709154	0
10938251	0
4554768	0
10381202	0
176535	0
8522576	0
6718564	0
6955246	0
15317041	0
45267552	0
1448631	0
41566717	0
4249557	0
2667525	0
17670854	0
2851711	0
28105313	0
7857326	0
28972451	0
15810422	0
14455550	0
31862710	0
10836993	0
20870523	0
3537528	0
1431782	0
2820985	0
3190763	0
42896951	0
1051753	0
7425198	0
20998930	0
1598334	0
34274634	0
45607822	0
2387299	0
45574454	0
32422671	0
4585157	0
5342290	0
1805269	0
5597037	0
1598012	0
16849033	0
7350784	0
4568228	0
4973885	0
11577978	0
10809750	0
3854501	0
14303537	0
4910977	0
2684696	0
12517778	0
16441093	0
14422047	0
585613	0
20576959	0
130688	0
18466116	0
4805608	0
178618	0
7773258	0
35891760	0
5409766	0
31961058	0
328448	0
1187920	0
736150	0
24983102	0
2884906	0
33995029	0
1994340	0
28303948	0
2189065	0
6828811	0
3146104	0
1044568	0
29575415	0
31093887	0
6822591	0
12825548	0
5906580	0
7168137	0
582798	0
588314	0
33483749	0
4369621	0
3785635	0
1367670	0
2468544	0
34300732	0
49626	0
6836643	0
2770166	0
31985824	0
9110582	0
18694937	0
33815838	0
7797	0
23299382	0
2381445	0
7427296	0
357739	0
28201167	0
11195154	0
17915762	0
34380676	0
3322741	0
23929935	0
18267230	0
40662339	0
6901537	0
4458624	0
5375577	0
958759	0
1935441	0
40202832	0
13551092	0
22466836	0
11011542	0
26476814	0
240433	0
2993553	0
2513785	0
29592326	0
3778421	0
31788191	0
34992818	0
39848864	0
35732025	0
20116437	0
6628242	0
25577408	0
102607	0
40394865	0
5544967	0
651206	0
4385562	0
3401611	0
144862	0
43521047	0
19595300	0
7966125	0
9351661	0
39398356	0
2967608	0
3660422	0
18286740	0
3030352	0
12493658	0
15394814	0
2831260	0
1957928	0
2415246	0
984468	0
34822117	0
47862235	0
41639219	0
16079372	0
1784032	0
8664466	0
31549053	0
6206930	0
32650596	0
5557589	0
33242858	0
13304889	0
6833487	0
19745	0
28916777	0
7847252	0
159979	0
8270122	0
4582289	0
720297	0
21441500	0
2691726	0
18234471	0
797114	0
13524938	0
2220103	0
7211547	0
4943117	0
6822337	0
30883503	0
47054297	0
5721951	0
9185888	0
17681678	0
37785947	0
957869	0
451399	0
4684892	0
4947658	0
3618331	0
46868488	0
410036	0
410788	0
4457786	0
30637459	0
3748268	0
2179265	0
4902595	0
25214855	0
8894593	0
11731541	0
14928026	0
19397918	0
1205618	0
4763292	0
33629121	0
3485734	0
1369805	0
37220174	0
12802748	0
2715967	0
560904	0
311545	0
24870465	0
23516679	0
43604259	0
2051727	0
44819596	0
6565147	0
3621323	0
15034172	0
12457224	0
16184288	0
110982	0
242281	0
35753187	0
3668827	0
16223729	0
230344	0
11966762	0
10802926	0
1312295	0
3745762	0
28041790	0
3292061	0
