1099120	1
285335	1
88382	1
4830397	1
32840014	1
30876605	1
15354617	1
7315335	1
36509063	1
907489	1
8887430	1
29066288	1
6328634	1
18201780	1
20054558	1
7163183	1
3311534	1
261926	1
6288111	1
19617179	1
2521161	1
5605016	1
12423581	1
3453015	1
1627834	1
13543993	1
1652059	1
11046332	1
30694338	1
6657907	1
33659008	1
18555218	1
2735749	1
22648550	1
3501746	1
16267289	1
1123574	1
7538875	1
10030342	1
17360849	1
488375	1
20160277	1
728007	1
115572	1
2085933	1
36752671	1
33522839	1
294857	1
13122711	1
157660	1
1455553	1
28858070	1
232141	1
72340	1
25880222	1
1831232	1
12769924	1
10202552	1
4825655	1
16858693	1
37630993	1
30637516	1
25380213	1
49396032	1
7820225	1
16060344	1
1271298	1
252408	1
12174108	1
195946	1
6130288	1
13858035	1
2623328	1
2144451	1
8734162	1
42487981	1
36199894	1
27370725	1
36478533	1
18711912	1
5963774	1
28838258	1
23828	1
594252	1
37620048	1
887305	1
12257992	1
4019946	1
3244	1
20621802	1
5824976	1
1641714	1
993389	1
3068011	1
358249	1
2282099	1
1595636	1
6660419	1
196700	1
221126	1
10597978	1
2342683	1
265066	1
1156279	1
9021548	1
20491743	1
18481392	1
3542647	1
4043646	1
26878200	1
733327	1
1230252	1
29592043	1
2172971	1
2062	1
837589	1
634989	1
467504	1
11008292	1
19938000	1
13500997	1
37888125	1
3557131	1
18066995	1
4718691	1
946234	1
2521117	1
4395662	1
21167513	1
8001195	1
18645735	1
9877171	1
22346488	1
928511	1
5599656	1
15691012	1
7999675	1
5981387	1
3380174	1
19763531	1
23178815	1
10212427	1
2122632	1
863874	1
19837214	1
6194870	1
334872	1
14566	1
62560	1
13971505	1
7308487	1
33308385	1
160278	1
2155133	1
29143387	1
37407	1
2439816	1
10978386	1
7526009	1
31165684	1
15895763	1
5867872	1
727290	1
1511138	1
305819	1
16928133	1
4374393	1
29473770	1
23502995	1
7268672	1
2781154	1
4131152	1
28334797	1
22766423	1
12219611	1
6237263	1
1166399	1
74227	1
900866	1
17672776	1
3860043	1
308199	1
1841564	1
546681	1
19027603	1
12096113	1
18952469	1
299896	1
25744663	1
100031	1
5196989	1
18714859	1
5846194	1
26835496	1
455737	1
842178	1
1965604	1
1989888	1
3345495	1
22215583	1
29738771	1
3311212	1
4126271	1
715413	1
27688062	1
1511127	1
1627104	1
357182	1
11311176	1
23214057	1
93806	1
47105298	1
3844846	1
3496664	1
27304623	1
9455951	1
19356529	1
10034681	1
5233798	1
221954	1
582101	1
1496548	1
20076409	1
12330778	1
23448	1
38036367	1
2767595	1
1784743	1
211584	1
84496	1
64676	1
16021160	1
21378419	1
12368555	1
5354419	1
29204554	1
3101743	1
5033087	1
5559570	1
33234971	1
26273985	1
1786230	1
556449	1
4185610	1
412120	1
9114792	1
38253255	1
3459421	1
11592638	1
13286099	1
279605	1
1361541	1
2175420	1
321345	1
796623	1
25523230	1
18865647	1
1853662	1
3589451	1
18350779	1
81065	1
879537	1
2163333	1
5464903	1
15950225	1
1999000	1
70509	1
7445919	1
2447984	1
37982091	1
2646684	1
9333963	1
1359996	1
46408567	1
3287319	1
3668285	1
4259944	1
4376271	1
515304	1
70642	1
557736	1
23093525	1
34343155	1
1264090	1
1790711	1
293605	1
1136347	1
2512958	1
33155418	1
628044	1
1805771	1
9781207	1
181547	1
81276	1
489469	1
17975040	1
28529333	1
26201236	1
19837469	1
3874366	1
11010365	1
2363318	1
14370346	1
888430	1
3433722	1
75327	1
3138665	1
5308538	1
44155451	1
5874470	1
4346835	1
754903	1
19252259	1
20605648	1
1156240	1
859532	1
29514243	1
3880043	1
704496	1
25204912	1
2785514	1
23968401	1
1610108	1
2242719	1
28128943	1
302631	1
9413925	1
7298112	1
23438289	1
25829222	1
318564	1
1621497	1
17567811	1
36479323	1
537926	1
1318899	1
2069814	1
15918317	1
3835717	1
2603955	1
1520636	1
19391805	1
34254205	1
9438502	1
1974450	1
577213	1
8391564	1
15592870	1
19914476	1
1195770	1
1944937	1
39626736	1
23508753	1
6237919	1
9494297	1
598695	1
11695714	1
1595611	1
28164620	1
1660	1
481782	1
2664444	1
34865325	1
6372917	1
750831	1
536778	1
1630047	1
2449503	1
878752	1
2635839	1
1083920	1
5558358	1
153586	1
3811039	1
957080	1
4575990	1
5811912	1
40093192	1
28607	1
17790907	1
5104358	1
393609	1
4554063	1
20724763	1
18252240	1
1661647	1
8654816	1
16025229	1
24087615	1
1599554	1
1327639	1
18463762	1
9694141	1
6743781	1
837911	1
905798	1
11376908	1
721264	1
47259964	1
9748214	1
483800	1
2671219	1
179058	1
35282352	1
5632141	1
15842961	1
4454861	1
10885444	1
20227365	1
18952312	1
5476389	1
10035554	1
1884319	1
9033	1
27351072	1
28104012	1
6016467	1
456264	1
5425848	1
7529759	1
436360	1
6107624	1
5642184	1
1828359	1
2743685	1
44833	1
8452507	1
71932	1
1283248	1
3792187	1
2877379	1
8864219	1
185542	1
31770121	1
1855470	1
24344071	1
40382296	1
252252	1
11349485	1
4871072	1
3970650	1
2418157	1
14355683	1
170766	1
2439215	1
13389064	1
6017309	1
43553878	1
5322009	1
1824952	1
26432996	1
147123	1
34504863	1
38562882	1
9756720	1
16195307	1
42933297	1
2172990	1
3428900	1
514815	1
7781951	1
25766664	1
16615443	1
1918265	1
2463298	1
16079798	1
21173018	1
46935281	1
5272763	1
2008159	1
5510605	1
42487365	1
2180562	1
3142737	1
40908339	1
3854299	1
25027467	1
481366	1
354436	1
390875	1
779591	1
2117627	1
10325897	1
38261	1
2736758	1
14310703	1
11467627	1
6978099	1
34252354	1
4514477	1
13560448	1
859766	1
9166749	1
16774220	1
15698705	1
6482492	1
8414628	1
24457470	1
20651652	1
21398479	1
107109	0
7450186	0
1211094	0
470897	0
1735221	0
3249403	0
25015488	0
1890159	0
20535052	0
1587126	0
25989635	0
9769680	0
9133071	0
2811764	0
22068917	0
3532566	0
935456	0
41103364	0
2382730	0
20914691	0
4739884	0
2467322	0
20125290	0
18734298	0
707943	0
1639896	0
12781086	0
43844035	0
779435	0
42830807	0
2288732	0
2637548	0
10071758	0
21476195	0
5322666	0
931326	0
17413998	0
3012872	0
16337864	0
36814748	0
44485742	0
2395970	0
6719855	0
30864442	0
1902963	0
434614	0
874251	0
157294	0
860080	0
2475437	0
28903086	0
7960322	0
21762151	0
31322792	0
1290597	0
24833629	0
10321467	0
7192788	0
41231715	0
26533118	0
32320276	0
482867	0
45428886	0
1766564	0
4273825	0
583037	0
9580968	0
5370171	0
6434117	0
5726849	0
4117596	0
12820841	0
24005806	0
8246611	0
21605711	0
40177779	0
1469203	0
10971057	0
6152326	0
36845792	0
128349	0
1939621	0
6258521	0
5432440	0
6440440	0
10123819	0
32567736	0
21514733	0
1892661	0
41294745	0
23314586	0
2080941	0
4215524	0
1999227	0
24604195	0
498947	0
11992476	0
27648868	0
10143509	0
319219	0
7564981	0
7032041	0
20729481	0
34375446	0
20768389	0
3823332	0
10878338	0
1958938	0
23666689	0
9552401	0
22118314	0
1951676	0
2682628	0
6204355	0
1493074	0
10287476	0
5737766	0
6401338	0
4651806	0
902849	0
38268164	0
30336596	0
10386867	0
20233139	0
30871384	0
33176735	0
11246471	0
9863727	0
19651332	0
15165302	0
5283815	0
1796192	0
6476478	0
15115649	0
19861429	0
7651142	0
74601	0
26355163	0
622794	0
27734046	0
7920509	0
26279594	0
1234493	0
929151	0
22732857	0
12424171	0
18794028	0
18789497	0
16118096	0
4125366	0
1226201	0
28874833	0
13661204	0
13974006	0
12159136	0
2902645	0
22084353	0
3442286	0
31928852	0
16944960	0
2677123	0
34016487	0
1181836	0
1303421	0
21262761	0
130863	0
2079939	0
7256987	0
36663186	0
6450382	0
41207464	0
31254793	0
27803856	0
1456091	0
5480615	0
32757595	0
105446	0
14302771	0
32716299	0
1779792	0
12754630	0
296653	0
21054931	0
9596026	0
1933718	0
985755	0
31474926	0
613634	0
40636645	0
26813961	0
21520630	0
7206097	0
6880955	0
10007577	0
4391729	0
6826393	0
21322929	0
3048981	0
6109122	0
866668	0
3457113	0
7216695	0
4573728	0
31444505	0
24067076	0
2115935	0
520333	0
18062558	0
13873432	0
1437048	0
26343804	0
5900007	0
3565015	0
30704284	0
2722578	0
13129223	0
7972169	0
41494239	0
1013155	0
2821019	0
18875011	0
18949637	0
5423809	0
11769129	0
15541965	0
24488014	0
32164516	0
621774	0
313907	0
22353262	0
38329703	0
16591056	0
1340806	0
28727842	0
2668180	0
898706	0
16672459	0
12815307	0
3119019	0
10575289	0
14521829	0
12756815	0
2228850	0
1209664	0
5043716	0
611097	0
19731673	0
8806779	0
26042573	0
14454439	0
24751386	0
39491480	0
8341797	0
1820656	0
13950155	0
127324	0
15366135	0
48747063	0
637254	0
6445918	0
7596308	0
1539310	0
2444671	0
40270980	0
31683220	0
40457398	0
10763417	0
28723792	0
6934841	0
20537071	0
42119537	0
2767425	0
664460	0
44403929	0
323443	0
9311172	0
35933147	0
6154142	0
28092344	0
24321744	0
6825527	0
3878247	0
134776	0
24677713	0
12636221	0
1313988	0
19484394	0
34314532	0
1277932	0
28723963	0
1783343	0
3817695	0
42736484	0
7892777	0
16909644	0
5423463	0
8520227	0
7112232	0
1324566	0
5777918	0
3545888	0
18814709	0
1265096	0
45601405	0
19924630	0
11197954	0
396730	0
7438520	0
6930599	0
33431636	0
45215653	0
37133262	0
2062478	0
15523518	0
15220373	0
3162528	0
38907931	0
23424419	0
37995070	0
40600392	0
9062320	0
13547405	0
15901547	0
2192258	0
3171653	0
27598409	0
30586547	0
24692547	0
25432033	0
9799896	0
19781012	0
1053554	0
5535909	0
30005185	0
19542974	0
9702266	0
7021015	0
5918180	0
6231049	0
24270690	0
37265422	0
5807283	0
10424901	0
4852749	0
4227497	0
7211613	0
6551986	0
34502762	0
6736085	0
15981023	0
8462520	0
32570	0
1312972	0
4491404	0
21228221	0
17057870	0
2857942	0
41555978	0
22408198	0
20449646	0
1930912	0
11616139	0
29608905	0
6144483	0
7408073	0
24864375	0
41849258	0
13093600	0
737321	0
38643934	0
47264902	0
1206479	0
15712867	0
2430529	0
20785833	0
23720387	0
44381086	0
6770816	0
18788937	0
1466021	0
8638310	0
27113038	0
12447623	0
45383326	0
5141167	0
3673652	0
17792781	0
29460275	0
126624	0
10404890	0
22068712	0
938935	0
3332988	0
10310058	0
25734071	0
22969632	0
125812	0
2796400	0
420576	0
2365126	0
4169935	0
22357548	0
41852209	0
6817827	0
2557067	0
1918922	0
32122593	0
16878819	0
17291227	0
49432500	0
111341	0
4809138	0
1459659	0
42585328	0
8617622	0
23586890	0
1010217	0
21500453	0
13489847	0
23436273	0
45389396	0
937321	0
2256737	0
26774730	0
3687391	0
39805775	0
11790476	0
7585117	0
1579032	0
3427989	0
22225585	0
22166535	0
19205443	0
13983717	0
2669396	0
9604505	0
412654	0
61588	0
10947136	0
37418620	0
9083731	0
25632763	0
12984507	0
2872082	0
431971	0
38079100	0
4029769	0
6167842	0
29399462	0
29781514	0
979119	0
32173730	0
5746902	0
308212	0
970688	0
5490436	0
443210	0
270840	0
20549644	0
30093685	0
2950310	0
30046842	0
328038	0
27779902	0
12575150	0
12900799	0
15027202	0
8282374	0
2118359	0
12427997	0
905658	0
7445980	0
19091299	0
15345102	0
4952848	0
1277302	0
18060	0
38228100	0
940243	0
18747259	0
2868056	0
8908042	0
7627432	0
18110924	0
430694	0
103743	0
4661875	0
6103957	0
25502952	0
170565	0
39718459	0
4978261	0
1236607	0
14119531	0
20614109	0
10624923	0
8805174	0
504055	0
725984	0
18675252	0
