3416617	1
335745	1
17473962	1
161314	1
124098	1
642105	1
11638860	1
5343636	1
7795147	1
674611	1
111102	1
10110	1
26430988	1
5654958	1
666973	1
1110285	1
20730873	1
2817162	1
3516644	1
21535315	1
915984	1
8280952	1
4070671	1
66625	1
350491	1
1139658	1
319618	1
153568	1
11428187	1
34771749	1
22411898	1
2553760	1
4907633	1
20676825	1
156576	1
337069	1
1615287	1
594188	1
109633	1
21494335	1
66283	1
2506816	1
44943	1
690296	1
21637	1
1918246	1
936980	1
5718831	1
3993800	1
2313629	1
4516384	1
2359927	1
48400455	1
410809	1
125597	1
1864436	1
335750	1
2346853	1
636056	1
147187	1
28390295	1
29132196	1
591540	1
17110708	1
34031098	1
1949760	1
3527105	1
2327614	1
4423586	1
57834	1
594305	1
42859225	1
403227	1
533088	1
6312499	1
23155492	1
322641	1
953494	1
3260655	1
20332168	1
2519838	1
25438213	1
2362139	1
995531	1
7089992	1
34221886	1
13239722	1
374440	1
3807682	1
48910785	1
202072	1
1466212	1
25965538	1
8913185	1
885824	1
14669207	1
507154	1
76310	1
21945932	1
657967	1
635025	1
23247908	1
41640506	1
1955127	1
35234562	1
6093131	1
1346889	1
4436534	1
4652449	1
4951894	1
255551	1
3935817	1
13526227	1
5425688	1
30670468	1
6707417	1
18678409	1
15545281	1
4728088	1
9514	1
575113	1
10091315	1
2796676	1
370064	1
4444676	1
3436302	1
1086453	1
1616818	1
235465	1
1584244	1
716738	1
2288351	1
121439	1
4177	1
584682	1
26994418	1
6122630	1
2174883	1
2038117	1
7787706	1
33416394	1
29771748	1
2922069	1
23150864	1
1592222	1
1600789	1
1166288	1
6081567	1
24728909	1
7525250	1
3829770	1
22661553	1
155095	1
353254	1
11041752	1
4390577	1
582284	1
179030	1
30157836	1
4649	1
55639	1
4672289	1
249406	1
33903477	1
18444712	1
12151379	1
787997	1
2259783	1
17319745	1
3705068	1
348134	1
238285	1
8094391	1
2119828	1
381565	1
7947508	1
1443611	1
1268236	1
20536523	1
228012	1
31228114	1
184994	1
1245864	1
1789576	1
2490952	1
16004493	1
4459836	1
18767984	1
2670688	1
2925562	1
375670	1
1904581	1
634997	1
21211109	1
20284588	1
899442	1
343069	1
56982	1
25905935	1
9239459	1
4819031	1
3415409	1
19356604	1
2477682	1
6389650	1
2016347	1
433992	1
30127340	1
953223	1
9117794	1
14235706	1
11127333	1
7787373	1
14361035	1
1966622	1
1764827	1
2255650	1
2241576	1
10575149	1
4499735	1
1441221	1
7483538	1
19412959	1
6236001	1
848157	1
7607101	1
8161655	1
3787273	1
165934	1
5059307	1
22594941	1
2792038	1
365270	1
3723622	1
1816950	1
1135446	1
38642363	1
8202428	1
4206576	1
2126867	1
4095959	1
2336544	1
428205	1
3658963	1
1846384	1
1518006	1
18950817	1
478451	1
26878029	1
145195	1
913721	1
1910939	1
3651670	1
28047774	1
3812535	1
13760692	1
2550286	1
153569	1
14734214	1
582070	1
733993	1
1254208	1
7438539	1
2287636	1
13502786	1
35978840	1
82764	1
1822425	1
899563	1
340081	1
1097916	1
34866612	1
1655706	1
1312465	1
5619898	1
7392328	1
1791514	1
1529051	1
259648	1
14982672	1
537229	1
1480329	1
1306067	1
2664908	1
183753	1
2793610	1
14742206	1
29637992	1
13920865	1
46379	1
6126268	1
29539530	1
526562	1
34661181	1
3431522	1
50420	1
1476306	1
63556	1
63501	1
4511265	1
11178883	1
214196	1
10975780	1
2571348	1
23954729	1
210213	1
1503091	1
787967	1
603936	1
291342	1
7290743	1
3859706	1
2015469	1
159273	1
23425768	1
29594	1
156209	1
5786778	1
35761861	1
5088448	1
3679372	1
95813	1
3538049	1
879256	1
30024856	1
28995750	1
185264	1
11975930	1
2066468	1
24361200	1
3836547	1
20889902	1
15831881	1
6408680	1
2335672	1
5954177	1
3318107	1
4948256	1
604292	1
15052790	1
1061016	1
3387872	1
40584928	1
1972576	1
1673544	1
25276055	1
714358	1
3626977	1
13562270	1
9460581	1
36891072	1
3950248	1
6262423	1
3184306	1
166278	1
9026946	1
458954	1
308094	1
167090	1
758360	1
2280568	1
3332543	1
11300676	1
3679052	1
993267	1
1439786	1
20700559	1
18701323	1
653302	1
20633239	1
38168	1
2873368	1
19281	1
18717177	1
1143571	1
36463369	1
14667459	1
40090850	1
625177	1
18512442	1
386085	1
717596	1
19944955	1
4381	1
15431238	1
3615672	1
6967984	1
5856020	1
3385820	1
7128412	1
25344738	1
2097448	1
181250	1
2103278	1
20290240	1
22848598	1
6184162	1
2712712	1
25077559	1
549982	1
4127424	1
7670893	1
218165	1
27495499	1
30602188	1
757045	1
44202804	1
11236984	1
8201069	1
2100138	1
2776889	1
19379	1
412433	1
151314	1
1868243	1
26912918	1
342324	1
26997138	1
11406882	1
30859360	1
9518644	1
4518380	1
2174309	1
644622	1
26970410	1
1256956	1
48351	1
522822	1
20790019	1
1629327	1
7416399	1
24513964	1
6065468	1
84239	1
1680720	1
622597	1
315901	1
406072	1
1065834	1
419493	1
34340464	1
1591945	1
14035374	1
1997230	1
1238914	1
19083726	1
3710057	1
79734	1
38341471	1
12556688	1
147711	1
178677	1
7154609	1
6205155	1
25647323	1
10970937	1
8517247	1
259649	1
6415628	1
1308895	1
296256	1
2066666	1
409973	1
414306	1
423503	1
3420988	1
621539	1
12272053	1
14471012	1
14460964	1
13850469	1
32384324	1
740989	1
1324771	1
3224609	1
1941141	1
314444	1
2256308	1
9679947	1
872141	1
11114228	1
7248794	1
874511	1
20298815	1
7969061	1
5164749	1
1705139	1
621503	1
1680403	1
18401637	1
28062784	1
10035266	1
18071375	1
63233	1
24961418	1
352392	1
839571	1
1500480	1
14824681	1
2372030	1
2539827	0
11901968	0
2311241	0
26003499	0
572738	0
1685671	0
4839720	0
5011344	0
46427022	0
4725586	0
4633650	0
2092057	0
4944305	0
1497778	0
41784597	0
525736	0
18611455	0
28201746	0
2763655	0
27393533	0
53721	0
39089418	0
17210575	0
17512929	0
2068277	0
46434142	0
1542982	0
9639966	0
3303027	0
3320312	0
2603023	0
2497388	0
1261966	0
12879986	0
261633	0
6809462	0
14081685	0
26031010	0
22612604	0
35591174	0
7034933	0
120146	0
19315970	0
185361	0
120167	0
701320	0
21862928	0
2878060	0
3191116	0
15472872	0
23464710	0
13185521	0
38853290	0
37672170	0
45030687	0
18302884	0
25676969	0
1610065	0
36570071	0
25366033	0
26077507	0
3296140	0
42562023	0
112974	0
8169701	0
205144	0
10683518	0
37756307	0
3102541	0
22591738	0
23427012	0
26095235	0
44552802	0
137978	0
23579370	0
10924899	0
19367537	0
10159517	0
44084515	0
9170466	0
18432437	0
2253338	0
445630	0
22445585	0
41779261	0
30961932	0
47625517	0
12176505	0
22545845	0
1777090	0
3809000	0
111169	0
1242074	0
10806186	0
2872394	0
13226289	0
1814143	0
39492222	0
596200	0
182787	0
5798724	0
32068333	0
5603755	0
3033310	0
1964700	0
6827296	0
3594525	0
124030	0
9725026	0
6316599	0
1113688	0
145533	0
38214078	0
45018149	0
3786075	0
6147909	0
38101196	0
3110814	0
10801309	0
6018847	0
22555547	0
508647	0
9772868	0
4355941	0
13000873	0
19115083	0
21434671	0
12976262	0
23855061	0
24567408	0
1407645	0
29315087	0
7450230	0
537788	0
19237560	0
26759907	0
34684037	0
195840	0
5742358	0
17899129	0
40793402	0
5113415	0
3444355	0
42368760	0
15113350	0
19918405	0
37868165	0
29532421	0
4449507	0
12439938	0
1418435	0
25118708	0
13056894	0
162282	0
10246512	0
2354041	0
12262345	0
30626621	0
19715122	0
26454285	0
18932530	0
23184454	0
735276	0
44829799	0
44376190	0
35768581	0
18842953	0
5822840	0
727569	0
23738757	0
47303261	0
26965303	0
1159846	0
13023061	0
39190	0
5535378	0
48524738	0
3363172	0
26944449	0
8626691	0
40725016	0
12961614	0
2374770	0
12127686	0
44385306	0
13409741	0
6822819	0
14734045	0
8281639	0
1090481	0
32347625	0
23546442	0
10299375	0
32169679	0
19457369	0
368558	0
26842169	0
37454039	0
13170984	0
6890667	0
9817659	0
799662	0
24421921	0
1695229	0
2429024	0
5444617	0
32305358	0
40162940	0
20924437	0
730774	0
35106319	0
1921227	0
34501941	0
13843005	0
34776878	0
12900447	0
168115	0
9766600	0
2985960	0
394780	0
309334	0
3842646	0
3675153	0
111657	0
14401944	0
3431258	0
6910649	0
27041816	0
43005237	0
35999709	0
2184318	0
1913856	0
4813426	0
15455542	0
39025556	0
13874815	0
6521984	0
7117584	0
7114807	0
428580	0
1393503	0
9166157	0
15561118	0
81284	0
20833	0
13147304	0
3183401	0
44297089	0
4920038	0
4209752	0
14032385	0
465004	0
15747918	0
30996933	0
211509	0
359165	0
15318437	0
14832193	0
4755329	0
32905522	0
1544583	0
1112652	0
15130810	0
394989	0
40785881	0
26460340	0
1127429	0
22820498	0
12598030	0
6000118	0
28863064	0
12699078	0
17868188	0
10595752	0
6738089	0
9382452	0
17444448	0
2896168	0
1756493	0
15439231	0
38484583	0
10514629	0
27456964	0
30158745	0
37888125	0
750263	0
33723509	0
1041974	0
38373770	0
20707398	0
7419883	0
2226852	0
23592044	0
395171	0
13409827	0
1060627	0
28822216	0
8893733	0
21168296	0
7747113	0
22085223	0
19360683	0
1643973	0
30000765	0
6929717	0
3185111	0
6026803	0
41888149	0
8243789	0
4549303	0
9462064	0
10706064	0
24983681	0
3915829	0
5745253	0
2538563	0
1300118	0
16043087	0
28096811	0
9331985	0
268774	0
48620138	0
22065545	0
30750772	0
1102009	0
29845871	0
14964661	0
4560910	0
14877607	0
1658421	0
13969427	0
36406914	0
40446618	0
9558798	0
42244397	0
22157456	0
14571875	0
15859401	0
23586735	0
3335796	0
4578068	0
8290938	0
2983960	0
5838479	0
11298738	0
3284437	0
18349090	0
37417759	0
7846741	0
1982514	0
2724191	0
10219783	0
149998	0
4301418	0
485787	0
10854629	0
597144	0
6155147	0
3100167	0
37670482	0
5116174	0
36991864	0
1539428	0
1924538	0
13642509	0
17000799	0
15912366	0
4133235	0
9534670	0
48869775	0
1480772	0
31382385	0
19925880	0
16768010	0
14410549	0
11750296	0
22663637	0
5565742	0
16799420	0
11273300	0
1345903	0
17008436	0
25645966	0
9112083	0
28068367	0
797186	0
1877230	0
10561040	0
2611302	0
122436	0
32689803	0
161779	0
2330374	0
39814805	0
512036	0
7968285	0
15605859	0
3163487	0
1228368	0
40203	0
19094870	0
35592844	0
26026777	0
5489942	0
27745587	0
8199166	0
22683142	0
6715225	0
8345891	0
22679145	0
8290892	0
44978534	0
5608793	0
6780276	0
305224	0
1645871	0
47618088	0
14708899	0
40936288	0
13123241	0
2398408	0
12597751	0
21245079	0
36654294	0
802043	0
35253716	0
28030373	0
42392521	0
22467182	0
11153298	0
32655191	0
2926150	0
4576292	0
18747777	0
34545360	0
37749181	0
1825718	0
7409149	0
23924719	0
29570761	0
1119973	0
38153404	0
37192681	0
25421663	0
37244368	0
5529808	0
18184	0
11315639	0
7514756	0
2664825	0
4637046	0
11144232	0
15253461	0
2698762	0
30489733	0
90627	0
36233625	0
2295010	0
37232034	0
427950	0
39565408	0
145057	0
2065692	0
39843520	0
11687578	0
12608806	0
18660832	0
3486580	0
137230	0
21165692	0
36894327	0
18091840	0
2384435	0
30304758	0
33564062	0
39404282	0
45250150	0
41701076	0
2255825	0
539091	0
3140570	0
17128858	0
550167	0
42308481	0
5153333	0
7384861	0
13237480	0
1861580	0
124514	0
7921841	0
11320130	0
18320302	0
29834359	0
2444761	0
12351377	0
16783523	0
32250942	0
2104761	0
24312535	0
14385878	0
