1777029	1
2069358	1
384430	1
825876	1
37969	1
8434274	1
2379261	1
443480	1
19477806	1
303051	1
168010	1
23649300	1
600882	1
16258552	1
11419150	1
61937	1
8531404	1
24768	1
19742355	1
9847000	1
214943	1
473191	1
711405	1
284788	1
21207241	1
18978679	1
2659903	1
19742572	1
27034	1
1818294	1
6597	1
14896069	1
52570	1
37220	1
25286	1
5741239	1
15444805	1
760922	1
437573	1
20596557	1
585095	1
19985174	1
14999242	1
9797907	1
1961034	1
515468	1
16914411	1
27772212	1
99821	1
1052621	1
2855500	1
36757585	1
335098	1
1950418	1
7363417	1
654821	1
5047	1
201116	1
990249	1
48212	1
23420	1
35134065	1
1408431	1
9508868	1
25125130	1
502512	1
5577531	1
132472	1
302565	1
197760	1
26496776	1
6647231	1
16292907	1
5689882	1
19742427	1
91231	1
7301474	1
29560358	1
509025	1
3152275	1
56277	1
91225	1
639342	1
539132	1
14788961	1
1039519	1
47839432	1
36356811	1
693712	1
441357	1
1041297	1
79713	1
1090064	1
1503220	1
27003	1
9175241	1
7293542	1
10904336	1
21378419	1
13363037	1
413408	1
11309920	1
19516155	1
2249452	1
3788564	1
1032733	1
545520	1
8342022	1
3190469	1
2418846	1
47850086	1
2830226	1
555070	1
13012922	1
451041	1
2669492	1
563271	1
50469	1
1053404	1
581874	1
2456697	1
154909	1
724150	1
475108	1
384384	1
113723	1
538676	1
6817936	1
13378422	1
14191346	1
334845	1
30508619	1
1814932	1
3178793	1
65886	1
173181	1
1997	1
152288	1
6198008	1
3046299	1
6613716	1
4249371	1
25578530	1
43551	1
1126907	1
6238102	1
124646	1
12991382	1
36739671	1
28904321	1
803	1
2067201	1
2309573	1
6426696	1
2423264	1
342852	1
53090	1
2120585	1
444368	1
1148043	1
32961	1
515758	1
1401259	1
5282	1
4552838	1
90267	1
5334377	1
328501	1
8201052	1
61950	1
43397	1
693615	1
305286	1
13013117	1
1097107	1
104482	1
8155643	1
4693	1
2898985	1
14709171	1
48130	1
1006628	1
2066891	1
152827	1
23546532	1
18291	1
54229	1
223140	1
24653612	1
219545	1
1638756	1
210015	1
1247285	1
191214	1
356375	1
2111565	1
771717	1
19742034	1
144137	1
4806492	1
1077765	1
286976	1
19742139	1
2304475	1
22124671	1
690780	1
2892412	1
26152	1
8857133	1
16971	1
1118228	1
1572122	1
1626440	1
5689803	1
435078	1
6672660	1
5689622	1
1052653	1
1077865	1
10299401	1
904127	1
28271	1
5856169	1
41678417	1
1386585	1
24071801	1
53457	1
20656228	1
2409315	1
153465	1
13152	1
20091022	1
9624478	1
245933	1
66715	1
491986	1
904489	1
15010808	1
205483	1
21671724	1
189018	1
21492663	1
51469	1
40362576	1
1027240	1
817886	1
88487	1
79270	1
232843	1
3670951	1
926863	1
738027	1
513591	1
2082160	1
20091035	1
12384496	1
158169	1
38945	1
23926998	1
2321056	1
294812	1
367867	1
2383575	1
740710	1
20105223	1
1230412	1
2324639	1
167906	1
2966372	1
408050	1
4353272	1
29000	1
2204	1
23277840	1
9817873	1
768938	1
6700	1
470826	1
176239	1
30876044	1
19770363	1
12930665	1
16132510	1
238084	1
36979	1
8796211	1
73426	1
35249690	1
6038096	1
56315	1
47862514	1
2418176	1
1014	1
5911869	1
5082697	1
724925	1
37566	1
19602301	1
8111554	1
37138	1
14660227	1
188560	1
18625077	1
82029	1
24657	1
101905	1
2717302	1
30916	1
3071182	1
18062	1
1847838	1
11818954	1
20605896	1
32427	1
12891610	1
1510490	1
67401	1
3848484	1
1202680	1
6211807	1
541469	1
3070039	1
23370463	1
16527148	1
164497	1
16793	1
18818428	1
3094213	1
226999	1
905664	1
23206	1
69176	1
1180485	1
1116736	1
213403	1
318427	1
6936	1
147721	1
335617	1
58122	1
2152541	1
47769544	1
38310	1
8546148	1
262890	1
2915988	1
371470	1
27730	1
264016	1
23455006	1
4365490	1
11835749	1
199516	1
82420	1
41972321	1
35275727	1
37030113	1
43344741	1
3500819	1
30584581	1
1360454	1
171335	1
4196433	1
40981147	1
33696661	1
723407	1
501697	1
9763415	1
761542	1
13555	1
8153737	1
555006	1
1987177	1
262883	1
8046966	1
64636	1
955794	1
1301759	1
29932	1
1929646	1
208145	1
60951	1
73373	1
1409888	1
28377	1
7578	1
2067394	1
3563233	1
1118464	1
213589	1
14626017	1
21972921	1
78056	1
4990446	1
1890	1
15555188	1
433637	1
2109654	1
1999892	1
761248	1
146609	1
29530945	1
6950025	1
274696	1
26847	1
3055064	1
13755	1
8609894	1
1361149	1
1351991	1
164331	1
1804896	1
10493891	1
147533	1
75473	1
1209545	1
177772	1
10325275	1
8398	1
16913818	1
202447	1
45712	1
26276394	1
13013339	1
11884	1
5560235	1
39670	1
4939896	1
264501	1
1301613	1
2245336	1
1897	1
153752	1
5001610	1
761021	1
2078159	1
601792	1
4984440	1
18561332	1
201259	1
1223529	1
1663823	1
62345	1
22760983	1
178962	1
23162206	1
241260	1
4545192	1
6836883	1
898520	1
87791	1
5369556	1
3828486	1
1455599	1
763968	1
4867178	1
8090237	1
595793	1
7278678	1
212132	1
9164430	1
5356271	1
373425	1
2749777	1
16863160	1
19211	1
27911065	1
11097799	1
9818042	1
35488306	1
36937	1
21673	1
76143	1
2823401	1
34272	1
2914498	1
1056624	1
1468458	1
394594	1
8090690	1
2271008	1
2665959	1
371540	1
39216	1
23276666	1
153500	1
446150	1
6853347	1
1503564	1
59407	1
47837263	1
21670	1
16258647	1
39623	1
289786	1
15045222	1
838873	1
636831	1
178951	1
234721	1
13412560	0
3713087	0
12294297	0
7027868	0
18831757	0
4044862	0
11915417	0
41874850	0
4640880	0
4561015	0
15214636	0
27295822	0
138071	0
856821	0
22206363	0
235102	0
7042089	0
3289842	0
736678	0
47913283	0
366730	0
12087357	0
6249759	0
3875404	0
3296836	0
977032	0
38849	0
29191212	0
33471580	0
44219861	0
615986	0
15888396	0
5805707	0
21050590	0
4613981	0
6061510	0
135119	0
25665943	0
3920612	0
45335776	0
23599485	0
964382	0
109580	0
3470544	0
2490751	0
46940157	0
44924552	0
4953659	0
1496761	0
12429089	0
36363338	0
6986555	0
4447538	0
42578141	0
38251989	0
6061134	0
5116316	0
32719692	0
3001238	0
7933732	0
38182495	0
149872	0
6900838	0
35139936	0
2127551	0
2168021	0
8451880	0
37890819	0
32822033	0
26665753	0
39421769	0
10235561	0
41758778	0
4535696	0
9548120	0
29160496	0
5792358	0
22335412	0
20140054	0
16047435	0
2935712	0
21150045	0
684350	0
36217614	0
3796358	0
25880067	0
2023272	0
6559473	0
29541147	0
10523335	0
25943984	0
206953	0
36007068	0
2360999	0
1939971	0
497554	0
9222167	0
18695868	0
2099075	0
39188924	0
13280060	0
13892431	0
14157942	0
2703027	0
2603058	0
6872724	0
21721134	0
9842048	0
8268819	0
9630347	0
4227281	0
4088607	0
22322657	0
693384	0
1452424	0
1010055	0
40411759	0
12073888	0
15007857	0
7958162	0
18994867	0
30704755	0
22645828	0
44267533	0
11142774	0
3143808	0
3730428	0
3076	0
5301836	0
225266	0
1234112	0
34152784	0
1261599	0
14872823	0
1943907	0
343573	0
140732	0
23256015	0
19689073	0
516316	0
8063375	0
91717	0
2522239	0
3984978	0
12269685	0
38975772	0
5795132	0
32803612	0
6243417	0
20053984	0
1601521	0
499333	0
2600946	0
27563389	0
18434722	0
406984	0
21544809	0
5345125	0
1428338	0
9310410	0
30518659	0
695218	0
2472294	0
467186	0
34392561	0
16166115	0
695345	0
481551	0
19043553	0
6702828	0
453439	0
28625629	0
14628959	0
19475836	0
1110425	0
25117066	0
34122863	0
6517949	0
7436335	0
8697977	0
5023427	0
3103296	0
1658	0
494456	0
2364409	0
26134567	0
3911742	0
33053884	0
2488239	0
3110711	0
91451	0
10177103	0
1678827	0
39584850	0
2439983	0
31236331	0
2341363	0
5205061	0
17143279	0
667330	0
24653708	0
23588919	0
6334319	0
44150652	0
56940	0
3595127	0
4966874	0
62417	0
7299546	0
2632003	0
31815984	0
10816912	0
1310832	0
3469337	0
2026360	0
13825682	0
84907	0
29777928	0
4603041	0
20796249	0
3675496	0
22680262	0
6762953	0
13270924	0
4142280	0
42994560	0
3639884	0
816369	0
32731234	0
429871	0
11553359	0
2603025	0
5476214	0
23731984	0
3167439	0
393065	0
4944640	0
632894	0
35516099	0
27019210	0
42966978	0
6581446	0
3362346	0
15369	0
4092123	0
9282384	0
37404666	0
39609940	0
1481874	0
25819064	0
2792	0
48492173	0
41847269	0
11865766	0
26381244	0
24480703	0
11467338	0
5298643	0
24235687	0
27976076	0
36675055	0
822342	0
877137	0
6773496	0
6875663	0
6137115	0
18284600	0
47518365	0
45660972	0
32493273	0
39075316	0
16754353	0
34875526	0
32601404	0
5293711	0
7927803	0
33101534	0
15917952	0
9796184	0
5502372	0
538268	0
17409953	0
32282952	0
459399	0
4862696	0
32658335	0
26778530	0
28341562	0
13772556	0
12138108	0
18441613	0
15203202	0
9553333	0
26268607	0
1523137	0
3695923	0
35209926	0
1176436	0
16067562	0
9489730	0
3264790	0
12281910	0
3404897	0
1261805	0
3245357	0
13275151	0
385597	0
10326188	0
26043753	0
452227	0
17196437	0
10832381	0
9590091	0
6040546	0
27324261	0
132711	0
3983421	0
29374604	0
27928379	0
439959	0
28626197	0
1917113	0
3547684	0
41832017	0
27972019	0
71081	0
11585982	0
27111316	0
18691469	0
12424754	0
7337693	0
19386193	0
3836377	0
10202552	0
39209161	0
44183261	0
2661754	0
86156	0
500328	0
126017	0
22682631	0
15993887	0
21418700	0
10089602	0
6585925	0
13134966	0
9368431	0
1280257	0
33382893	0
29766672	0
94844	0
35195856	0
73663	0
16665343	0
16788583	0
40151706	0
26614059	0
3817298	0
8934413	0
13689031	0
21733493	0
30527	0
25203090	0
8378021	0
47354597	0
28225141	0
14081265	0
881710	0
25923577	0
11114169	0
19664138	0
77672	0
517146	0
25066352	0
23033236	0
23384952	0
17367596	0
1137544	0
4183704	0
3382014	0
7734434	0
21336068	0
10958701	0
540838	0
3532409	0
35617673	0
6388177	0
32058546	0
1622819	0
108698	0
2184210	0
22711580	0
4024651	0
228678	0
1653455	0
31002206	0
267928	0
28462451	0
135076	0
1316021	0
2637947	0
31719629	0
2032040	0
23491225	0
13813575	0
4034243	0
788930	0
3474073	0
3117858	0
858610	0
864896	0
478982	0
12384257	0
210522	0
33164250	0
1818042	0
5027669	0
1205729	0
45938	0
2707802	0
646745	0
14717471	0
31607049	0
29757745	0
18500925	0
18194870	0
44093157	0
35676957	0
5844942	0
17807582	0
32359505	0
18084127	0
4224089	0
30652813	0
31777871	0
9176471	0
29407509	0
45681405	0
7828606	0
31188063	0
6973423	0
1107582	0
30871655	0
1010850	0
30885366	0
3133926	0
2773990	0
3117763	0
8417271	0
37994651	0
40407247	0
4728055	0
18256184	0
40598230	0
13230524	0
16062150	0
27506117	0
4339511	0
2186604	0
19458804	0
9480280	0
31253668	0
929078	0
41849167	0
4196724	0
7634908	0
44283253	0
10177846	0
1700030	0
21495119	0
107973	0
18208730	0
23842596	0
7443355	0
6125815	0
6525290	0
11647824	0
45674670	0
6701735	0
3929318	0
20454664	0
15880950	0
12380379	0
834644	0
4150605	0
61479	0
3449471	0
32657853	0
297529	0
554261	0
7292723	0
165497	0
25011263	0
37860476	0
1625531	0
26797989	0
4945404	0
44210988	0
1261775	0
46380585	0
