29217994	1
35584490	1
20877000	1
5747584	1
1918850	1
26776485	1
2663963	1
28287501	1
40772916	1
43393149	1
2201646	1
3562988	1
31819232	1
4026957	1
20496338	1
890	1
28858939	1
30047164	1
10978945	1
2927856	1
4035352	1
8005486	1
31289663	1
44457308	1
43746420	1
24431348	1
18832132	1
5792245	1
30335664	1
1964010	1
30873882	1
3757229	1
2564192	1
25012649	1
5801218	1
14933707	1
18349273	1
1968434	1
3644045	1
27235576	1
8812752	1
27975811	1
1554464	1
230185	1
12209362	1
36135191	1
40364090	1
34480736	1
2585381	1
30872858	1
13401585	1
3056011	1
31599391	1
1492531	1
37691304	1
27615896	1
15162099	1
36274836	1
17823382	1
5622444	1
4084479	1
15035484	1
14221612	1
20906319	1
15272670	1
4006471	1
35618633	1
38711077	1
36764633	1
5379749	1
43904313	1
28518150	1
1959220	1
5801070	1
16306899	1
2781154	1
5801613	1
35589271	1
4024644	1
27568953	1
2564465	1
21699155	1
33369224	1
14221584	1
42052446	1
24123667	1
1398079	1
43530779	1
2137359	1
2362606	1
27087467	1
28072784	1
2360831	1
28199801	1
13412596	1
17008356	1
13596797	1
870652	1
1828666	1
30793212	1
34955870	1
2798936	1
7135158	1
35512956	1
2163819	1
5793188	1
48738068	1
15162330	1
12741636	1
22279401	1
30251506	1
5801276	1
5750842	1
36443400	1
37906859	1
3169120	1
3571279	1
3930355	1
1927706	1
5439845	1
2643195	1
2527510	1
27332803	1
4351165	1
12406580	1
24814102	1
2562207	1
1968509	1
15493507	1
33788456	1
775584	1
36971310	1
36174136	1
34495470	1
20682666	1
10510022	1
36998499	1
47030236	1
15052955	1
4024698	1
5694391	1
11993720	1
18781581	1
2267072	1
19966503	1
1978876	1
4473608	1
23652103	1
1967840	1
3931015	1
24931921	1
23861306	1
13994935	1
9810665	1
2792857	1
17733155	1
386411	1
34799310	1
40017873	1
32397071	1
30154991	1
4027836	1
2783962	1
7713041	1
10577658	1
43884799	1
12936419	1
5174500	1
1172365	1
1363427	1
7884089	1
26037709	1
22537468	1
36840653	1
19370774	1
11456261	1
38626065	1
1963137	1
481805	1
17817946	1
32303108	1
41349430	1
2773125	1
38164408	1
2614990	1
204995	1
552153	1
26454952	1
3930485	1
12994960	1
36234785	1
17997286	1
27886717	1
928104	1
772173	1
612538	1
1754380	1
12804286	1
56488	1
780268	1
16184576	1
35540010	1
7653404	1
27965713	1
3429566	1
15178726	1
28136638	1
30656173	1
3822955	1
31262409	1
21248595	1
2715850	1
27895623	1
43636657	1
4077007	1
3272069	1
2225456	1
12022912	1
1750635	1
22796998	1
11695454	1
6368211	1
10978890	1
3484709	1
2667140	1
4479474	1
2199956	1
43631892	1
6173050	1
26695270	1
34530197	1
5792609	1
40204399	1
4770973	1
3155669	1
38053544	1
30962064	1
1431698	1
40676727	1
21956671	1
40790139	1
23557575	1
4026883	1
5792453	1
41583603	1
41486985	1
18289631	1
23649939	1
5793179	1
16898298	1
33589403	1
22384171	1
3291537	1
11069199	1
2531633	1
26063521	1
26845699	1
43627222	1
3335390	1
28321184	1
25978077	1
6478802	1
44490229	1
36425520	1
43987164	1
13387895	1
33062790	1
32339345	1
32421534	1
4328061	1
16031438	1
10200458	1
39014530	1
34501086	1
30784806	1
5798959	1
5036136	1
22567914	1
20069138	1
32537860	1
702849	1
2606396	1
19115765	1
709340	1
42650880	1
27273798	1
26874623	1
32164500	1
17617561	1
13783435	1
5729648	1
4619730	1
2201571	1
44457475	1
38166196	1
25467121	1
512662	1
30250415	1
22480537	1
13839131	1
33171488	1
12855156	1
34723374	1
33010364	1
25467906	1
870651	1
16981551	1
16440558	1
43895211	1
16033363	1
8227962	1
29402382	1
946330	1
9718108	1
3734054	1
1964441	1
13136107	1
32526499	1
2362875	1
19230429	1
2139023	1
38624822	1
28842233	1
868653	1
26325321	1
3202948	1
24933519	1
7257642	1
34335128	1
25663875	1
13940477	1
18412207	1
14096162	1
15492992	1
3874840	1
41369661	1
12133070	1
1828774	1
930547	1
2151779	1
19053812	1
5518413	1
12214544	1
3932292	1
978947	1
2201724	1
44573956	1
9185980	1
38357684	1
21577574	1
5801383	1
20948288	1
47057772	1
5697101	1
27567281	1
3127711	1
20081127	1
23514215	1
9185562	1
669903	1
38205697	1
28207074	1
12881192	1
517430	1
14933765	1
3190858	1
1060790	1
17325082	1
6554040	1
22348132	1
45329914	1
2220442	1
4035411	1
25817303	1
8858091	1
10978904	1
5749463	1
45150735	1
1301702	1
2820584	1
15145771	1
2210922	1
30387811	1
21239098	1
35826309	1
41343864	1
14946285	1
20866079	1
44212102	1
337512	1
2616238	1
15219867	1
3254714	1
2296821	1
3591992	1
10415581	1
22516892	1
12860771	1
1723549	1
10613163	1
32396871	1
25592378	1
2794152	1
23513855	1
9463622	1
2779379	1
3062115	1
2564067	1
3686661	1
28058762	1
10613346	1
1934702	1
6738370	1
2638433	1
772670	1
2146283	1
3943969	1
23446529	1
6553975	1
17278751	1
6781958	1
14458985	1
34707657	1
12859623	1
10978563	1
31147190	1
2527551	1
26458137	1
3433836	1
2876851	1
7587268	1
15894254	1
38353299	1
5237505	1
45481524	1
4024618	1
14573356	1
20881596	1
4027077	1
45459495	1
27388154	1
12520849	1
29741413	1
7599613	1
2213074	1
11636213	1
11935487	1
2827343	1
32534909	1
43885110	1
22272694	1
2111350	1
37097537	1
32093163	1
2362818	1
18161950	1
6860430	1
788079	1
4006557	1
17276877	1
25736	1
20757949	1
534624	1
44010184	1
2100454	1
3945730	1
4035729	1
30558470	1
784152	1
33425559	1
23654122	1
5504004	1
41872744	1
14882889	1
30864843	1
44396808	1
28380706	1
914132	1
4035659	1
26807826	1
4133070	1
26175030	1
31960620	1
2480774	1
3540082	1
4642625	1
39009716	1
30879578	1
3056059	1
15290435	1
5425701	1
10252633	1
43652443	1
3428311	1
18166118	1
45481100	1
4085403	1
30863831	1
34294374	1
12993528	1
4447573	0
43827511	0
17942119	0
44078426	0
12072805	0
3076109	0
13821859	0
6871148	0
1998069	0
14967352	0
31684213	0
29808046	0
38273219	0
42213797	0
1596852	0
42584469	0
4298230	0
24917597	0
12307305	0
115646	0
27230683	0
24228650	0
6522583	0
22022527	0
30862687	0
35240177	0
3065524	0
2307703	0
33831207	0
41369978	0
21018863	0
34444948	0
5662455	0
6617469	0
1036394	0
33636499	0
39461981	0
563655	0
23647513	0
323304	0
15164743	0
20409682	0
5860230	0
43444651	0
53450	0
95591	0
2269573	0
57895	0
17689820	0
151174	0
31602422	0
1250893	0
8139252	0
30249307	0
415421	0
2822561	0
995120	0
23853489	0
10046933	0
100381	0
3291064	0
14165953	0
182433	0
413562	0
3729422	0
21683541	0
22647044	0
12955397	0
22303190	0
35766136	0
42702	0
38396489	0
37854604	0
35366591	0
2344907	0
6529201	0
44068877	0
5299637	0
6494338	0
3816840	0
32207745	0
4161955	0
1093659	0
53713	0
41089856	0
259690	0
362276	0
153711	0
2409305	0
24083393	0
6416264	0
34886878	0
5587105	0
13877918	0
771540	0
8065413	0
574857	0
3313658	0
26641429	0
30195781	0
12944831	0
10181474	0
28945732	0
549973	0
28379280	0
372799	0
2138885	0
5547674	0
577891	0
5377181	0
5773011	0
39264512	0
9825029	0
610038	0
11853497	0
11156325	0
32645383	0
19395770	0
6692290	0
15525490	0
43436026	0
24861692	0
8544538	0
32500775	0
35045809	0
6523916	0
6845950	0
20656508	0
526350	0
6768703	0
17889785	0
43562207	0
4563461	0
2426910	0
1225466	0
1856253	0
6013220	0
1184385	0
5573618	0
24127710	0
22216095	0
5612362	0
4048070	0
2491377	0
1258747	0
7867723	0
33239640	0
30784671	0
36709721	0
6699858	0
6547728	0
25958960	0
29175037	0
854569	0
3116327	0
13727601	0
30285457	0
41288603	0
3201432	0
11931928	0
1281037	0
2881557	0
39894883	0
22166297	0
4446600	0
9703929	0
22338095	0
5712038	0
34825895	0
15446502	0
559303	0
1660010	0
27921009	0
48604185	0
35019469	0
541917	0
2821742	0
16856945	0
1390715	0
39364436	0
923116	0
2808184	0
297157	0
21105449	0
28347592	0
19080617	0
18483	0
27241879	0
49329039	0
259760	0
22901832	0
31978715	0
20702113	0
1981967	0
442647	0
38646337	0
6150272	0
20763051	0
10710443	0
41360640	0
894	0
1601887	0
25234061	0
24458798	0
5809742	0
515977	0
11876668	0
1509469	0
2104429	0
3064098	0
31573363	0
21741392	0
614998	0
891100	0
18457137	0
39795423	0
44947977	0
33097739	0
1460962	0
3283723	0
25294281	0
1335115	0
22808906	0
30166696	0
3708107	0
11672527	0
42526536	0
60133	0
44589433	0
3175905	0
326279	0
39476005	0
2215208	0
42570515	0
1201408	0
11476816	0
20446605	0
34042437	0
43938668	0
22262309	0
15733845	0
14657264	0
27954002	0
6827346	0
4872107	0
24351367	0
13151298	0
727617	0
13645	0
2581581	0
21643379	0
1005997	0
4434032	0
28368900	0
411001	0
47079813	0
299897	0
457977	0
10116511	0
12471403	0
1391472	0
35508786	0
1438154	0
1443872	0
235104	0
1439001	0
31683505	0
3039155	0
22060536	0
1396409	0
5816210	0
1614952	0
118015	0
20288958	0
18846677	0
126150	0
18479539	0
18808464	0
23962599	0
1725788	0
25516833	0
4487708	0
6728556	0
6516817	0
30609611	0
31450804	0
9859505	0
30021909	0
461525	0
2952670	0
8288317	0
2470561	0
8800742	0
42737478	0
39231984	0
24324854	0
27765876	0
16352467	0
22679865	0
7410102	0
29983664	0
49252187	0
32432922	0
246292	0
34518616	0
379742	0
3459253	0
323427	0
2268000	0
4621495	0
3614211	0
22901380	0
6526500	0
36313768	0
18890435	0
35304421	0
4528243	0
5464620	0
22728323	0
10916473	0
39772927	0
26256299	0
964240	0
2727074	0
31098081	0
2625711	0
733968	0
7439165	0
26287264	0
1873613	0
39688	0
7045353	0
25565382	0
7914803	0
7882719	0
6754585	0
32600481	0
54773	0
2622325	0
47912777	0
2654838	0
117309	0
40556920	0
33882770	0
1566230	0
29407504	0
37084072	0
35138787	0
24181989	0
1060402	0
1958491	0
24911951	0
25844706	0
11508850	0
5944417	0
17562845	0
520451	0
39912672	0
56566	0
39544936	0
1963251	0
22546782	0
14270592	0
1508687	0
17547226	0
62007	0
41215087	0
10089147	0
5618797	0
12869210	0
329109	0
23131670	0
18707333	0
17447217	0
27533046	0
3383530	0
9515882	0
647341	0
1467829	0
126711	0
1664357	0
17256764	0
5124933	0
31131767	0
47105690	0
1389571	0
1863591	0
10980419	0
5130383	0
2069837	0
46710252	0
1960572	0
8786909	0
23736246	0
1317703	0
7223261	0
39023115	0
22806364	0
46582969	0
2855754	0
35483922	0
743900	0
4405845	0
151727	0
8803336	0
10333272	0
2630320	0
13009774	0
24845922	0
279684	0
6001624	0
2152520	0
14928425	0
4116279	0
23846427	0
380138	0
37833678	0
30982911	0
885979	0
18736094	0
21354828	0
2230773	0
13200335	0
5578754	0
1447237	0
24506033	0
1907160	0
6299154	0
37173775	0
2419968	0
31564175	0
2457289	0
40829377	0
35366161	0
43037869	0
35788342	0
3229340	0
19204263	0
21165500	0
11241606	0
791669	0
12942427	0
5698549	0
3718703	0
37664671	0
3067648	0
853120	0
15895046	0
2454076	0
7097017	0
10652161	0
18806919	0
39272578	0
427287	0
1841580	0
40821391	0
10102562	0
1363514	0
6946080	0
1525396	0
4979537	0
12324697	0
493727	0
28119141	0
2561413	0
2172047	0
163271	0
21667894	0
23110266	0
13097462	0
28174303	0
17831280	0
37310923	0
3342226	0
22989628	0
15731755	0
42838966	0
1853173	0
11797527	0
16974169	0
8983189	0
2836396	0
3023203	0
6770956	0
25032213	0
2680922	0
21236726	0
33012090	0
722542	0
9791618	0
1543576	0
31171432	0
48865213	0
37102890	0
6719268	0
43219109	0
1996949	0
2034953	0
5445363	0
240044	0
