27097712	1
1267459	1
33226933	1
59940	1
15788871	1
2413945	1
14964519	1
24731053	1
6944856	1
14713472	1
11540763	1
3876148	1
22950580	1
26541865	1
3637737	1
1801364	1
125999	1
190950	1
803574	1
14667339	1
3540752	1
3717479	1
10321467	1
28538070	1
4371911	1
7808633	1
3047030	1
9825976	1
20385413	1
6669575	1
31823061	1
369057	1
1848999	1
47270	1
23707233	1
2126054	1
1665971	1
4595284	1
3660422	1
17414843	1
613525	1
845293	1
30469234	1
19343026	1
27410050	1
1188061	1
20096682	1
37901800	1
902849	1
9107170	1
320047	1
19689723	1
3044765	1
1223094	1
93394	1
5008531	1
44136	1
7823397	1
1611292	1
26194892	1
8083327	1
8138873	1
1014722	1
14893056	1
924199	1
31251176	1
126993	1
26260725	1
4275174	1
27955359	1
10649983	1
14573770	1
35184346	1
361588	1
28734270	1
16853512	1
16665857	1
2273058	1
2374770	1
207832	1
1389264	1
439738	1
363180	1
816310	1
9017496	1
21530708	1
2168284	1
987274	1
22827836	1
19936601	1
311913	1
4611640	1
58968	1
18043267	1
13997587	1
1344657	1
38995436	1
6809462	1
29402905	1
108583	1
27978805	1
2358612	1
25691309	1
26184220	1
34872824	1
1311283	1
307035	1
2083574	1
12491512	1
53625	1
135441	1
17010338	1
22356183	1
3043599	1
16217	1
2901253	1
4026023	1
22634789	1
148537	1
6420676	1
50100	1
20774983	1
172175	1
217151	1
136690	1
19196565	1
9322039	1
622541	1
754165	1
2556838	1
34605009	1
22567375	1
23962301	1
7328116	1
1275236	1
1132233	1
4141378	1
10937375	1
232977	1
10032836	1
2041748	1
19637543	1
12535146	1
123847	1
846213	1
1699276	1
6023476	1
25012408	1
1267678	1
253264	1
23207449	1
734028	1
107749	1
9977458	1
9109258	1
743965	1
13226800	1
18580133	1
125965	1
243749	1
2485439	1
12519854	1
3356446	1
20530697	1
1865671	1
6216425	1
30864358	1
21716308	1
2905916	1
14858900	1
10730192	1
25253895	1
25751274	1
4006553	1
425696	1
24356889	1
33557536	1
9308056	1
1475050	1
24788953	1
15937230	1
11050166	1
10063520	1
5716804	1
1278124	1
1778834	1
22218	1
14308125	1
32906410	1
11779942	1
3022905	1
22360440	1
23994988	1
59764	1
2158742	1
2195339	1
22168440	1
14415629	1
2395130	1
32428	1
38508701	1
9154754	1
348499	1
27733566	1
22491445	1
18433656	1
338760	1
27855026	1
75311	1
187807	1
742752	1
108133	1
1764929	1
40064902	1
23748871	1
222245	1
33714190	1
195598	1
2749163	1
3406936	1
24228775	1
8846	1
1254072	1
9616950	1
992696	1
91418	1
14248964	1
24375337	1
23120725	1
9853578	1
1636746	1
18096200	1
610933	1
565210	1
36420858	1
135832	1
345663	1
3075550	1
1998	1
409663	1
11542	1
50580	1
10294548	1
18974395	1
1757167	1
13203649	1
31676805	1
41775468	1
4777876	1
38669193	1
31637473	1
2990096	1
452718	1
2667906	1
27230923	1
42464925	1
30888770	1
37084373	1
43269190	1
12705788	1
657976	1
802043	1
17401589	1
1261329	1
1952888	1
18243685	1
11032409	1
4947900	1
7029914	1
2899072	1
14503980	1
2635824	1
7822	1
2873908	1
9965103	1
2856111	1
237807	1
23215699	1
2289971	1
4306378	1
44112286	1
779871	1
26231012	1
32686082	1
26659959	1
13124659	1
26064109	1
17786884	1
8735167	1
26606491	1
395145	1
11404339	1
680175	1
209878	1
107669	1
7819189	1
26510355	1
42399763	1
125842	1
510353	1
16949527	1
6404557	1
40097	1
1744158	1
45351270	1
20585406	1
31029222	1
19977163	1
652398	1
46992601	1
46958755	1
107735	1
4526576	1
1273573	1
3767911	1
32675324	1
135742	1
7322029	1
247468	1
17851301	1
5926012	1
6133420	1
15874087	1
54969	1
439959	1
14793265	1
32044	1
4905105	1
1261512	1
72362	1
8813104	1
2911751	1
14811319	1
2036648	1
322928	1
57638	1
56169	1
3296140	1
222233	1
8798530	1
493636	1
18170895	1
233475	1
37701650	1
3699882	1
1441354	1
15685085	1
3964346	1
427127	1
62214	1
17021050	1
109124	1
4211636	1
1247	1
1649898	1
30779763	1
327902	1
1697072	1
1573025	1
8911792	1
1264887	1
10648352	1
7635	1
512547	1
211280	1
43020085	1
135531	1
17380691	1
27533300	1
1217587	1
194173	1
6100500	1
11274352	1
25726430	1
317673	1
764618	1
2163471	1
413124	1
438836	1
86333	1
37288676	1
7996627	1
929796	1
37632765	1
362346	1
15506466	1
122283	1
4202615	1
11544	1
5174052	1
63125	1
27107567	1
564349	1
2212694	1
7035851	1
1011237	1
2878172	1
33709143	1
1263188	1
2611377	1
53715	1
327786	1
8196944	1
16935661	1
1615860	1
45033491	1
1929749	1
14982470	1
1127788	1
255698	1
7378177	1
985785	1
761777	1
4393544	1
23584970	1
1199037	1
10715765	1
2711367	1
25765813	1
2990710	1
563367	1
30701040	1
3412189	1
246079	1
56315	1
14596432	1
311774	1
574796	1
27901281	1
14058375	1
69571	1
889284	1
19183223	1
27712373	1
27979035	1
1014556	1
31974624	1
229422	1
306817	1
1360541	1
4418649	1
612166	1
2718734	1
19621925	1
23532790	1
8819339	1
450871	1
2398349	1
26268715	1
4001208	1
3491991	1
3178793	1
3622556	1
3356373	1
194873	1
1554049	1
35263259	1
496077	1
7120359	1
11717363	1
444113	1
8723702	1
15205116	1
20112640	1
14849	1
341645	1
26536235	1
10239	1
1974873	1
21811943	1
44200798	1
1483281	1
2255575	1
27855068	1
1992343	1
699301	1
20074216	1
755066	1
3931015	1
427029	1
3887774	1
3660242	1
135985	1
151373	1
15291090	1
115635	1
14797593	1
199859	1
10095846	1
142788	1
22921474	1
151514	1
60171	1
1127174	1
5407273	1
36274119	1
1927529	1
536778	1
445358	1
135632	1
440507	0
17033677	0
1244974	0
6217884	0
18289250	0
2262451	0
33136959	0
30170351	0
2229020	0
3794288	0
1182836	0
2890633	0
14477102	0
2987078	0
1339767	0
1558645	0
10018514	0
3966988	0
12783208	0
18702416	0
7894004	0
29521210	0
3047489	0
317574	0
1391209	0
3974482	0
40471983	0
35177537	0
9131920	0
26690750	0
34941949	0
9318808	0
5211229	0
28857	0
36461506	0
124101	0
1844734	0
1610791	0
23911717	0
31338636	0
13901467	0
1958079	0
23921760	0
24250537	0
24545887	0
630781	0
40730122	0
3063855	0
2159265	0
2980238	0
8029286	0
19172841	0
37828341	0
30462586	0
7638316	0
2172982	0
39201113	0
44570472	0
11639909	0
37679673	0
3418653	0
30495334	0
16054734	0
6552006	0
24720325	0
6822901	0
2278242	0
7698589	0
26157633	0
6144686	0
11002792	0
31966481	0
8548376	0
22348016	0
722531	0
11755233	0
24715287	0
27023037	0
847335	0
15444450	0
421630	0
1583535	0
171368	0
12395508	0
24636418	0
4252110	0
13970365	0
28182617	0
18175096	0
463245	0
1683880	0
2035000	0
3723392	0
664320	0
4767058	0
1250057	0
47161375	0
9122309	0
3626967	0
95559	0
44327629	0
27477484	0
130985	0
8985970	0
1597485	0
181431	0
1642098	0
6170190	0
21145572	0
38962076	0
43386927	0
74246	0
988829	0
326515	0
13098802	0
923257	0
34084192	0
7285737	0
6362830	0
9502263	0
873505	0
11655291	0
20218469	0
14587828	0
42395100	0
12190761	0
22790281	0
22480465	0
27001600	0
3550168	0
8633702	0
22403501	0
42960331	0
6943954	0
5845571	0
25737165	0
36864063	0
15098822	0
24380511	0
571226	0
42501124	0
38195949	0
887388	0
1323021	0
21046876	0
1439333	0
11395791	0
27909965	0
7091866	0
252348	0
34055987	0
6038203	0
5093494	0
201000	0
1267590	0
8997788	0
17276853	0
12454715	0
44704323	0
609032	0
10208273	0
44943070	0
1211897	0
2584446	0
2955947	0
27239056	0
25160336	0
12429596	0
18694724	0
2160708	0
9782465	0
43597167	0
11867446	0
46264683	0
29064454	0
2839635	0
1938880	0
29279246	0
36526412	0
214213	0
2512755	0
3229262	0
11142393	0
4860645	0
1194599	0
68447	0
2227758	0
3260931	0
3049288	0
8809105	0
7920148	0
3995292	0
36230218	0
284461	0
188256	0
24490979	0
7162262	0
1895318	0
573024	0
24495901	0
3291904	0
1729438	0
4066772	0
427574	0
6913251	0
33839708	0
22676767	0
28591196	0
9996142	0
26918816	0
1397953	0
18805120	0
1145492	0
48650761	0
1095955	0
622183	0
5282768	0
23851153	0
11790582	0
9916921	0
4319944	0
27408014	0
951409	0
2142483	0
502616	0
46994979	0
39826320	0
38691726	0
2703574	0
41587392	0
19321101	0
1831796	0
968523	0
44133690	0
143222	0
34914061	0
245453	0
38775010	0
8631858	0
28367473	0
43381200	0
4638954	0
12495899	0
47793830	0
31955304	0
21628599	0
25328398	0
9786698	0
3935365	0
1069798	0
34425396	0
11554279	0
34165638	0
2238253	0
312694	0
3187192	0
12425019	0
31012362	0
2167305	0
17549570	0
2252553	0
7033799	0
692058	0
22957228	0
29153227	0
5402724	0
8729615	0
5350055	0
20496833	0
40302511	0
7328057	0
45669682	0
15563277	0
22591343	0
38070306	0
116968	0
4844698	0
31971264	0
6572888	0
3031791	0
20016745	0
19947358	0
3664577	0
1987435	0
2529102	0
3556246	0
24169554	0
12986072	0
14454167	0
19414214	0
22063239	0
2668841	0
38029368	0
37534769	0
3039153	0
126500	0
29108688	0
3310832	0
6095898	0
1968690	0
5267073	0
38202154	0
328395	0
2135254	0
1424261	0
127318	0
8437810	0
5797288	0
7903192	0
1857802	0
13484595	0
8554479	0
548190	0
132035	0
948159	0
21731795	0
1924553	0
6752	0
39246592	0
44786215	0
5113204	0
22176277	0
10107515	0
944987	0
42624880	0
25901596	0
19948885	0
24296310	0
1049149	0
11086248	0
26117427	0
7355718	0
15670783	0
20189085	0
29564947	0
36890692	0
12935796	0
47688778	0
41521281	0
418856	0
21007510	0
27450634	0
44294882	0
13306439	0
16029745	0
7001774	0
18824743	0
9240831	0
44327918	0
669600	0
10468	0
2773961	0
138981	0
19083560	0
5092174	0
33425452	0
9779427	0
289785	0
455504	0
21213133	0
124441	0
574602	0
150559	0
19338049	0
35941070	0
4320387	0
9293395	0
21401034	0
1816312	0
3843387	0
5113517	0
5489003	0
5491793	0
1963738	0
258910	0
4957332	0
13761893	0
1132938	0
27073037	0
67286	0
1021802	0
9748653	0
476905	0
6947952	0
754404	0
1011660	0
36637885	0
15784818	0
3418633	0
1459557	0
2001801	0
2910252	0
40998704	0
1700079	0
2748828	0
860037	0
31314716	0
39295289	0
1067897	0
28675626	0
7247256	0
8758103	0
4446582	0
7348793	0
33621962	0
36025671	0
9057636	0
570009	0
4956038	0
33211323	0
11628022	0
252164	0
22413819	0
3490962	0
2091376	0
1709935	0
2060144	0
47247495	0
35183714	0
17782759	0
6496271	0
38143006	0
12630882	0
25212724	0
11161726	0
14939611	0
39009716	0
46941333	0
23513816	0
3427304	0
4237724	0
2922027	0
41458817	0
47019881	0
120572	0
13630397	0
205846	0
18116488	0
7490710	0
3884632	0
1397118	0
6036582	0
12472429	0
36762010	0
12831691	0
42296171	0
15659688	0
2368176	0
15168116	0
3264668	0
329886	0
45884	0
12392585	0
33272419	0
11381591	0
26017650	0
10686732	0
36539219	0
19807398	0
25568019	0
13017412	0
2410654	0
12911949	0
15182741	0
31901847	0
6016928	0
25034192	0
10162377	0
9124133	0
34867016	0
16285933	0
16640917	0
9654977	0
91798	0
11111019	0
41904886	0
23127924	0
7980972	0
961262	0
14543188	0
5945565	0
137424	0
2834820	0
19120491	0
26924737	0
7877375	0
21410001	0
130999	0
4160192	0
11496971	0
32368554	0
7135754	0
25674757	0
24754219	0
11252981	0
524195	0
4920426	0
30998240	0
17464404	0
16321344	0
