627555	1
3131002	1
19986	1
19267843	1
846298	1
14621612	1
382603	1
3021557	1
14954495	1
36052235	1
12908954	1
4864858	1
44780979	1
18899704	1
18522192	1
15826	1
3573369	1
1386839	1
23520203	1
20530042	1
375366	1
6420098	1
2442032	1
192398	1
3193696	1
32147361	1
184061	1
156977	1
659163	1
33189	1
4955916	1
12292270	1
3266376	1
902215	1
12951709	1
5216010	1
610257	1
791464	1
8215460	1
488764	1
318715	1
5496134	1
5063898	1
30230984	1
26542642	1
24826330	1
191160	1
9022924	1
17958383	1
14855723	1
7904283	1
23043390	1
53892	1
15865496	1
597918	1
10415998	1
29524413	1
29077706	1
1009426	1
239035	1
4381244	1
2994697	1
41882298	1
512128	1
46196986	1
48909812	1
142610	1
10865801	1
21895390	1
17902217	1
12610811	1
3972882	1
1886978	1
294740	1
1464763	1
1642098	1
18758127	1
426266	1
25752149	1
1501005	1
32470659	1
428469	1
2207264	1
12217191	1
17269737	1
135934	1
2131262	1
845055	1
251027	1
74354	1
118060	1
26238478	1
5663640	1
3606034	1
11504323	1
1433794	1
1657204	1
15255999	1
902020	1
41947311	1
32528333	1
767197	1
7395783	1
1837515	1
13363630	1
23568409	1
29323734	1
2817662	1
454958	1
1034269	1
10738328	1
10702011	1
652380	1
23024379	1
916417	1
36580619	1
754367	1
219371	1
4640422	1
8187932	1
25750694	1
377622	1
1291705	1
24311110	1
21120834	1
2135292	1
7926100	1
219947	1
9387477	1
570216	1
4045609	1
26186292	1
12854959	1
2018731	1
33742907	1
7096854	1
49047463	1
4384674	1
2083129	1
21349466	1
6484482	1
780464	1
25956005	1
18395962	1
594073	1
15778881	1
1132212	1
1875732	1
12177904	1
8884028	1
37551	1
20119703	1
27426079	1
13495596	1
2419206	1
2377059	1
2790357	1
2627434	1
4680517	1
1337597	1
416988	1
12264973	1
6037779	1
12780803	1
330178	1
572605	1
1041974	1
28633001	1
20278434	1
97656	1
6479946	1
1898698	1
7906570	1
34434090	1
13222024	1
4677430	1
34597184	1
2278543	1
34598935	1
2454990	1
36427495	1
7197000	1
41423279	1
3250610	1
23749351	1
247703	1
927449	1
331454	1
14259386	1
18609411	1
224107	1
2980893	1
436152	1
789597	1
17445381	1
2264183	1
6097787	1
9555564	1
7274474	1
8867501	1
1851777	1
1517750	1
806914	1
5607528	1
4320563	1
229181	1
8631022	1
1692015	1
22019457	1
6932859	1
21880193	1
6314981	1
14417014	1
4877736	1
2115825	1
1901446	1
1620414	1
9384120	1
38888	1
1666581	1
1573411	1
22782545	1
1165423	1
3455216	1
23634455	1
22157400	1
42026999	1
20927755	1
11382387	1
324717	1
157109	1
44331153	1
36742387	1
47360052	1
320041	1
2338851	1
441764	1
529417	1
27977436	1
12005779	1
1875571	1
17994541	1
10413566	1
14619083	1
1180014	1
19540170	1
672675	1
16778691	1
533500	1
42658178	1
5488107	1
23989702	1
213636	1
408754	1
1238479	1
36658960	1
912284	1
1860551	1
354390	1
239481	1
2690549	1
24438380	1
1630718	1
593844	1
452112	1
77667	1
312696	1
19940357	1
779357	1
5863328	1
4515668	1
876478	1
503128	1
17491404	1
18776870	1
889175	1
1972323	1
88609	1
6252725	1
146929	1
25980291	1
8909118	1
4641911	1
867074	1
27310431	1
12783340	1
33322578	1
249801	1
17163459	1
18111518	1
11459734	1
44490343	1
37100539	1
3656518	1
175630	1
33622	1
1655317	1
14090504	1
405360	1
1187369	1
10194148	1
765198	1
29827456	1
4424314	1
12020306	1
10413526	1
31926039	1
7653176	1
4674798	1
402124	1
15195690	1
8264616	1
621622	1
2781835	1
372546	1
21472147	1
382952	1
3685930	1
11834608	1
754038	1
25110292	1
204375	1
1514388	1
8681129	1
20961094	1
1791282	1
1730043	1
209471	1
62556	1
22786625	1
661565	1
62093	1
439926	1
1380286	1
6326880	1
2680802	1
561482	1
4601744	1
2238946	1
31920395	1
6530173	1
2053207	1
151053	1
49220846	1
1474421	1
23160465	1
22165635	1
1651193	1
25923533	1
22305286	1
11502356	1
24733197	1
5631988	1
25330357	1
12022013	1
25606887	1
6144483	1
16833858	1
9648466	1
930592	1
19594563	1
10636836	1
4933256	1
18004928	1
16297021	1
6513287	1
14789	1
944524	1
947807	1
19966585	1
14717862	1
80092	1
771	1
148653	1
1395003	1
176186	1
40844462	1
14337201	1
1030125	1
2728998	1
34875519	1
23383759	1
18443325	1
13306293	1
990711	1
1523439	1
9710921	1
877917	1
7512223	1
19399491	1
44054818	1
6268751	1
37954116	1
7588121	1
43936684	1
7783610	1
31131	1
5962286	1
1798293	1
19155059	1
30864442	1
405411	1
2623883	1
9585295	1
9758468	1
866264	1
22863171	1
475011	1
22461081	1
146213	1
42149976	1
5812519	1
14312252	1
2367120	1
9783872	1
25419084	1
30748641	1
15344925	1
514670	1
25700930	1
38216125	1
2354347	1
21031338	1
34598441	1
1937109	1
564011	1
4467378	1
2798178	1
28486243	1
9433343	1
19437076	1
324979	1
44161496	1
2180403	1
33653299	1
3317607	1
5444617	1
485322	1
1924764	1
4157931	1
1615871	1
18552155	1
3744178	1
41147995	1
27102	1
2370887	1
147394	1
446789	1
486805	1
525407	1
34780788	1
464048	1
20830598	1
4390144	1
3888981	1
23021970	1
9411676	1
1642076	1
2062349	1
1868383	1
24823223	1
28545483	1
3244638	1
2991474	1
6442221	1
24776508	1
10442614	1
567752	1
1455531	1
683084	1
19802140	1
13793	1
13819337	1
1753075	1
3533062	1
1197893	1
503751	1
14655322	1
47264512	1
1396741	1
390530	1
174147	1
14703988	1
291341	1
3897697	1
2430828	1
9503511	1
24943019	1
27708123	1
4461769	1
3342722	1
2239721	1
2049834	1
6382443	1
2522189	1
662583	1
8698196	1
763392	1
36602266	1
360336	1
18624740	0
611396	0
13308	0
512161	0
3996268	0
140164	0
13778286	0
9166794	0
22173617	0
23955850	0
19182802	0
121689	0
46313300	0
108803	0
399740	0
22947640	0
107841	0
27020195	0
8555813	0
29997167	0
45214	0
5819305	0
44266384	0
6570230	0
31644962	0
24694064	0
382373	0
486521	0
22806197	0
9069209	0
1215630	0
1585037	0
8385597	0
31592782	0
21852565	0
41171444	0
777379	0
592534	0
3656036	0
13348971	0
7372145	0
6275238	0
21392088	0
39485326	0
2154936	0
27813259	0
10500185	0
8374323	0
44414727	0
4612633	0
36231990	0
306465	0
2174717	0
7358580	0
25199628	0
3582547	0
20821807	0
32498225	0
4915735	0
6513163	0
13731934	0
587051	0
41420634	0
11745472	0
487975	0
3320192	0
31285004	0
6134138	0
180643	0
3602432	0
11535946	0
23472835	0
7038694	0
2308920	0
2338857	0
14256490	0
15899170	0
23195111	0
14534088	0
1427382	0
8190913	0
413130	0
15084687	0
8994029	0
6130335	0
2136173	0
4717048	0
38567422	0
7508208	0
32373372	0
3837668	0
1192565	0
37973949	0
11241120	0
47069993	0
2341829	0
4582964	0
23588893	0
260531	0
7021791	0
978998	0
3289272	0
12913405	0
96753	0
12664320	0
2809268	0
12686550	0
24165382	0
7259547	0
2227311	0
9105046	0
38856009	0
2834243	0
27942974	0
39606945	0
6077936	0
7255569	0
307385	0
30695004	0
2854796	0
1009271	0
3817400	0
14766631	0
1693146	0
4144357	0
37377677	0
37038986	0
29355575	0
476915	0
32662419	0
1892816	0
13118577	0
4205246	0
1941975	0
2421137	0
3378533	0
22197508	0
409305	0
22676925	0
45152023	0
3481892	0
4572693	0
24398476	0
40903801	0
12943388	0
46330765	0
17178443	0
1260825	0
27426556	0
48941984	0
2814549	0
9684197	0
119534	0
23120794	0
3075378	0
9289020	0
1587081	0
3858352	0
907169	0
12559233	0
17391701	0
153690	0
1847264	0
7628990	0
11161386	0
6723393	0
23223613	0
2202394	0
14050485	0
32093031	0
895075	0
8871773	0
16655	0
24979391	0
9884132	0
2180977	0
42141343	0
10771382	0
8372636	0
3492332	0
4989808	0
24852494	0
1770729	0
13052726	0
3412250	0
3679346	0
7312798	0
99529	0
11310644	0
251477	0
5778170	0
7769240	0
34245246	0
17786415	0
22901582	0
24489598	0
571809	0
2192703	0
26050068	0
41821414	0
39733652	0
779772	0
13546641	0
17381884	0
293921	0
41114424	0
31515868	0
753236	0
609345	0
20095925	0
6560815	0
271975	0
2465200	0
1300978	0
12732973	0
4054565	0
42155455	0
21656556	0
18411573	0
14016024	0
3992030	0
2300550	0
692930	0
12594004	0
3623380	0
33391060	0
3592587	0
1169485	0
12998910	0
15413778	0
23517295	0
3353377	0
38062461	0
22583904	0
5672	0
39410615	0
10287199	0
13305883	0
25671881	0
129297	0
6347806	0
14522715	0
13348400	0
8476135	0
9401419	0
19331063	0
18081306	0
172580	0
17154132	0
18392081	0
41352647	0
12398848	0
17458640	0
4529154	0
6433871	0
1732033	0
90723	0
24397079	0
11683505	0
11042967	0
112212	0
5876020	0
3776805	0
6752093	0
8871474	0
18397799	0
1791860	0
130743	0
9249889	0
12740326	0
149792	0
17560847	0
22375764	0
15433344	0
18133279	0
4136104	0
2618919	0
1750540	0
36268962	0
33433364	0
4505188	0
16594341	0
430042	0
4065319	0
9316019	0
44616441	0
28175590	0
45065328	0
950477	0
40374922	0
1895514	0
26444409	0
17853622	0
2063627	0
43637476	0
3257736	0
16327804	0
39464703	0
1026281	0
6635033	0
3215300	0
1231904	0
3156777	0
47524984	0
22522888	0
24388671	0
7268981	0
19166414	0
40278670	0
11727552	0
6232315	0
15491565	0
21263340	0
6351913	0
6237919	0
4874620	0
11780	0
1905015	0
16190073	0
27354747	0
4015125	0
21814385	0
24111615	0
1339481	0
18906775	0
1363664	0
561284	0
28491214	0
34506299	0
3217344	0
18622471	0
21737263	0
27167532	0
24256820	0
3608224	0
5173659	0
26921678	0
48508397	0
13388764	0
617161	0
21386750	0
8690113	0
9522868	0
12479996	0
16927350	0
15687378	0
10814672	0
1164545	0
28870750	0
7211718	0
945385	0
13818379	0
38750898	0
20729649	0
22904873	0
23981019	0
40485171	0
18825482	0
2882698	0
2215314	0
10485544	0
2181707	0
2536090	0
895608	0
26408859	0
965945	0
24902859	0
2467455	0
27121439	0
5800780	0
19514179	0
12169136	0
3929597	0
8037242	0
35746670	0
145351	0
3502659	0
35635730	0
5820286	0
16775109	0
3092269	0
14109072	0
28511631	0
3806091	0
415878	0
10927186	0
132225	0
1431020	0
27297877	0
123782	0
4945791	0
45249526	0
29648251	0
1898931	0
9979696	0
5447970	0
43904062	0
20987178	0
8984993	0
35410766	0
377611	0
1970183	0
31584	0
33594360	0
28698313	0
26588740	0
2949271	0
9700062	0
6041867	0
1151458	0
9668601	0
987725	0
19614202	0
894792	0
8176157	0
43576208	0
24899463	0
3429133	0
8664356	0
1426693	0
19375711	0
31463339	0
5814766	0
15351053	0
43375687	0
2919542	0
35339042	0
16469899	0
122605	0
4167916	0
10382468	0
661286	0
3062742	0
42179469	0
15304629	0
11630396	0
5323507	0
17475501	0
1667488	0
8409499	0
44019974	0
758274	0
23763864	0
17549413	0
10742185	0
6268907	0
5571214	0
3868925	0
21779419	0
42956241	0
3726779	0
215912	0
14635417	0
15523862	0
15505134	0
15914420	0
47961098	0
116973	0
7484877	0
45566300	0
33790053	0
37113954	0
3195481	0
33888233	0
4240537	0
5779275	0
22301911	0
349427	0
8135140	0
18561517	0
31655454	0
32631938	0
131926	0
151535	0
48797043	0
7920665	0
8171933	0
384432	0
43446234	0
13372440	0
248103	0
19758325	0
1725788	0
138186	0
19975438	0
1585552	0
21451861	0
18712458	0
394282	0
3522678	0
4256350	0
24877522	0
6189985	0
10888083	0
16158293	0
15047882	0
48869494	0
8883015	0
601730	0
2622537	0
