35222637	1
32331842	1
1844435	1
19326952	1
1955142	1
22263988	1
40775420	1
23549695	1
5332155	1
7500857	1
17553510	1
1585995	1
6305073	1
3239231	1
3157468	1
2558758	1
306818	1
9293479	1
2423854	1
101812	1
648088	1
8312395	1
3353783	1
27016802	1
43166469	1
9896553	1
25373389	1
25760177	1
1956637	1
673090	1
10918534	1
9438292	1
2561608	1
6887240	1
6491060	1
24277283	1
3721731	1
767804	1
6133766	1
24183889	1
1180794	1
31544569	1
15979385	1
15412912	1
42491155	1
3976952	1
44527463	1
19254949	1
15808356	1
4829129	1
7017852	1
2453728	1
16880170	1
27135863	1
3798103	1
3582100	1
11275191	1
814873	1
27866255	1
39205540	1
3774874	1
32515779	1
43006041	1
25724720	1
4213073	1
1017565	1
2223451	1
10769447	1
1524350	1
27304385	1
4687505	1
1717091	1
896404	1
14096762	1
11790590	1
23213329	1
15976747	1
11577545	1
1502630	1
16714758	1
1797165	1
3158665	1
4729132	1
9426084	1
27430444	1
22286188	1
42532182	1
255607	1
11884159	1
1480576	1
37055015	1
1955762	1
1811845	1
22134668	1
3756854	1
11708972	1
3100512	1
22296768	1
331074	1
2904269	1
43697301	1
14584481	1
2342272	1
7170257	1
3726882	1
3750434	1
2788291	1
6420551	1
7604073	1
29406819	1
1706070	1
6355251	1
235429	1
1231321	1
7580718	1
9809250	1
15517381	1
372338	1
1256102	1
35319117	1
6308417	1
2329627	1
9963186	1
18121910	1
3739752	1
944604	1
3177154	1
24826408	1
706395	1
2974615	1
1890543	1
31998083	1
46291330	1
23979489	1
2074091	1
4968119	1
4569782	1
656668	1
14341967	1
27763571	1
18572619	1
1031323	1
23558527	1
351254	1
1687228	1
41801544	1
20611456	1
29029140	1
409848	1
12004901	1
914192	1
3818996	1
10401426	1
774370	1
938951	1
1371896	1
1947432	1
11157290	1
19999737	1
3226110	1
2002377	1
2519202	1
4126576	1
4986240	1
13643021	1
32478011	1
1956582	1
31119283	1
8680299	1
7483418	1
14073609	1
32943590	1
3291733	1
14238973	1
45269751	1
12937731	1
529990	1
18860128	1
14443258	1
11936494	1
38563775	1
22860850	1
876916	1
20571431	1
485789	1
28939649	1
18714684	1
20760222	1
30079048	1
35826920	1
22184371	1
12778777	1
21286010	1
3450530	1
7441446	1
8251643	1
8492277	1
18719931	1
22263580	1
15472274	1
170635	1
19986941	1
9803681	1
2147416	1
297483	1
2546319	1
13972515	1
320402	1
5548650	1
12448825	1
12636252	1
43556087	1
848349	1
4116119	1
5867493	1
20912893	1
18045410	1
5038544	1
73135	1
30138851	1
4235770	1
8130395	1
24534480	1
25207268	1
391030	1
14516002	1
20852723	1
13221507	1
3245591	1
3025354	1
30699344	1
6657370	1
3884956	1
262514	1
1277529	1
14609752	1
1262622	1
11281346	1
2680796	1
32043076	1
879760	1
34928096	1
5726117	1
36000414	1
140616	1
10391232	1
21795846	1
5250565	1
11062617	1
14270743	1
1277306	1
21184801	1
27521266	1
8230230	1
2165108	1
2851178	1
2628989	1
73133	1
5506810	1
9158620	1
8698750	1
9366554	1
33937794	1
39608	1
42882209	1
42599767	1
17149817	1
42841051	1
15941509	1
14030378	1
111852	1
3133473	1
1226502	1
1886217	1
8880996	1
2810097	1
248334	1
647937	1
3698685	1
4442596	1
2295928	1
608740	1
8884542	1
83238	1
2422579	1
42108533	1
6699713	1
3610130	1
19148180	1
8719657	1
4327115	1
30023448	1
1928927	1
8233681	1
40780348	1
4630436	1
685975	1
46589241	1
32613340	1
25327279	1
3423505	1
3668084	1
12001333	1
11756236	1
22535691	1
6493280	1
23497462	1
2610925	1
16123390	1
17515512	1
2314398	1
3883238	1
13609473	1
23888773	1
11450883	1
2847057	1
7958214	1
646132	1
69219	1
10978738	1
2935720	1
11780831	1
18569040	1
22577663	1
14369414	1
21432434	1
3745048	1
10651740	1
6133705	1
9917693	1
3232109	1
2280831	1
34702858	1
12906660	1
351313	1
3477078	1
4077681	1
1461887	1
17384535	1
1963504	1
43719196	1
113063	1
3145490	1
31591266	1
6147797	1
3927051	1
37878734	1
2395995	1
4226318	1
26173626	1
37197105	1
35379598	1
15121052	1
37154996	1
3143244	1
24648082	1
5509323	1
18991554	1
11531119	1
6719689	1
7305146	1
15858492	1
5984756	1
18933173	1
31581532	1
20693889	1
26250155	1
38397738	1
36320353	1
21701078	1
273451	1
24533679	1
30492276	1
12106204	1
10913693	1
155688	1
41655222	1
41032227	1
15420800	1
4439214	1
2920807	1
1520138	1
10316016	1
3631808	1
11374239	1
11552360	1
3693103	1
2407798	1
30996979	1
20485475	1
3114706	1
12814448	1
27804235	1
3355218	1
15717559	1
13783435	1
20134	1
2975397	1
26623395	1
8763212	1
878134	1
6166544	1
36133974	1
27204231	1
18843809	1
1007690	1
3726869	1
6096292	1
2103544	1
6838336	1
3380585	1
41378892	1
896430	1
1157583	1
2846958	1
9775540	1
15246722	1
37622232	1
32025296	1
12813965	1
2647572	1
11777933	1
26868477	1
454452	1
2236543	1
954651	1
24161425	1
49187551	1
28400035	1
17675437	1
49258667	1
30293017	1
11239640	1
1136161	1
8606057	1
489504	1
22900915	1
971195	1
10687798	1
27879993	1
2702978	1
3345385	1
21506105	1
5285400	1
2219331	1
1115909	1
4192958	1
17282157	1
39239149	1
7519413	1
5934609	1
29148009	1
22711274	1
48867	1
19206381	1
45328928	1
1135054	1
5499429	1
21859193	1
43069439	1
9769630	1
2101432	1
8246611	1
2540061	1
41684107	1
14079810	1
994188	1
6927058	1
15093658	1
17195187	1
6975875	1
13395033	1
33296838	1
30231500	1
7525250	1
25920296	1
30304627	1
6059348	1
4337528	1
21400932	1
6120475	1
16104967	1
33078343	1
1702756	1
2911556	1
27609944	1
3653133	1
31094653	1
1647508	1
47283365	1
30092720	1
6202016	1
13887670	1
35573530	1
4777292	1
9015269	1
781440	1
15414771	1
5553986	1
14887186	1
128504	0
1740268	0
28694996	0
48832337	0
33105594	0
4287138	0
17703952	0
19751960	0
39523613	0
33952829	0
34712038	0
43797225	0
20345781	0
472123	0
1326546	0
9856041	0
3425827	0
103236	0
4232692	0
6045829	0
30544023	0
36425416	0
96058	0
234714	0
5807447	0
37321736	0
21888474	0
30154876	0
1673775	0
633818	0
16179465	0
1748574	0
16776287	0
8769188	0
6874431	0
35078110	0
4465402	0
32658776	0
592172	0
46681491	0
547918	0
11323932	0
114137	0
37805550	0
19643124	0
2391020	0
10079095	0
48502612	0
5008531	0
9631339	0
37778632	0
18255309	0
11880410	0
115547	0
32025889	0
5949059	0
26207236	0
8001052	0
16982269	0
24998876	0
23377008	0
136563	0
36611195	0
42578029	0
12583014	0
25149253	0
4236166	0
1081521	0
41855384	0
11637316	0
9528047	0
27924760	0
115335	0
580493	0
8943830	0
2535955	0
459642	0
7661376	0
27278159	0
8114728	0
4662204	0
37973784	0
1016530	0
7602622	0
36315408	0
4353960	0
1423284	0
27719429	0
3691585	0
27800186	0
1464048	0
15861644	0
1788307	0
3640967	0
699366	0
12426512	0
121985	0
22467865	0
34422828	0
33064277	0
2069023	0
550616	0
29398558	0
15881	0
19792378	0
6530844	0
4036630	0
1118444	0
8454687	0
28807133	0
336576	0
4902661	0
126053	0
44192694	0
12121069	0
16605295	0
31055667	0
43212117	0
43407652	0
6908288	0
2628839	0
12171022	0
16258726	0
8275456	0
35858205	0
17112337	0
11659808	0
3618739	0
637868	0
265500	0
7532448	0
1647075	0
3721727	0
30883042	0
21576127	0
8622764	0
1152077	0
19928035	0
6498321	0
4606632	0
18905862	0
22175808	0
931180	0
3405965	0
37077966	0
2770426	0
13039145	0
14965232	0
40841407	0
136553	0
6092352	0
1119123	0
31602644	0
141013	0
119809	0
2604900	0
14168819	0
3828901	0
6570169	0
22196175	0
23655875	0
6344884	0
4102862	0
6087800	0
17023550	0
1777967	0
123610	0
4446264	0
277700	0
7500007	0
9608096	0
8753938	0
1655565	0
35784650	0
2876009	0
48583971	0
976224	0
25054410	0
48152	0
12090686	0
5145427	0
22990934	0
1975544	0
13006926	0
43520881	0
893183	0
30465450	0
37547461	0
15563348	0
22533435	0
12321397	0
24680342	0
10410199	0
126296	0
992497	0
46607982	0
448664	0
33752061	0
23061594	0
6293564	0
10729343	0
4803540	0
9161946	0
17481393	0
497466	0
5350407	0
964241	0
12248262	0
9103993	0
3871239	0
409592	0
2073143	0
4578882	0
14023952	0
1082698	0
28732183	0
42101170	0
1307994	0
36953770	0
37307931	0
9573592	0
26190596	0
899044	0
399839	0
1647274	0
1639843	0
2514445	0
28934898	0
13130772	0
11969037	0
394042	0
34578153	0
23001166	0
4421351	0
13439407	0
262349	0
3174393	0
19949560	0
500991	0
17641028	0
33012661	0
415327	0
37648518	0
24759609	0
23512529	0
16953025	0
18699484	0
44225574	0
34370831	0
302879	0
24182117	0
33378884	0
2877006	0
17986492	0
20069097	0
1899800	0
26652006	0
1165053	0
4064429	0
10507123	0
28091768	0
445155	0
580167	0
37600207	0
32145772	0
411722	0
6858995	0
7753128	0
35979718	0
1545825	0
2636445	0
305555	0
6903287	0
5972184	0
12333941	0
7723606	0
119100	0
13969001	0
3498814	0
22345979	0
26129936	0
69526	0
32788004	0
1232622	0
8439847	0
555477	0
26888209	0
30204688	0
17448669	0
20341259	0
2316962	0
14569101	0
8548208	0
1916852	0
23551082	0
494457	0
446935	0
5408130	0
3361634	0
31028378	0
23834818	0
49035262	0
17360	0
12518804	0
14860807	0
25862010	0
1566315	0
39519608	0
3408553	0
210214	0
499685	0
1687087	0
13541691	0
1200341	0
1476249	0
30277261	0
25330357	0
20260945	0
5437465	0
902298	0
2318456	0
148180	0
6409477	0
1997230	0
6517412	0
8964761	0
513034	0
31389520	0
10972898	0
4613320	0
5679407	0
2050813	0
404596	0
16015179	0
14717880	0
12389439	0
21703002	0
38192323	0
6693553	0
3404556	0
32765263	0
3543140	0
2401560	0
6759697	0
3922482	0
46404903	0
3419439	0
4663295	0
6508885	0
2686939	0
8399264	0
9972303	0
4271536	0
41948924	0
28077427	0
2605477	0
2915840	0
5802615	0
638587	0
1575820	0
30855048	0
64263	0
19129584	0
111055	0
3718193	0
26314153	0
32989193	0
5287309	0
1177035	0
5575731	0
6712415	0
31816208	0
1945810	0
18950736	0
19522478	0
38641851	0
2537067	0
20390572	0
11258796	0
13819453	0
13127271	0
470678	0
11695205	0
38422225	0
22394025	0
9485733	0
91679	0
16681520	0
511030	0
5709419	0
22895966	0
29290753	0
24391859	0
330287	0
17891239	0
6919099	0
5817325	0
3643376	0
42643475	0
24341725	0
2993684	0
5990967	0
34046762	0
42480565	0
5084197	0
15514567	0
5376506	0
548954	0
224089	0
197152	0
875479	0
327437	0
17057026	0
20770694	0
993916	0
1264079	0
26349137	0
33335819	0
4176558	0
1125956	0
8152894	0
37858248	0
2968407	0
20421134	0
6682249	0
16627559	0
8385597	0
17800454	0
6964478	0
29217994	0
2270477	0
94825	0
12568750	0
44200541	0
2851314	0
5689634	0
579001	0
44837185	0
262597	0
31782432	0
1773596	0
19320564	0
107125	0
3032095	0
13688899	0
4592607	0
1457749	0
38999042	0
14489829	0
6550845	0
2612148	0
8346924	0
36822161	0
18593183	0
13340909	0
2107105	0
3944219	0
12852837	0
24902859	0
627380	0
10650336	0
7015095	0
23128901	0
344642	0
132842	0
4455089	0
27278315	0
124677	0
5164322	0
1974345	0
9002986	0
1717683	0
12821964	0
1526715	0
2739695	0
2796028	0
35034803	0
27320204	0
6861908	0
23093495	0
41019002	0
124598	0
3379748	0
106957	0
99710	0
28621091	0
14812146	0
37957527	0
746892	0
39963094	0
14170877	0
23771345	0
5271653	0
4901160	0
12731119	0
2915988	0
31277360	0
959480	0
26923360	0
37889855	0
