23519	1
2569167	1
1473077	1
102495	1
6393322	1
3051082	1
297436	1
320350	1
2445083	1
18068834	1
1744400	1
4334176	1
214028	1
14138024	1
11046583	1
2703176	1
2191455	1
36334721	1
103326	1
20163452	1
738649	1
7619909	1
613559	1
30169234	1
3380348	1
27291897	1
13775057	1
913522	1
2238154	1
212724	1
27852271	1
29660489	1
3627676	1
12477693	1
307326	1
41527708	1
7438571	1
26601670	1
6504303	1
6913074	1
27422306	1
31460521	1
29612196	1
208909	1
25104853	1
871217	1
7938472	1
15938124	1
116354	1
7851698	1
17154696	1
7165	1
383638	1
17486406	1
1416290	1
2213412	1
16155366	1
2480197	1
3211362	1
6703379	1
221468	1
18747032	1
44743897	1
1718213	1
1182639	1
31715506	1
34746894	1
1846486	1
2538965	1
17624654	1
125668	1
7328346	1
3986739	1
850744	1
184854	1
4904950	1
33312695	1
18416742	1
2804857	1
19938504	1
458695	1
36807315	1
27868767	1
29614919	1
4366461	1
376734	1
15042440	1
2508110	1
3715459	1
313516	1
410112	1
88935	1
6424405	1
6005326	1
1517056	1
1749257	1
6303966	1
2698517	1
410809	1
1655778	1
61635	1
1062693	1
156169	1
18713222	1
318576	1
284315	1
329556	1
23197489	1
838715	1
5633823	1
4005082	1
2264206	1
205703	1
32701146	1
240523	1
27773920	1
3314577	1
5465882	1
15169	1
24680340	1
8380118	1
24232465	1
18482861	1
1961219	1
7089650	1
6533282	1
2837562	1
1679445	1
12771640	1
1406527	1
7491964	1
5312349	1
25234793	1
26693897	1
27858134	1
3237847	1
24040400	1
2012529	1
3555758	1
620169	1
12250048	1
9644064	1
216781	1
2898746	1
192503	1
64778	1
740716	1
27871977	1
3697576	1
5347459	1
5989134	1
4442227	1
5398022	1
11473603	1
67575	1
64384	1
401234	1
1298575	1
21122467	1
1013513	1
9801122	1
27576720	1
910084	1
2919053	1
36076766	1
6079004	1
43681528	1
14476013	1
77423	1
4186607	1
201964	1
1917241	1
2514981	1
703371	1
31584592	1
16675564	1
28181907	1
8958426	1
6338971	1
192486	1
2934828	1
1809752	1
4092969	1
45362967	1
2490	1
1784034	1
340531	1
24771025	1
2823473	1
208508	1
7206078	1
2971324	1
2126968	1
902131	1
13640744	1
7688801	1
171165	1
227132	1
46180512	1
3063093	1
7717983	1
28498873	1
23394193	1
1647	1
1274426	1
42040348	1
178222	1
3031961	1
24546	1
13961079	1
41970121	1
8408318	1
14285621	1
2015700	1
988124	1
2903003	1
5961279	1
3305253	1
602952	1
602942	1
379011	1
88300	1
658556	1
14033769	1
449108	1
840184	1
31305906	1
4126997	1
14515157	1
935530	1
16232645	1
7668742	1
1818908	1
11287921	1
140709	1
4444101	1
3486273	1
443796	1
214865	1
2650346	1
31506401	1
3894530	1
608522	1
36808577	1
9668131	1
312716	1
3713524	1
2526998	1
46089	1
33635883	1
17156343	1
1884868	1
37947	1
86580	1
2301932	1
173057	1
229139	1
451137	1
5322337	1
12821514	1
4734186	1
12309454	1
43506684	1
9072	1
2593853	1
5986355	1
6748082	1
11832022	1
5043337	1
28004677	1
1500516	1
15843498	1
12098213	1
703114	1
1565418	1
3273212	1
2488232	1
12609778	1
28086836	1
1162198	1
14616822	1
3730522	1
26432280	1
4083225	1
1067409	1
336417	1
66297	1
1794438	1
22990910	1
354408	1
2312118	1
1744716	1
889777	1
2162705	1
38303988	1
7816494	1
39565477	1
5350331	1
2160839	1
7222427	1
1271099	1
25243094	1
2314842	1
658590	1
2948009	1
3222002	1
11335226	1
657217	1
6622408	1
66101	1
28761	1
12723145	1
24035450	1
9398139	1
28260990	1
216398	1
2200117	1
6959544	1
16073	1
30863154	1
15154599	1
7952467	1
6412839	1
36098227	1
17644344	1
3746967	1
19547	1
6603935	1
4387808	1
221901	1
646426	1
6010934	1
288490	1
15122618	1
290595	1
2304207	1
1394623	1
2429670	1
915671	1
1957489	1
1390445	1
8308	1
1000193	1
8075461	1
108830	1
871129	1
667244	1
861750	1
1975883	1
2794281	1
145744	1
5834761	1
2325479	1
648581	1
4188	1
291939	1
3511021	1
8370650	1
10641824	1
43192809	1
7626508	1
31969373	1
2614720	1
183716	1
7214560	1
1868783	1
28709932	1
21380231	1
3573593	1
2672052	1
10790698	1
4155114	1
6043668	1
26134298	1
44980	1
18503287	1
24005125	1
40774417	1
7096766	1
25458	1
421802	1
12594928	1
2984748	1
20315165	1
2462780	1
329488	1
19099977	1
840050	1
5990161	1
25164067	1
356232	1
931540	1
7015747	1
5210676	1
199145	1
31243776	1
840023	1
10678651	1
712384	1
2484297	1
3886741	1
5695377	1
24312917	1
237980	1
16000550	1
3312633	1
933607	1
1679088	1
2262480	1
29463089	1
25471192	1
42689546	1
230846	1
23214888	1
25483294	1
31868647	1
4546092	1
7650510	1
1922511	1
1538033	1
156830	1
690897	1
39707005	1
4567027	1
392979	1
337263	1
23834539	1
6000470	1
29583571	1
18938195	1
1845642	1
8600873	1
478837	1
35580578	1
7587638	1
1384755	1
799881	1
20068258	1
345893	1
5776590	1
2957745	1
27591419	1
23089188	1
29740118	1
12482906	1
24621	1
9373065	1
951465	1
4759552	1
22916418	1
3777379	1
2534472	1
16819421	1
5383431	1
7352900	1
1824801	1
4228976	1
2168713	1
46268	1
1614818	1
47475612	1
199058	1
6589976	1
28633217	1
7992434	1
657408	1
18066995	1
13226424	1
26458776	1
41268139	1
1141555	1
327368	1
397455	1
448426	1
30275581	1
21296224	1
9344577	1
1468381	1
459853	1
29129228	1
185628	1
1790965	1
1548869	1
4772841	1
34465814	1
854554	1
37482282	1
9473770	1
32768872	1
35046955	1
3818713	1
41108367	1
24735184	1
3922852	1
273463	1
482575	1
921544	1
18790607	1
13199439	1
25964956	1
5669330	0
5630801	0
15454714	0
24511133	0
23078132	0
12943899	0
47694810	0
10119273	0
9564125	0
26485589	0
15089468	0
219217	0
2821032	0
3430703	0
334882	0
9938546	0
3592856	0
23789838	0
23004384	0
21826647	0
922205	0
8375292	0
533915	0
165741	0
121277	0
4200919	0
931139	0
1719879	0
1997881	0
42329610	0
5735297	0
44418571	0
33412350	0
6352726	0
3024020	0
13517988	0
1076146	0
468538	0
14000480	0
14532489	0
48468695	0
2344862	0
9325511	0
1163402	0
1083070	0
44744352	0
2165945	0
3019402	0
3966709	0
1211550	0
6569953	0
5949544	0
2427303	0
48981174	0
6288309	0
7517392	0
1724276	0
1498700	0
1642098	0
108847	0
23918512	0
23453151	0
5439008	0
35698563	0
378009	0
9706894	0
29189036	0
14963881	0
12878130	0
26373565	0
921570	0
39115273	0
1195491	0
20585495	0
10107595	0
4777579	0
13548529	0
14477647	0
853426	0
15576036	0
8919730	0
3757903	0
25658839	0
88493	0
3884124	0
11641876	0
14993333	0
26401320	0
1519223	0
32321898	0
32294226	0
47335681	0
26990927	0
6753533	0
744612	0
2470805	0
2248493	0
1108898	0
1095954	0
1249749	0
25968664	0
24189033	0
504137	0
12702420	0
18253273	0
2128231	0
1123026	0
4080956	0
36896466	0
15436254	0
558203	0
1448097	0
16329545	0
25763746	0
11409475	0
120175	0
7944982	0
900266	0
44210150	0
12706499	0
1123386	0
9556131	0
15378632	0
16813076	0
11101598	0
34426237	0
119841	0
18494818	0
14155967	0
8073221	0
31056977	0
8558440	0
20978906	0
30840070	0
31886105	0
27044676	0
20138648	0
464494	0
9165408	0
5561890	0
12418747	0
32522467	0
470408	0
17277486	0
29474742	0
1350754	0
2856706	0
5621883	0
13579270	0
16454384	0
36487745	0
1729754	0
20339364	0
26837819	0
12587011	0
16809593	0
240320	0
41440001	0
28252460	0
7352834	0
28082651	0
4105180	0
358311	0
10690135	0
34551525	0
1421463	0
28286019	0
7777235	0
3423448	0
5629170	0
4507520	0
1202683	0
3231960	0
9791680	0
959488	0
3211873	0
35260872	0
17651145	0
21440316	0
27947285	0
31192098	0
35987606	0
11949256	0
8282374	0
242651	0
27875733	0
110967	0
18983644	0
11648848	0
4511113	0
46315794	0
174181	0
8284411	0
5501613	0
6768673	0
5497446	0
154449	0
24197202	0
6533326	0
21906992	0
1174718	0
40836321	0
22093050	0
11029162	0
18217905	0
5825456	0
3812336	0
32774969	0
863419	0
41602569	0
9371573	0
1110750	0
3664239	0
122144	0
42579539	0
2869362	0
49258667	0
8581771	0
10230244	0
1817093	0
117518	0
25649352	0
28515705	0
14924045	0
4947443	0
34536225	0
3737500	0
3840589	0
36658246	0
26923633	0
14981283	0
5914957	0
47220033	0
7254885	0
38545845	0
11921851	0
3371892	0
2804212	0
22190565	0
364142	0
23546149	0
35378860	0
35251435	0
3399676	0
48719823	0
16874192	0
33556313	0
600398	0
1573747	0
590991	0
888918	0
43082934	0
1938284	0
27558125	0
18465265	0
4353804	0
2350168	0
451169	0
360734	0
8101017	0
2933588	0
6719483	0
4644050	0
2164768	0
30172920	0
117109	0
4635988	0
9304952	0
48935466	0
47024586	0
3537755	0
18029963	0
31719760	0
3320166	0
39195205	0
1439767	0
8521333	0
14553826	0
90451	0
9027899	0
12975952	0
5123372	0
2810853	0
13351690	0
774654	0
2272686	0
1697815	0
11391701	0
2968045	0
581041	0
31007239	0
26947050	0
4773323	0
351706	0
3373095	0
12732648	0
13137574	0
1473192	0
212384	0
300619	0
34286709	0
5995201	0
30956667	0
796149	0
8853175	0
2548748	0
20782880	0
18272050	0
28403109	0
15735312	0
22385750	0
4936619	0
26506001	0
7080590	0
2379561	0
13625370	0
11107250	0
4356014	0
35634793	0
1291166	0
35285494	0
23413599	0
22356292	0
2742073	0
29448776	0
49056930	0
19475756	0
122140	0
32655196	0
37731143	0
665160	0
20817717	0
1657064	0
8182898	0
7208149	0
20845577	0
31783261	0
2261891	0
8830379	0
1395328	0
705313	0
9974147	0
3678724	0
9187210	0
3962017	0
1155481	0
111863	0
1879610	0
6704758	0
39986920	0
4140009	0
37020168	0
3402901	0
1039100	0
33073986	0
27924754	0
3214105	0
175128	0
323330	0
5902692	0
3287579	0
24700627	0
1111540	0
6917358	0
47301641	0
263310	0
14313983	0
187604	0
41519187	0
19537175	0
29264703	0
39430307	0
9971424	0
40010373	0
34643655	0
34526529	0
6550610	0
7023819	0
513591	0
414018	0
4128892	0
97103	0
13348042	0
26092758	0
23958506	0
2765744	0
22576356	0
361258	0
1866220	0
1777783	0
22029856	0
24814204	0
7218423	0
617219	0
30414058	0
20581092	0
29176169	0
7429301	0
7473356	0
763755	0
29586960	0
19369220	0
8474062	0
20147985	0
5661191	0
23412072	0
3290919	0
20486376	0
8078847	0
18935239	0
6825261	0
29899831	0
29411170	0
23547716	0
8527374	0
2349529	0
41309346	0
735094	0
4836447	0
110646	0
13291990	0
7136851	0
3720488	0
700249	0
323767	0
6021008	0
2645291	0
4872194	0
21668786	0
4559806	0
6716391	0
51851	0
28944565	0
26927866	0
2499067	0
23874531	0
22428082	0
38198836	0
26790509	0
25244122	0
19132507	0
36172846	0
12794960	0
35205966	0
31636239	0
33949814	0
39746968	0
7062107	0
1791607	0
4000070	0
16836806	0
8691442	0
6335	0
10885307	0
37270568	0
6710593	0
5258106	0
8010995	0
45469585	0
6232143	0
27629721	0
25914103	0
23655088	0
36897525	0
3528095	0
23885814	0
5733761	0
1610808	0
19882734	0
317733	0
20127756	0
133368	0
8082810	0
9191110	0
7723676	0
11881787	0
7330023	0
8065603	0
747959	0
14149346	0
15662494	0
25497278	0
42490831	0
30828001	0
42989013	0
3433984	0
564568	0
131352	0
26328390	0
5216546	0
40273476	0
16457995	0
8488093	0
27514738	0
8488557	0
19016808	0
4892507	0
380353	0
11028222	0
28460342	0
