2244835	1
18900893	1
316905	1
6696437	1
21591425	1
23558923	1
332410	1
32359	1
1420780	1
18914017	1
12151164	1
30660	1
856761	1
293990	1
3146341	1
3172714	1
355802	1
31636202	1
18951309	1
4444	1
101616	1
31756377	1
143738	1
178877	1
214804	1
163433	1
197228	1
1024346	1
859051	1
57846	1
453666	1
24189284	1
3596648	1
1504442	1
967017	1
18823	1
8400658	1
44361	1
2393932	1
200249	1
9710509	1
518137	1
5897418	1
13579860	1
144330	1
36834539	1
80049	1
3715275	1
6596606	1
22965825	1
657442	1
2317222	1
693934	1
1636754	1
1872072	1
5131216	1
452905	1
470499	1
2571278	1
185569	1
920699	1
7107300	1
217513	1
4645193	1
132666	1
300970	1
5326454	1
43483	1
43818675	1
176544	1
74202	1
334850	1
344773	1
18567210	1
73041	1
9647427	1
96057	1
12789693	1
1118047	1
1651128	1
5697135	1
4734411	1
11615000	1
2248531	1
43979	1
33761741	1
111444	1
29447223	1
616854	1
2188510	1
161772	1
8886086	1
105724	1
82256	1
345647	1
1131624	1
1153804	1
3876238	1
150884	1
9555280	1
28441	1
15724388	1
87939	1
22269222	1
3508327	1
15148069	1
293932	1
4785301	1
3620411	1
184665	1
7626	1
855702	1
3969740	1
15469761	1
241782	1
461856	1
9883089	1
5168174	1
419271	1
1618509	1
1676369	1
6182740	1
1285822	1
61728	1
1988659	1
13487	1
91100	1
2072850	1
2380500	1
107836	1
1034694	1
115459	1
210802	1
478839	1
2647722	1
17366369	1
16083	1
962409	1
8804790	1
498246	1
40410	1
573527	1
23873702	1
294096	1
334546	1
39076	1
2266286	1
153636	1
778846	1
3009177	1
549135	1
124762	1
22807088	1
20294783	1
300596	1
564402	1
39327014	1
230935	1
864396	1
2541443	1
132843	1
6251686	1
136008	1
6286152	1
45728	1
171179	1
18481392	1
156618	1
1561379	1
258880	1
340197	1
10048724	1
11538956	1
4973333	1
7695697	1
3189961	1
46622464	1
156940	1
591632	1
12151379	1
15278233	1
277721	1
615151	1
24301062	1
136584	1
28830	1
16918328	1
1211510	1
1204451	1
1618134	1
13199916	1
3030102	1
1202532	1
5578272	1
33900	1
105293	1
7615028	1
3899699	1
4876	1
4226227	1
44541	1
128094	1
16797772	1
51900	1
15704	1
23714853	1
230271	1
21285632	1
469729	1
1553644	1
178014	1
6349235	1
252882	1
641846	1
207903	1
9562999	1
230456	1
1052312	1
564120	1
167774	1
1246114	1
7205044	1
2487220	1
476712	1
757269	1
1294208	1
1419558	1
34298427	1
7948439	1
803735	1
24189541	1
85406	1
1034172	1
89988	1
96643	1
2602	1
1424309	1
23036	1
646126	1
1104786	1
153654	1
31094245	1
6919166	1
519691	1
773690	1
20593	1
86321	1
952702	1
2598800	1
109002	1
17466601	1
5280115	1
19301	1
1290571	1
6735951	1
51111	1
12520192	1
18714905	1
1525395	1
31710876	1
434531	1
71044	1
1281608	1
3239803	1
20260379	1
10675435	1
284527	1
6448007	1
2037826	1
1162	1
440358	1
6714812	1
32432605	1
340930	1
1162053	1
28244497	1
114612	1
7683596	1
738756	1
386065	1
775128	1
62149	1
314449	1
241913	1
624024	1
61880	1
11446626	1
39026565	1
127255	1
311615	1
12269802	1
42502747	1
745675	1
746152	1
1777750	1
173597	1
1908661	1
30659	1
2363552	1
55013	1
225499	1
3240107	1
2023	1
3218748	1
1090005	1
112570	1
20692293	1
217538	1
307455	1
514135	1
29967	1
6264481	1
109132	1
1800046	1
614034	1
259758	1
9153109	1
407018	1
2133640	1
375668	1
48184871	1
2622575	1
24761	1
149854	1
14568297	1
4689660	1
1690448	1
2705410	1
2032656	1
12765975	1
3010318	1
9689504	1
1004834	1
14100692	1
9238	1
1061223	1
127702	1
25062797	1
37595	1
29458	1
21244096	1
9995	1
3024322	1
67064	1
208318	1
21091233	1
107676	1
614519	1
19147590	1
1729972	1
807462	1
520411	1
69813	1
508166	1
23250986	1
2548934	1
407896	1
12293642	1
115706	1
1275574	1
1300171	1
1068714	1
969337	1
1490228	1
30718635	1
5185573	1
144645	1
91658	1
979655	1
4354484	1
164228	1
447804	1
3321698	1
3369644	1
216597	1
264037	1
489057	1
16020434	1
6014292	1
1336534	1
107643	1
12482413	1
194217	1
5639315	1
2176547	1
445533	1
23939707	1
416566	1
2872725	1
138032	1
468995	1
1285813	1
248633	1
2622766	1
3899201	1
1053546	1
28912	1
7593	1
2322706	1
224764	1
922066	1
23476857	1
1768991	1
178097	1
103422	1
765108	1
33656672	1
4451957	1
97428	1
564986	1
7787831	1
613928	1
167409	1
157937	1
144294	1
31327260	1
84899	1
4460850	1
11569313	1
2390235	1
3248459	1
6930954	1
888013	1
1855168	1
126831	1
751299	1
26332141	1
217577	1
446262	1
1078512	1
828090	1
861770	1
519197	1
8944536	1
533441	1
196148	1
21491359	1
4424692	1
21958513	1
12804	1
8654	1
165560	1
1013155	1
167120	1
8451556	1
21006171	1
6082930	1
4347848	1
29980092	1
11729	1
723267	1
3196465	1
67047	1
910154	1
33070200	1
1166026	1
58635	1
20107027	1
25598447	1
3040607	1
390425	1
116264	1
5350853	1
108844	1
109502	1
4144690	1
8495744	1
18118252	1
2908608	1
5446237	1
149127	1
5049801	1
118501	1
3622167	1
483027	1
27332061	1
18308339	1
894513	1
1107076	1
181102	1
2873514	1
189902	1
30862769	1
2809901	1
381784	1
1933002	1
2693399	1
2084591	1
283920	1
197136	1
14411171	1
25847733	1
43093731	1
3334582	1
916301	1
25270306	1
7878457	1
4274976	1
15155	1
4045	1
40130781	0
12578252	0
5786141	0
38825747	0
7319970	0
47800254	0
38037765	0
25320279	0
3961220	0
1342270	0
7599628	0
351172	0
3152371	0
3305308	0
49310815	0
11336083	0
35922135	0
13662314	0
44861683	0
1354059	0
3314352	0
24357536	0
22280884	0
37084549	0
17687538	0
8177751	0
1025958	0
3875753	0
47010123	0
13942318	0
19081	0
2184330	0
4629580	0
9856317	0
1162910	0
16829256	0
15656478	0
12520856	0
11931370	0
2909940	0
1765936	0
37539297	0
6827531	0
1480745	0
18863292	0
1556606	0
5916805	0
1054651	0
1492480	0
4940126	0
29585129	0
11664373	0
2082349	0
7243863	0
10793901	0
8630414	0
43617313	0
36362979	0
16012582	0
3693173	0
23923123	0
1953782	0
17042991	0
1090358	0
21718324	0
20565560	0
19525457	0
31064398	0
28932499	0
32981149	0
17814003	0
24136223	0
21015553	0
11196747	0
19008413	0
11859373	0
25557212	0
3905638	0
15917207	0
3377580	0
2506672	0
10739085	0
1176048	0
8155426	0
387468	0
1422522	0
33812819	0
21064449	0
11325184	0
41285619	0
34366535	0
12810621	0
2637655	0
35938015	0
2161381	0
24712679	0
660223	0
5710684	0
1794784	0
15710823	0
26590149	0
16091360	0
1789763	0
631793	0
20616255	0
33408497	0
3752418	0
27995707	0
9410479	0
41912410	0
21980161	0
5308936	0
9726662	0
2984938	0
310436	0
18769534	0
3734947	0
5962352	0
15164297	0
2253007	0
17932045	0
6266026	0
14356726	0
25541277	0
17699203	0
41040004	0
18155959	0
32435534	0
3427154	0
47172772	0
21123594	0
5754001	0
37819453	0
115078	0
8211942	0
5409016	0
7069000	0
18295668	0
474459	0
24861708	0
8014828	0
1687432	0
34238410	0
31615401	0
11442838	0
3416981	0
7335918	0
1904082	0
112591	0
9469522	0
22205472	0
12875690	0
255406	0
21065131	0
5396255	0
6848807	0
3891688	0
3723977	0
5814195	0
41210297	0
452899	0
21260703	0
15595970	0
8523781	0
31280891	0
3272688	0
25074031	0
9470535	0
7601618	0
3012134	0
26036211	0
20542696	0
33228650	0
12198687	0
11801693	0
21030557	0
31870489	0
4475238	0
11228029	0
130606	0
3700951	0
2313970	0
1701799	0
8646209	0
28969329	0
21694495	0
13273629	0
19070633	0
7391716	0
6333422	0
26572026	0
35758007	0
6533120	0
25806598	0
22915236	0
41867797	0
4727747	0
1159093	0
1632789	0
23557054	0
19682386	0
12598184	0
25733148	0
4685266	0
2318137	0
20515943	0
7457548	0
1924255	0
45552639	0
39235899	0
15543417	0
40860823	0
579147	0
4170891	0
7033175	0
20591712	0
29468661	0
3701546	0
1183610	0
1674578	0
30126957	0
25241317	0
2138206	0
1229149	0
169214	0
24440246	0
3893666	0
31270503	0
11936219	0
10419786	0
28613913	0
11735426	0
16385594	0
17783221	0
26211082	0
46626922	0
9239151	0
4266213	0
15078423	0
4444552	0
5814415	0
10164092	0
15150813	0
614371	0
27195725	0
14367147	0
324586	0
34316443	0
6129261	0
1709231	0
4334687	0
628180	0
168258	0
24259263	0
32658594	0
16368418	0
2803106	0
6704917	0
29008505	0
30882427	0
21483392	0
6976448	0
6489640	0
925248	0
28177099	0
30871883	0
16915977	0
30696034	0
17422249	0
1244298	0
12484393	0
25368408	0
42764197	0
11834229	0
4948045	0
34574444	0
1848539	0
25181969	0
46365674	0
435173	0
643804	0
12372209	0
42490995	0
29507356	0
14585659	0
347803	0
20125959	0
2435125	0
664331	0
4635212	0
42461439	0
2945624	0
20835360	0
12249387	0
11108572	0
32600705	0
7000264	0
31199884	0
3272650	0
40007015	0
14447718	0
12292190	0
12127075	0
25437591	0
26296	0
78964	0
7010599	0
9391704	0
30476904	0
4301128	0
20621349	0
25832984	0
13070960	0
14697012	0
20086983	0
24574539	0
13332637	0
13274750	0
24118980	0
211412	0
117323	0
6446734	0
1767968	0
18648826	0
25349783	0
40685892	0
4084116	0
24476890	0
25914143	0
4458123	0
7116188	0
19337202	0
5786855	0
37630343	0
15055537	0
240611	0
6925976	0
23634106	0
8657742	0
9107136	0
10373919	0
705313	0
25540148	0
22231212	0
4000070	0
11408950	0
18120948	0
27220027	0
1968831	0
1549227	0
5465121	0
6929204	0
39711829	0
44308874	0
46178462	0
2426874	0
14262039	0
15722157	0
47526434	0
251833	0
12409587	0
19634119	0
39156020	0
22306079	0
11461741	0
712718	0
179529	0
8199337	0
1026935	0
23782012	0
110815	0
4854228	0
2417030	0
1235355	0
3795346	0
21235290	0
24325106	0
6327625	0
5839188	0
10353	0
26987454	0
11554183	0
8111554	0
21945721	0
3480957	0
43147835	0
17607395	0
1422242	0
82489	0
22728409	0
26082	0
5541336	0
2260455	0
26878736	0
1911040	0
2630967	0
14931003	0
9800084	0
328129	0
19683068	0
15029323	0
35158365	0
416633	0
8907718	0
17725644	0
23305821	0
39053585	0
627851	0
2340999	0
10659904	0
2221508	0
24778396	0
578303	0
31525720	0
1759607	0
18211735	0
21406883	0
30862850	0
18912977	0
12941686	0
33411697	0
41215605	0
32655696	0
3109056	0
2371819	0
1057288	0
30009732	0
1026099	0
6382253	0
42869178	0
26192684	0
10046563	0
1413074	0
17305842	0
17057653	0
26315170	0
39350821	0
613553	0
43309179	0
4206527	0
34595743	0
40645086	0
5688645	0
1399043	0
137221	0
30026123	0
21676245	0
3991775	0
34470410	0
381170	0
3259508	0
7196173	0
3180893	0
3499171	0
7162780	0
11965503	0
2101627	0
132626	0
6651851	0
624236	0
3961272	0
4744127	0
5950372	0
31110520	0
6737262	0
4602984	0
28763666	0
15803510	0
7286308	0
47096594	0
10090620	0
11664638	0
24045810	0
2938391	0
15417473	0
3864331	0
4594098	0
22329599	0
2316659	0
1974450	0
23155711	0
27741823	0
3470291	0
8053569	0
101109	0
12247642	0
2886316	0
1751069	0
27408243	0
5354419	0
4767923	0
28023039	0
30272294	0
146213	0
36662762	0
6312638	0
33176090	0
36305708	0
384063	0
22589712	0
