2167517	1
242119	1
5969716	1
722922	1
727562	1
130980	1
30872402	1
13048571	1
3686765	1
463373	1
3851967	1
3474073	1
22304243	1
3545678	1
1403553	1
14274827	1
33796060	1
11948856	1
1140901	1
48323314	1
20648028	1
4445746	1
251608	1
7144535	1
6823697	1
809515	1
332769	1
90008	1
16351316	1
8183142	1
18214141	1
29591603	1
31517252	1
676210	1
9105889	1
1226685	1
23338693	1
299646	1
582555	1
7115743	1
27046793	1
12764987	1
12812167	1
2062148	1
2592660	1
10705159	1
6948762	1
151444	1
7915215	1
35555300	1
33082169	1
1871428	1
1830489	1
33624554	1
134361	1
13154421	1
12896679	1
1881178	1
1213859	1
5934086	1
3839407	1
5813012	1
3001162	1
17135	1
3306638	1
683404	1
127741	1
1761642	1
7968562	1
3325652	1
386738	1
9773730	1
2061347	1
757336	1
105736	1
15910046	1
44159484	1
11048476	1
3004840	1
22698515	1
133083	1
19939794	1
741618	1
4657620	1
4516165	1
21096956	1
3569309	1
4792584	1
21550958	1
37846757	1
25369217	1
12021835	1
27428431	1
637329	1
32819393	1
6378447	1
2869982	1
39880801	1
1148735	1
33109039	1
875253	1
15772503	1
592806	1
110176	1
6477931	1
3486964	1
62370	1
8416304	1
816369	1
14040750	1
3191656	1
7372857	1
1922917	1
8532747	1
33807929	1
2443723	1
75912	1
2474438	1
10372031	1
232440	1
26016523	1
2190971	1
3693585	1
8149543	1
7647554	1
7576894	1
15088480	1
139258	1
134542	1
1212766	1
20610761	1
30274953	1
12934277	1
8102747	1
21265115	1
74730	1
449839	1
418763	1
12485786	1
665790	1
5736846	1
727502	1
5261903	1
8893055	1
23161929	1
3470017	1
20052075	1
39706737	1
2726481	1
219112	1
6095318	1
219974	1
7582708	1
5410726	1
4256121	1
2263526	1
1877230	1
27762	1
893770	1
5880857	1
2769568	1
91564	1
34419715	1
5366593	1
1400654	1
6899695	1
35064069	1
8642193	1
11296591	1
595003	1
2597702	1
35544787	1
24037563	1
1564433	1
13356932	1
5381587	1
7972944	1
109826	1
4237842	1
5732341	1
1262634	1
8348863	1
23340997	1
675561	1
112273	1
4711842	1
13326442	1
30875233	1
87944	1
10078789	1
36481487	1
129782	1
3475565	1
2476087	1
6665861	1
23203506	1
21210710	1
16710541	1
7893	1
678335	1
948414	1
4648479	1
1226567	1
3396938	1
3448788	1
2019005	1
110747	1
43160354	1
8744128	1
22284	1
4091776	1
376182	1
681745	1
7309199	1
112575	1
12738139	1
1235635	1
518192	1
2581397	1
3470135	1
553257	1
5956836	1
21450584	1
4760102	1
3647424	1
33550598	1
138636	1
2448833	1
20611105	1
3836257	1
21537961	1
5708858	1
6770099	1
434176	1
37277337	1
248019	1
59403	1
4516144	1
387399	1
1531689	1
8626658	1
43091112	1
15948596	1
138299	1
31926375	1
7118673	1
20152793	1
997534	1
10434301	1
105145	1
19116230	1
108725	1
729384	1
4422224	1
1314336	1
4459868	1
2769075	1
42795131	1
2049458	1
3470364	1
127257	1
4854157	1
2190901	1
33290835	1
30860384	1
11978489	1
9518645	1
14734521	1
633090	1
2035694	1
34334124	1
22160499	1
3484393	1
14163935	1
5592410	1
13375671	1
7773238	1
14559181	1
1518377	1
948477	1
636954	1
5042706	1
15134482	1
11415129	1
4516118	1
3018277	1
1218383	1
14981555	1
741939	1
1769273	1
27177858	1
2969318	1
952083	1
809513	1
18188791	1
27717240	1
19999737	1
15307648	1
2656032	1
5499008	1
8736333	1
1673153	1
727606	1
2619690	1
348674	1
8448516	1
25199908	1
731639	1
974687	1
7338344	1
27271341	1
3059941	1
955377	1
5557139	1
4761325	1
7303619	1
10000228	1
2644139	1
7852375	1
6732151	1
1589924	1
31344711	1
1235044	1
5052	1
2966536	1
14105984	1
11502778	1
1465515	1
4526086	1
742000	1
112989	1
6516762	1
981749	1
1819834	1
2182552	1
8510451	1
727936	1
8661425	1
424477	1
8404040	1
26322270	1
7757648	1
18166891	1
2219614	1
129158	1
14692944	1
5760466	1
771774	1
26130530	1
18703660	1
54061	1
130725	1
240378	1
3622276	1
5682276	1
11698964	1
81222	1
341553	1
7030523	1
38905844	1
2928897	1
1882094	1
260325	1
107725	1
8838866	1
25115051	1
3491124	1
109973	1
20256188	1
2524508	1
73630	1
38936262	1
20196110	1
5827871	1
24764655	1
19425089	1
12076555	1
1122819	1
661824	1
6731125	1
707483	1
727618	1
1226510	1
7917279	1
2650754	1
36730791	1
7817609	1
6248590	1
11747797	1
35800741	1
3243759	1
2258287	1
1889132	1
1394207	1
5806572	1
7037566	1
3248459	1
25927800	1
59671	1
6249890	1
49543474	1
4343334	1
3039362	1
3772814	1
3302395	1
464208	1
3413894	1
647274	1
20030897	1
1123155	1
434184	1
301925	1
771512	1
4584396	1
108478	1
2371108	1
14256212	1
22021036	1
1448140	1
124527	1
506961	1
5789931	1
154494	1
2809066	1
9400394	1
4139834	1
18626273	1
6396314	1
19801645	1
20742209	1
4641059	1
2410788	1
3204171	1
1266347	1
3333914	1
744361	1
20962626	1
3205411	1
1802063	1
14458020	1
2067711	1
4110714	1
6187190	1
3341483	1
20134780	1
637038	1
1235935	1
23125034	1
39241072	1
5966875	1
33538650	1
27604458	1
2187423	1
31686896	1
13190299	1
857311	1
8129139	1
1637053	1
19048880	1
25310411	1
863492	1
255129	1
5662904	1
43442174	1
31088568	1
513906	1
1675013	1
3832609	1
39812845	1
1234917	1
436774	1
4867368	1
8383694	1
5832863	1
34943820	1
13861808	1
1679229	1
10438479	1
24596249	1
18503756	1
6318887	1
108053	1
465626	1
1876793	1
20994	1
15697128	1
2977470	1
32047401	1
132610	1
12230014	1
12145331	1
8051038	1
7896041	1
23243880	1
3475454	1
9743170	1
717898	1
18703971	1
42310374	1
970846	1
2834090	0
21921948	0
8963852	0
12031867	0
235852	0
2836076	0
6795375	0
22203356	0
22061520	0
31156052	0
35788342	0
5771542	0
4190049	0
1251800	0
3039553	0
5420928	0
2331913	0
20799438	0
16639008	0
5454493	0
24540291	0
14521327	0
1348873	0
18396756	0
2153724	0
410323	0
8583926	0
4814811	0
13317535	0
1875325	0
42231883	0
294934	0
7890886	0
773662	0
30864794	0
46207961	0
41104312	0
15513461	0
235807	0
12081481	0
1812710	0
6797809	0
20121760	0
3829904	0
273222	0
26057196	0
1949083	0
40120251	0
23951438	0
555307	0
3138516	0
10967332	0
1041055	0
15534253	0
6113249	0
10907734	0
32315226	0
2020488	0
15931261	0
19645327	0
2270500	0
3026613	0
4668888	0
7116160	0
2675875	0
2932820	0
9519130	0
2487888	0
7280267	0
2209401	0
1637793	0
8075858	0
7916519	0
2277981	0
1233095	0
27876597	0
1980268	0
401458	0
12562280	0
25263707	0
29574158	0
1318427	0
143222	0
218862	0
1673071	0
25327501	0
15511340	0
4692298	0
17469546	0
18348298	0
40950907	0
1864282	0
31163347	0
10877540	0
4262720	0
2554320	0
25545379	0
3915547	0
14576147	0
38131291	0
655702	0
7357028	0
37017445	0
21606983	0
3047545	0
1312545	0
961621	0
16191869	0
52625	0
9858050	0
12324854	0
4863022	0
15525660	0
4773382	0
37353977	0
8963182	0
30455892	0
697240	0
6247904	0
36295020	0
945321	0
11812237	0
23878652	0
46970399	0
28802527	0
18051511	0
28138977	0
6720902	0
12491394	0
6307084	0
14967554	0
13938847	0
9544281	0
5612120	0
6616962	0
919644	0
16336105	0
395599	0
18094061	0
46959412	0
8139407	0
1858848	0
9823451	0
822822	0
6833810	0
35898373	0
30871231	0
8623353	0
11997443	0
3334354	0
4613653	0
993728	0
9300475	0
1590932	0
39826594	0
10166400	0
3072288	0
3124188	0
19651000	0
2344060	0
38602448	0
37703894	0
264440	0
17764590	0
9598073	0
4059550	0
3355159	0
19072651	0
39682154	0
6074042	0
23034801	0
22502469	0
21179172	0
7944264	0
2458731	0
13198166	0
4130118	0
31871287	0
37541920	0
38439546	0
3231871	0
18632702	0
1516066	0
21075031	0
32437320	0
525858	0
14339078	0
34505908	0
31270503	0
128347	0
12811306	0
23123403	0
12137263	0
3895179	0
6716345	0
13217316	0
26675248	0
27885923	0
839582	0
12036637	0
32763057	0
3324786	0
4545	0
23849111	0
3087709	0
16842144	0
37731381	0
28661886	0
5413944	0
15299305	0
40832516	0
26655258	0
5384890	0
11448977	0
11506387	0
762646	0
448069	0
9241968	0
23420614	0
100967	0
20544602	0
33285632	0
22319979	0
4560542	0
2862446	0
1802083	0
2216293	0
8953479	0
18788145	0
16634516	0
20921401	0
13120705	0
1999283	0
8622135	0
14320156	0
15415715	0
1307833	0
29575136	0
10690642	0
20039702	0
22020136	0
43433055	0
20887391	0
8291794	0
14421361	0
4522848	0
16051819	0
24547163	0
2246789	0
7821586	0
3723947	0
23306476	0
467799	0
36150197	0
8218139	0
478911	0
1107088	0
41384942	0
40923935	0
24295969	0
13770651	0
467835	0
286348	0
760975	0
28784682	0
22858056	0
47672415	0
20439501	0
31621906	0
10364643	0
621575	0
1734968	0
8831242	0
561709	0
2684000	0
34035512	0
514897	0
6419346	0
24131553	0
328413	0
8971697	0
13845344	0
26416380	0
1994555	0
7644951	0
2452084	0
937184	0
1713498	0
13063787	0
28080034	0
926377	0
14299081	0
7292320	0
2053797	0
45246948	0
4957985	0
13628170	0
5591833	0
263601	0
21378741	0
960291	0
5427384	0
744308	0
3044193	0
2292477	0
1249313	0
9726517	0
224424	0
9402350	0
4400488	0
5697510	0
24906740	0
27090627	0
4321442	0
47191107	0
6570270	0
582349	0
7123987	0
13824282	0
9891738	0
23610728	0
1237473	0
8481866	0
2218062	0
18628196	0
2316030	0
20596557	0
6896061	0
6941756	0
21833698	0
6701368	0
4153426	0
1864567	0
33229702	0
8548294	0
46662735	0
1520354	0
23586673	0
21235186	0
2440637	0
28210343	0
32567422	0
3343751	0
4692018	0
7692729	0
15572327	0
1105200	0
7662208	0
5808114	0
33271644	0
23598465	0
637354	0
42355948	0
994715	0
80812	0
8203592	0
273489	0
21051235	0
46214288	0
314329	0
4354463	0
15866526	0
2170634	0
9308471	0
29736177	0
1589677	0
41920525	0
1884911	0
26939479	0
5699642	0
6787432	0
45496328	0
28644542	0
1232154	0
4594396	0
31665342	0
33262861	0
1691208	0
684843	0
2175532	0
12558073	0
6393402	0
19162505	0
2165588	0
17192847	0
43223430	0
6217656	0
6707589	0
457503	0
2606319	0
9256668	0
10446367	0
153059	0
6493629	0
424377	0
1202888	0
985749	0
732860	0
56356	0
18769057	0
21559191	0
733930	0
29447642	0
3992211	0
3231599	0
18265201	0
894983	0
7850757	0
1162259	0
12326526	0
14541161	0
22794033	0
21049456	0
2119511	0
3746976	0
32224854	0
22734196	0
621828	0
32867874	0
14358571	0
3746658	0
25110481	0
14029190	0
2525617	0
2792034	0
5627407	0
2973450	0
18197624	0
360041	0
265860	0
384969	0
12274	0
6436	0
20644460	0
2526234	0
12055196	0
2429081	0
2260306	0
1796969	0
7897574	0
2568769	0
39089404	0
29167790	0
581030	0
183376	0
12001910	0
9331505	0
6362185	0
6938227	0
17833489	0
1394966	0
6144708	0
8314790	0
11755370	0
1650012	0
3470650	0
14114616	0
22316	0
575276	0
386209	0
5993906	0
21434680	0
12814895	0
49001386	0
7232503	0
5504256	0
178431	0
1413874	0
29496562	0
29137220	0
415363	0
32366463	0
673880	0
2022395	0
1090236	0
11575800	0
495775	0
7721511	0
14110961	0
40457515	0
4912349	0
1085163	0
21379709	0
5301045	0
42690215	0
5138510	0
2021188	0
6184170	0
4622552	0
17007531	0
6616510	0
22414886	0
10275106	0
4782815	0
5719337	0
32529509	0
9510488	0
9365385	0
25421378	0
8174135	0
