1042690	1
42031342	1
44403	1
48701	1
38488265	1
6067865	1
69795	1
231317	1
909	1
1436668	1
9621061	1
599356	1
10380	1
56435	1
20824628	1
4253054	1
27866041	1
171637	1
186300	1
41564	1
1633370	1
5391	1
18618102	1
3143384	1
59801	1
147575	1
331975	1
226080	1
59949	1
149544	1
30746	1
15179951	1
284758	1
158226	1
488582	1
222811	1
298329	1
67412	1
23475293	1
42317106	1
16861	1
1285638	1
16625	1
24141258	1
170717	1
1114755	1
19877	1
17608105	1
144829	1
3225594	1
34241263	1
545025	1
16258342	1
70537	1
1039075	1
8317967	1
5473601	1
149337	1
402739	1
2469968	1
49901	1
14307	1
4736401	1
8091406	1
21854	1
21066511	1
25804468	1
15295	1
5596470	1
31971174	1
341876	1
360219	1
249176	1
298686	1
167154	1
434617	1
238285	1
12108	1
359278	1
16858	1
1257702	1
60906	1
887495	1
175149	1
341911	1
25168720	1
424540	1
213936	1
1347829	1
28849	1
299310	1
16588997	1
2398875	1
156005	1
55172	1
423672	1
307257	1
182890	1
47011	1
16601001	1
56265	1
4950	1
29202630	1
27937488	1
18967255	1
21606370	1
873535	1
94251	1
508396	1
2189796	1
29952	1
15281024	1
71085	1
1325116	1
35920721	1
186553	1
2369718	1
505869	1
91231	1
199145	1
42985134	1
5293052	1
16045	1
333365	1
3979	1
26962	1
468072	1
14232449	1
266649	1
88772	1
514090	1
512125	1
67583	1
178745	1
167632	1
3959525	1
228463	1
8582	1
35250581	1
37400	1
1233653	1
10350	1
80864	1
559143	1
75469	1
66490	1
125309	1
450314	1
146539	1
184854	1
171353	1
7253972	1
2993325	1
5804	1
2744606	1
592295	1
332843	1
172550	1
308577	1
22333859	1
299820	1
150037	1
174650	1
4139222	1
19509	1
27899755	1
2371348	1
10695510	1
5211	1
1021210	1
863995	1
58666	1
240315	1
77587	1
65119	1
2785204	1
220050	1
2010495	1
1592	1
45397	1
25525	1
15224410	1
363236	1
1958801	1
174706	1
32745	1
20556859	1
474562	1
73096	1
695888	1
477846	1
38539	1
1533271	1
302783	1
251240	1
218232	1
868142	1
64493	1
41545	1
321481	1
18717338	1
16083	1
421853	1
2337890	1
216170	1
55212	1
219268	1
173147	1
58687	1
19373	1
21786641	1
5675847	1
2777215	1
34348533	1
271046	1
502060	1
309734	1
19953930	1
19283877	1
317947	1
34452	1
7172	1
2180852	1
341443	1
21224559	1
2701723	1
926304	1
51074	1
16777	1
1113966	1
430378	1
32640	1
49681	1
61002	1
2795080	1
775	1
13452339	1
19329135	1
297069	1
14121	1
432513	1
102883	1
58296	1
217462	1
158079	1
1434042	1
1021	1
440246	1
16307	1
1457124	1
2775465	1
29269	1
22256	1
1750863	1
2285162	1
22641	1
2828099	1
7355	1
640276	1
15252813	1
164374	1
39003467	1
38374426	1
4763118	1
1231372	1
2332422	1
575007	1
301913	1
1911	1
8893055	1
506701	1
37016025	1
27165	1
508057	1
93759	1
783314	1
25121	1
160843	1
1638128	1
14385100	1
59642	1
88801	1
18830689	1
48549	1
30345	1
192087	1
188356	1
1589530	1
296352	1
2060915	1
30479	1
42034840	1
589723	1
77745	1
289907	1
3469185	1
12766831	1
12385	1
37673	1
24503	1
25045671	1
5529638	1
1423	1
414668	1
1748593	1
26108621	1
18630626	1
937535	1
1694160	1
47818643	1
8357103	1
1346871	1
5869	1
1328050	1
23709110	1
875526	1
2471540	1
15890	1
210957	1
14959340	1
23665	1
5826	1
3083385	1
11990463	1
36870	1
307133	1
360243	1
46233	1
406624	1
1347518	1
595801	1
24472917	1
52033	1
174431	1
212884	1
353697	1
13048595	1
66220	1
19222532	1
5451330	1
10510268	1
2022934	1
2269084	1
8413487	1
2035563	1
15991504	1
2460	1
1111093	1
44816	1
3329087	1
1240010	1
39086	1
4368889	1
18622119	1
869744	1
28038737	1
1476499	1
148313	1
51885	1
6639133	1
8780449	1
30855847	1
2391828	1
456056	1
39588052	1
20972	1
2329108	1
26096	1
2925	1
37052486	1
12891	1
104743	1
229072	1
565176	1
1576982	1
33853117	1
2535563	1
5273666	1
655989	1
31865761	1
179187	1
27318	1
2210424	1
1369449	1
32167	1
7462491	1
38860895	1
4032505	1
31755785	1
1246843	1
18963754	1
26513034	1
408234	1
35623859	1
42707410	1
321157	1
5194	1
227111	1
839728	1
398644	1
829899	1
104139	1
20827589	1
7518349	1
69926	1
302084	1
27814379	1
1138011	1
901640	1
1948637	1
32262767	1
168079	1
24324	1
33006259	1
32080	1
5052153	1
21686	1
619009	1
2546065	1
916752	1
5955	1
103326	1
46947	1
20017	1
19419380	1
262550	1
240058	1
20160137	1
13988	1
16814276	1
420600	1
415412	1
4093588	1
25754	1
165451	1
39760072	1
665202	1
10939	1
331078	1
16209	1
620102	1
2848821	1
16948290	1
979274	1
16811243	1
302256	1
42734	1
3126596	1
2546	1
21585576	1
1034699	1
18233581	1
41765281	1
9443013	1
3959898	1
3961389	1
2146034	1
195243	1
31512491	1
3670922	1
1639158	1
2065	1
8895326	1
40199989	1
4710604	1
30876233	1
19171969	1
1573838	1
13457	1
1027460	1
3645368	1
168932	1
1683918	1
361866	1
170417	1
299970	1
154125	1
264061	1
51624	1
2715469	1
26400298	1
7397035	1
101921	1
459375	1
651997	1
682403	1
5918	1
160994	1
4774419	1
42538288	1
22796	1
4423254	1
39822702	1
83400	1
12351101	1
258890	1
21504235	1
23485	1
15747	1
53029	1
19415008	0
12400597	0
9523877	0
35516112	0
119090	0
46749848	0
176316	0
19285417	0
3203409	0
3093235	0
19255407	0
2797271	0
33983185	0
10935318	0
30285679	0
46762112	0
28061178	0
41778351	0
584381	0
752422	0
23006744	0
21875860	0
260538	0
23766917	0
6778207	0
25512441	0
96117	0
3325809	0
28929197	0
1682898	0
2056428	0
12594368	0
10036225	0
34398771	0
16486507	0
1583532	0
12200715	0
10902724	0
1072267	0
7710310	0
1186529	0
5117943	0
42455532	0
4626622	0
5686956	0
17388211	0
6882424	0
20546862	0
12382155	0
43812608	0
259720	0
7539365	0
13445372	0
2017185	0
11124980	0
2671003	0
13083758	0
137030	0
26664500	0
2650935	0
210841	0
12583129	0
2839688	0
20136446	0
5806385	0
13690023	0
46985163	0
30933950	0
137644	0
12995998	0
11397938	0
31483182	0
24121382	0
31822646	0
674795	0
2236893	0
144290	0
20867539	0
1430803	0
5131191	0
25288478	0
7266379	0
41862958	0
28789234	0
18461865	0
20561756	0
23107197	0
8436	0
21586148	0
8538478	0
16726674	0
10647940	0
34006480	0
22457605	0
4268733	0
8782002	0
45403079	0
46317058	0
3121968	0
26322599	0
182461	0
12202838	0
1471638	0
4268432	0
35482153	0
1962282	0
18761040	0
2354462	0
134577	0
11920105	0
374852	0
1146817	0
32465660	0
7230096	0
25159682	0
28207352	0
1771293	0
7951525	0
5678887	0
8423088	0
2611473	0
22730635	0
46237209	0
4770124	0
24181989	0
1390697	0
12533512	0
13806252	0
4703158	0
5447925	0
675374	0
6170136	0
2114494	0
4276616	0
12424732	0
36819373	0
6710456	0
20707517	0
7459970	0
4280030	0
783338	0
3991405	0
607289	0
15179600	0
37995922	0
323246	0
24176682	0
882162	0
6446	0
8106538	0
1254298	0
42111851	0
44326295	0
22383090	0
3946329	0
40214464	0
28957522	0
44598964	0
12178849	0
9294893	0
7714806	0
44050931	0
18258798	0
707597	0
673100	0
3517523	0
33096077	0
25537549	0
11039043	0
2281014	0
39762022	0
1029287	0
42781242	0
22237559	0
3846682	0
29473885	0
21153027	0
17143163	0
15418729	0
4981821	0
6195	0
41680048	0
15596490	0
915459	0
1117939	0
485387	0
9609753	0
11766787	0
474359	0
18278738	0
14924628	0
1033943	0
35200422	0
31546792	0
3067075	0
3546469	0
18492515	0
27984554	0
3285595	0
1040779	0
31036396	0
181280	0
36190829	0
18749527	0
758360	0
2430343	0
4529451	0
26171174	0
31979924	0
1497515	0
1501082	0
4043218	0
29337334	0
29153248	0
4790974	0
22080969	0
6096292	0
31304417	0
1610404	0
1135188	0
6649969	0
32760241	0
27976189	0
754367	0
1223646	0
25927752	0
8356725	0
3600326	0
31075	0
917218	0
4114801	0
350781	0
12069760	0
16219873	0
15892426	0
5578164	0
180755	0
1087209	0
12515170	0
3711026	0
8795694	0
22556743	0
644792	0
41097920	0
30339948	0
609225	0
31812782	0
1850606	0
28378364	0
38669427	0
31316600	0
1441114	0
11901437	0
4152473	0
26377832	0
871252	0
35387692	0
17972473	0
939629	0
469227	0
15784582	0
2173370	0
1003743	0
2967578	0
12021113	0
13770728	0
1767855	0
741871	0
29050259	0
134122	0
9500341	0
23736613	0
1421603	0
959784	0
1828884	0
9106715	0
2648581	0
19940357	0
27152415	0
2119922	0
1345544	0
1697315	0
26454460	0
36942216	0
18592336	0
9523963	0
47487903	0
2968485	0
3536995	0
485024	0
1888577	0
6119032	0
19285807	0
11867198	0
40412227	0
37058877	0
12761455	0
41906212	0
27108175	0
1828854	0
30712293	0
5737502	0
1411037	0
1884615	0
17940174	0
10517358	0
108161	0
36165974	0
36006369	0
8750237	0
39986124	0
14223679	0
11931868	0
47542256	0
67893	0
30472852	0
16367318	0
19380044	0
3084102	0
15670645	0
3730826	0
2812136	0
18561752	0
125845	0
7422379	0
6781740	0
1599564	0
32658362	0
33569500	0
1574849	0
23315302	0
25350332	0
33101461	0
48291317	0
962882	0
9265819	0
28710780	0
2093355	0
113908	0
17542938	0
20541973	0
2208677	0
3921909	0
25359545	0
393622	0
21599336	0
163458	0
5806266	0
2218642	0
12557198	0
9891042	0
9285674	0
39148438	0
26783672	0
13745157	0
1332077	0
618063	0
20319888	0
23313798	0
29034679	0
2547331	0
1190708	0
905487	0
1763741	0
24081744	0
14278759	0
29805578	0
35744984	0
2673099	0
224072	0
791398	0
31613768	0
23168153	0
32342067	0
6133420	0
1767480	0
21750791	0
38402942	0
12003313	0
2973567	0
624687	0
27880333	0
2501928	0
12986406	0
95437	0
11051880	0
1402679	0
15535670	0
133847	0
1546094	0
528429	0
7207679	0
28967292	0
23752548	0
6207483	0
5577218	0
2554544	0
13004091	0
46389190	0
127420	0
6479569	0
20776565	0
183905	0
9652026	0
43382656	0
20193934	0
28946125	0
6975802	0
47157147	0
115544	0
5826202	0
577663	0
25357930	0
472597	0
3537242	0
40392288	0
13980601	0
18579287	0
41665613	0
12300942	0
47083996	0
5868352	0
734884	0
311286	0
9852690	0
14051596	0
2716664	0
37086076	0
30483300	0
6362711	0
14241119	0
3662052	0
40293559	0
19855718	0
2006845	0
26761606	0
20525737	0
13894499	0
8367335	0
10228241	0
28892986	0
8607349	0
10000462	0
9054045	0
6434773	0
6564539	0
3448608	0
43455972	0
30855760	0
540655	0
17645035	0
4759221	0
1108820	0
6930914	0
2969270	0
41100067	0
6774977	0
6304594	0
34495142	0
12191059	0
9611866	0
5422351	0
32658451	0
23584573	0
3654363	0
9233520	0
45601240	0
100131	0
28139209	0
138983	0
6558806	0
845459	0
14964471	0
43089369	0
2548159	0
11975136	0
5381204	0
12636401	0
1215087	0
2413894	0
18633450	0
11726685	0
6078899	0
22889202	0
22507146	0
31386398	0
844782	0
21415651	0
6719021	0
727696	0
5611404	0
10935142	0
16201389	0
26034104	0
37630000	0
24535298	0
1093628	0
12975764	0
32099336	0
7536032	0
