1781824	1
6803556	1
4611757	1
14363222	1
7202390	1
4511906	1
32286774	1
20015018	1
178067	1
148988	1
26716014	1
56870	1
50820	1
12760218	1
14712835	1
30237919	1
1662855	1
349227	1
18519976	1
2166068	1
49523	1
22826070	1
114350	1
3997	1
353922	1
478997	1
2173511	1
2340298	1
2118052	1
4899196	1
164633	1
417547	1
3749918	1
352542	1
3054636	1
8351812	1
1444260	1
1609792	1
193252	1
30712454	1
18967	1
158982	1
1066056	1
892223	1
8022540	1
2514	1
74638	1
139254	1
22699128	1
373272	1
731832	1
28431	1
2356882	1
3781925	1
11589549	1
147849	1
4342677	1
4644910	1
477487	1
10034830	1
27176930	1
264007	1
21572202	1
163408	1
131414	1
496028	1
8474	1
3108059	1
5068438	1
1332702	1
161704	1
3004442	1
2251306	1
317274	1
8383530	1
6613470	1
769518	1
859253	1
319158	1
95038	1
311538	1
27064089	1
1126732	1
2146843	1
23160952	1
7527410	1
7260260	1
5206540	1
17628	1
133060	1
38179959	1
33439732	1
591703	1
153201	1
33448820	1
30874335	1
12909327	1
5120220	1
19113794	1
295861	1
1990566	1
694847	1
1485115	1
4143275	1
44401	1
13779617	1
22173631	1
18490624	1
3834534	1
5011775	1
23424361	1
44987155	1
73622	1
3645403	1
15267122	1
5476917	1
2498483	1
1074923	1
1690190	1
2379684	1
8616949	1
221278	1
680869	1
13555	1
25969995	1
23910568	1
162638	1
4284630	1
47726780	1
616237	1
14976754	1
261236	1
11638	1
318203	1
17847150	1
2800529	1
2329929	1
460615	1
8781	1
38337	1
74601	1
968171	1
410238	1
146894	1
21234196	1
2587819	1
23673155	1
1909376	1
2069562	1
82044	1
2075320	1
706736	1
1010055	1
1448254	1
3877932	1
1340813	1
4712533	1
299530	1
2871422	1
375276	1
26386293	1
9332731	1
7213273	1
475011	1
625847	1
3014280	1
15411783	1
4563915	1
133584	1
125118	1
5895146	1
1495023	1
320082	1
276485	1
2215506	1
4255987	1
441152	1
1532759	1
14716686	1
7182425	1
979135	1
19591	1
525324	1
9853578	1
131412	1
26109592	1
959887	1
132440	1
44812	1
584418	1
600391	1
37774601	1
145162	1
3440342	1
5292082	1
164286	1
7480365	1
37967785	1
2779141	1
84554	1
179032	1
380151	1
2048999	1
35812928	1
87260	1
88611	1
94178	1
873905	1
118135	1
26454132	1
11787418	1
5128484	1
267563	1
2509171	1
2969374	1
515517	1
19535459	1
2692095	1
747213	1
666087	1
152500	1
20416425	1
233567	1
6993594	1
23990886	1
3319228	1
4130799	1
2658843	1
20340041	1
10506272	1
3996685	1
50060	1
12940447	1
16433249	1
86160	1
367402	1
3398956	1
183952	1
3991292	1
92008	1
129813	1
12794397	1
27180167	1
2174822	1
15389367	1
1245951	1
425258	1
670532	1
25511821	1
474291	1
10962017	1
1449584	1
4053759	1
680747	1
15749549	1
3152266	1
17487487	1
109500	1
21139041	1
709802	1
5459977	1
5956521	1
18993927	1
106782	1
25401	1
32058	1
21572	1
47098482	1
94319	1
2451124	1
4166336	1
97700	1
22082985	1
358492	1
8896080	1
94906	1
782504	1
3282195	1
25571368	1
11080090	1
14533	1
116934	1
3328452	1
1714530	1
3138355	1
4888543	1
1735001	1
1168295	1
32420623	1
1766468	1
458022	1
407310	1
6864989	1
117501	1
48317	1
183853	1
94173	1
8036714	1
870375	1
7120777	1
94410	1
543175	1
48711	1
6710587	1
14731273	1
36043490	1
124579	1
9028420	1
72467	1
5476983	1
151112	1
516661	1
36155220	1
451168	1
1858870	1
126744	1
507717	1
326474	1
734692	1
459557	1
270052	1
4747114	1
935669	1
27740604	1
579433	1
34691	1
15584433	1
379489	1
2199811	1
17106358	1
4015815	1
1330243	1
17025	1
131700	1
23955819	1
9364067	1
247097	1
5292203	1
35249678	1
50054	1
380212	1
1714166	1
4773640	1
116990	1
1968785	1
2252907	1
96016	1
8579235	1
40054145	1
21704	1
28984	1
889257	1
125133	1
476184	1
25338691	1
44525452	1
165926	1
2088822	1
12171286	1
2290345	1
1586837	1
50819	1
2472426	1
452735	1
61565	1
23508	1
6555	1
17701048	1
99189	1
5968702	1
7047517	1
20031299	1
3923319	1
207455	1
12329701	1
17550975	1
1141748	1
102797	1
167960	1
14070829	1
3616717	1
6892237	1
42087	1
1429110	1
6056944	1
34456744	1
7023	1
386826	1
64313	1
131864	1
533769	1
12195341	1
663485	1
411526	1
782693	1
1459702	1
535412	1
25226929	1
41885	1
7724161	1
238523	1
125591	1
739238	1
9068525	1
1020572	1
10077425	1
475571	1
132428	1
1516462	1
426410	1
13893807	1
7026767	1
33390136	1
48664	1
1719583	1
23279971	1
2698236	1
16775446	1
16870304	1
1062080	1
4978009	1
18396374	1
15207487	1
287528	1
12597019	1
441453	1
18313	1
3281005	1
1965925	1
15866516	1
2907984	1
432549	1
1800132	1
1939511	1
36545	1
255366	1
37910	1
232255	1
47734	1
44163435	1
2895058	1
2215293	1
593973	1
251646	1
2145242	1
1267093	1
5585474	1
4391178	1
44022048	1
2010035	1
18085095	1
475500	1
6890255	1
16655587	1
41527331	1
671039	1
331211	1
97668	1
37825165	1
6067641	1
211408	1
1723061	1
25719187	1
6944308	1
8819161	1
12639686	1
217043	1
69442	1
25101813	1
1173252	1
743341	1
355774	1
12795026	1
9128597	1
7186301	1
1070806	1
4127928	1
131035	1
1190880	1
278006	1
1493860	1
128372	1
1152693	1
3150460	1
279089	1
3156023	1
252733	1
5530729	1
204482	1
643101	1
3562043	1
284976	1
3957738	1
57980	1
27300957	1
593520	1
126434	1
45672102	1
2976779	1
11944409	1
18837803	0
22383143	0
2360232	0
143565	0
9838012	0
186349	0
37209922	0
8161219	0
4200027	0
30366235	0
2010067	0
18160280	0
14000355	0
23124095	0
20151284	0
3501961	0
27972222	0
3272059	0
40523467	0
91763	0
22246630	0
16800307	0
9412984	0
4128127	0
1908750	0
11082134	0
9130708	0
26921382	0
25213751	0
6780699	0
18674950	0
10148469	0
26622752	0
10529091	0
572306	0
2772805	0
44201631	0
36100720	0
2605007	0
1393524	0
4601691	0
1920216	0
119031	0
1835366	0
7662423	0
4166534	0
1263335	0
13748387	0
12237761	0
14233543	0
4410385	0
24284633	0
4464231	0
8264644	0
10135406	0
13623	0
42030921	0
6717732	0
6298415	0
20264152	0
32765176	0
373210	0
6249509	0
6206860	0
3257833	0
8675019	0
39457436	0
4516100	0
29644048	0
25147001	0
5099352	0
1783180	0
1276650	0
37670762	0
8036351	0
26201881	0
494545	0
39453683	0
23681112	0
45505723	0
10927746	0
34779542	0
425954	0
8832804	0
7963078	0
46182104	0
25587364	0
23758515	0
7339139	0
28445713	0
11186164	0
752401	0
31507913	0
19361026	0
1515882	0
30006538	0
126533	0
48413975	0
30593981	0
6941047	0
3312479	0
4945567	0
3861439	0
12268187	0
1417501	0
25867022	0
36748669	0
15670103	0
6961323	0
41141568	0
63317	0
6702181	0
40418691	0
7624379	0
31408019	0
5789931	0
5861530	0
7414768	0
11542480	0
10892672	0
22730091	0
29362506	0
11882007	0
37688886	0
812575	0
48464287	0
1126740	0
4415300	0
1021764	0
2325750	0
16987499	0
2168729	0
42710741	0
9199915	0
38526725	0
17146792	0
31371126	0
36260773	0
1816611	0
41568237	0
5133136	0
34785072	0
16217212	0
23650617	0
308675	0
1252089	0
9147997	0
194660	0
25489408	0
38882397	0
7149291	0
5119378	0
6711183	0
957851	0
976264	0
48405045	0
7584546	0
20871703	0
20244923	0
42238750	0
28355612	0
5654	0
5965743	0
9493903	0
3365054	0
19337804	0
18552898	0
11743891	0
13791955	0
8169999	0
195767	0
12350057	0
7377649	0
695961	0
2369141	0
41809099	0
16917700	0
15288840	0
17346433	0
3399436	0
26344210	0
6783117	0
9338477	0
39367711	0
32838124	0
47126284	0
22338117	0
39891669	0
24066093	0
7276524	0
6506256	0
33355555	0
39512489	0
8108661	0
4784888	0
8085723	0
10974657	0
1903809	0
2754395	0
28340290	0
36020106	0
17338010	0
206426	0
36254494	0
6657577	0
9611766	0
25338331	0
6841207	0
6343339	0
11119879	0
12236949	0
11408535	0
1214846	0
15379251	0
585759	0
2769257	0
37056787	0
28785068	0
21546442	0
896396	0
1707989	0
34875775	0
1082598	0
706881	0
32250419	0
30224607	0
43763801	0
11940624	0
18173391	0
96311	0
10346448	0
198669	0
17709610	0
27164920	0
850708	0
7399420	0
41019705	0
1386477	0
25255812	0
38781610	0
40348724	0
2364216	0
692279	0
3372230	0
25011652	0
2643686	0
3016935	0
12099360	0
175498	0
43591960	0
8544363	0
18804583	0
411900	0
2056466	0
11017828	0
26571931	0
2824091	0
1452088	0
15707420	0
15219629	0
17245753	0
465643	0
2859730	0
14468296	0
10996	0
22015801	0
22533466	0
1306783	0
16350589	0
592806	0
17729907	0
136620	0
33068345	0
989692	0
2300265	0
30554823	0
32143552	0
1131429	0
29131703	0
26889773	0
318909	0
2943553	0
29169507	0
1660129	0
31793471	0
1860205	0
2063047	0
8257587	0
11109876	0
39840966	0
9952259	0
20949091	0
39344174	0
5900935	0
11543592	0
41833995	0
3721810	0
11337686	0
1577735	0
11797025	0
917279	0
15873820	0
13095041	0
20020115	0
13241107	0
15474312	0
5009404	0
43017796	0
16765619	0
9280038	0
12912535	0
116835	0
2790357	0
18138589	0
1341859	0
7158428	0
34565167	0
8285539	0
3881157	0
12622176	0
13763182	0
23200172	0
13809325	0
23113401	0
3745163	0
5875842	0
8757	0
23000487	0
3954755	0
140532	0
46831657	0
12857895	0
23659492	0
22114953	0
173728	0
2890417	0
25565454	0
515839	0
6796377	0
24618191	0
3916311	0
7339126	0
35723320	0
9403496	0
40438385	0
735965	0
2524772	0
3412833	0
37801864	0
15559695	0
727979	0
35841867	0
22340661	0
10997296	0
48190	0
4332528	0
47229343	0
13539447	0
45287380	0
7614182	0
14967457	0
24551575	0
8661618	0
20824873	0
15162266	0
1512347	0
7938606	0
18993715	0
6231333	0
5227875	0
22714437	0
81308	0
6848113	0
30035675	0
32047276	0
3873383	0
38797546	0
1401838	0
408685	0
30344178	0
7293282	0
27390132	0
754443	0
44670	0
5824543	0
29002721	0
35638826	0
32921488	0
39314359	0
34505379	0
1850317	0
9738187	0
30864515	0
27776782	0
35757309	0
16789664	0
29903522	0
3922602	0
46712768	0
30758650	0
42715416	0
21300491	0
1628229	0
14256921	0
36859170	0
44526862	0
713569	0
24102937	0
43074	0
1596473	0
33534046	0
5508251	0
14078881	0
13996565	0
7346464	0
10077229	0
412284	0
12185816	0
43456908	0
34532801	0
10590911	0
35853926	0
1443410	0
1863469	0
20123111	0
2605002	0
13130759	0
2253689	0
5357527	0
259490	0
752764	0
18530906	0
16013862	0
1674255	0
7187223	0
15567572	0
40704544	0
33022136	0
120494	0
39133818	0
1988987	0
14846636	0
111980	0
48275348	0
41946166	0
6689636	0
17363935	0
29324299	0
9691648	0
24722899	0
45582856	0
9785445	0
679112	0
20994868	0
51906	0
25335142	0
3231790	0
34205327	0
1372993	0
2985087	0
42060676	0
30860739	0
1045211	0
42112903	0
38041153	0
121542	0
163017	0
13509163	0
32788560	0
1180369	0
2320522	0
10560493	0
6690525	0
8010417	0
33488535	0
25450615	0
111737	0
2116047	0
742316	0
28737840	0
20468103	0
14182370	0
2427814	0
19452781	0
2300056	0
14919979	0
8450812	0
1018690	0
45061	0
22750732	0
39359645	0
16650025	0
18962686	0
22677754	0
9614488	0
30457741	0
12766287	0
22304478	0
3851947	0
36352420	0
