33498478	1
30725095	1
51106	1
71490	1
564808	1
5935064	1
26746	1
34647	1
21572	1
3952844	1
2011377	1
1318261	1
4038993	1
1334983	1
5328073	1
22842236	1
6574313	1
34624	1
1291705	1
1817393	1
5043435	1
10092928	1
463684	1
5993338	1
44659818	1
135460	1
1035602	1
57876	1
2143527	1
1546332	1
35102183	1
32806989	1
13818866	1
33476787	1
30923647	1
1769597	1
30876488	1
8401840	1
2370785	1
38754414	1
368441	1
14697617	1
33196899	1
986022	1
1126782	1
1418090	1
36114733	1
1027064	1
1443743	1
1237847	1
4033608	1
10225164	1
504355	1
650413	1
39979797	1
17594089	1
6671534	1
7906013	1
3642839	1
4343653	1
1938519	1
386555	1
31946457	1
133035	1
11216112	1
58289	1
9024356	1
1181423	1
547899	1
59629	1
209213	1
10718984	1
614000	1
11182069	1
1247141	1
40067475	1
728136	1
634496	1
38519079	1
1469432	1
10380700	1
96986	1
91944	1
27868253	1
201856	1
118726	1
24319	1
1327345	1
27180359	1
9637755	1
8295600	1
20767	1
220359	1
28926753	1
3466722	1
6728469	1
2317900	1
909385	1
1435826	1
9967108	1
39923579	1
8462958	1
170807	1
44154	1
9727104	1
930894	1
20037960	1
4380486	1
1183937	1
9624647	1
30861325	1
31079394	1
259984	1
2228850	1
5300095	1
134622	1
32714344	1
6087019	1
16689785	1
5169249	1
9296332	1
9966335	1
593901	1
91880	1
3867247	1
14372370	1
208824	1
2238669	1
4381199	1
3177624	1
29760683	1
1496773	1
395896	1
5357959	1
404540	1
4675739	1
43226	1
106925	1
69530	1
2635532	1
6770113	1
297363	1
137686	1
322713	1
3486116	1
3786735	1
10550442	1
19085400	1
18617829	1
353480	1
1685538	1
47668764	1
586664	1
21146666	1
401673	1
6823	1
240173	1
394389	1
1835887	1
465178	1
310570	1
33092658	1
410553	1
1091514	1
769070	1
16438341	1
1270653	1
68849	1
6914833	1
115580	1
25059429	1
390763	1
1762	1
693321	1
2951841	1
43237264	1
564270	1
60098	1
242056	1
294148	1
2172881	1
8975604	1
3054279	1
115646	1
1342896	1
2416254	1
25190834	1
13310290	1
140376	1
1213985	1
295598	1
46273592	1
762859	1
5679774	1
4129024	1
1186928	1
28050792	1
32222128	1
6881203	1
12441	1
999233	1
867125	1
622007	1
1243149	1
1049503	1
32524	1
905574	1
2752519	1
74461	1
8106543	1
1088850	1
927086	1
1013814	1
29305474	1
20589045	1
5725149	1
255728	1
16913259	1
856360	1
4320263	1
735123	1
1828031	1
20823636	1
3091229	1
7409163	1
26327808	1
329316	1
1479416	1
316118	1
757341	1
916180	1
1768549	1
4104171	1
1411081	1
3497427	1
8935844	1
3086400	1
482378	1
9533486	1
516951	1
5230193	1
7356434	1
2005860	1
82881	1
24352037	1
445631	1
1965936	1
24461534	1
42940361	1
1186186	1
9363107	1
13050040	1
59176	1
141480	1
36066391	1
32798116	1
10706372	1
1684028	1
18455781	1
2457665	1
30872711	1
201835	1
42915599	1
16400326	1
259986	1
91517	1
2405983	1
9087364	1
1780228	1
4101988	1
298955	1
445584	1
3177180	1
180018	1
4070719	1
27866912	1
19344515	1
10658804	1
10740118	1
6737292	1
23546039	1
656175	1
573276	1
9786072	1
15828540	1
1589903	1
1983187	1
4161859	1
7135184	1
958564	1
324717	1
162510	1
107473	1
8099523	1
77323	1
31098786	1
698137	1
2712216	1
167576	1
7208646	1
2113218	1
435290	1
35718515	1
598104	1
3512874	1
51673	1
559047	1
126080	1
4274401	1
1765547	1
2238675	1
26361390	1
327158	1
381121	1
733029	1
3173334	1
5530	1
47068987	1
1335306	1
576968	1
690227	1
291388	1
1387001	1
578423	1
302876	1
10092963	1
92020	1
45313541	1
1238224	1
6172982	1
11875317	1
3339338	1
22648273	1
2188910	1
1554544	1
950767	1
8600616	1
429190	1
39411459	1
20139883	1
2088938	1
10410626	1
2177277	1
306071	1
30482274	1
994198	1
2456537	1
18787	1
108404	1
1186406	1
5641052	1
112999	1
7496184	1
3262031	1
7423937	1
15783711	1
4374512	1
1492790	1
15926573	1
337688	1
6209020	1
2674169	1
36889183	1
959398	1
4447350	1
16279402	1
442482	1
14357652	1
516941	1
4589792	1
668984	1
861009	1
19283703	1
30846779	1
525292	1
51608	1
26807275	1
2488298	1
304429	1
7051491	1
1994778	1
934141	1
35978310	1
1616683	1
12048973	1
8711512	1
383326	1
27863673	1
232595	1
16909489	1
8329606	1
827726	1
2706657	1
33836016	1
390800	1
26493120	1
23584843	1
3088677	1
199053	1
274959	1
262223	1
177195	1
2299066	1
514637	1
34616740	1
1110260	1
1921	1
22775047	1
5515375	1
158058	1
329189	1
1526070	1
4695051	1
34332628	1
14840034	1
7574994	1
1069883	1
16054103	1
14697012	1
5120052	1
1865220	1
22044082	1
202123	1
19159399	1
308069	1
15123573	1
11624402	1
4945699	1
12777286	1
1311873	1
4978169	1
407674	1
9031174	1
1386915	1
20592902	1
26435120	1
18854703	1
2711710	1
18685392	1
1270559	1
8554283	1
11923886	1
16300	1
80789	1
296266	1
20421345	1
1331630	1
2243885	1
251099	1
6031490	1
13942290	1
1711324	1
2258054	1
2311219	1
32591678	1
25234737	1
11809	1
214672	1
55412	1
2701037	1
346226	1
14207449	1
196029	1
1801473	1
33950261	1
8465972	1
23110174	1
18197501	1
5790911	1
11772741	1
4698648	1
25213490	1
351727	1
8249411	1
5314	1
8594567	1
4896435	1
21919058	1
33814994	1
27952558	1
3092589	1
2742915	1
313161	1
10234471	1
456056	1
2389734	1
4243158	1
6317032	1
7058592	1
20831089	1
1169701	1
15484577	1
1789477	1
36413545	1
510764	1
34832383	1
3373734	1
839348	1
176157	1
6976631	1
13737345	0
16925696	0
8265135	0
17677504	0
5594762	0
14035	0
3395185	0
43046427	0
23014073	0
8924333	0
48487311	0
38695684	0
30163856	0
120002	0
5211089	0
21739978	0
35736893	0
36596475	0
12354893	0
45667908	0
5296946	0
36272495	0
3976234	0
147143	0
1018143	0
2282827	0
18467322	0
21619140	0
13832648	0
1246938	0
21707374	0
5682874	0
158307	0
11648757	0
1442101	0
7853310	0
5656392	0
68203	0
17507377	0
3959378	0
31914700	0
500239	0
540333	0
9468403	0
21261596	0
1910771	0
16507534	0
3352141	0
1161669	0
28037933	0
41101499	0
726986	0
22288968	0
17622716	0
594199	0
1662191	0
19022745	0
40694997	0
47115448	0
4714905	0
16303483	0
16305778	0
4242444	0
10672726	0
15893875	0
1281608	0
935493	0
302457	0
11534223	0
1008348	0
1548545	0
26309217	0
12424489	0
22804398	0
9292851	0
4543692	0
4595774	0
449223	0
1494298	0
797010	0
719489	0
26700109	0
3958424	0
1323766	0
238084	0
3273155	0
406489	0
19852176	0
165343	0
27170457	0
396136	0
27955369	0
9220654	0
1334997	0
1458820	0
172801	0
2471395	0
531833	0
27410292	0
5083939	0
23886546	0
23673	0
2190173	0
37219984	0
39973157	0
1196247	0
14604028	0
11011072	0
1087755	0
9859624	0
6448569	0
5910418	0
11264685	0
5535591	0
2913805	0
493968	0
35097903	0
623444	0
699336	0
108473	0
525132	0
41670650	0
28050866	0
44718	0
311794	0
13496546	0
10023334	0
48672626	0
1014950	0
4155265	0
5133336	0
2958496	0
31522874	0
6046208	0
34825496	0
6521767	0
123371	0
34169196	0
1709586	0
42136647	0
1592884	0
4457019	0
40710278	0
11023601	0
32814593	0
34484719	0
1414347	0
1467153	0
24600374	0
14500491	0
6046835	0
15503341	0
8278788	0
16882581	0
83240	0
2925608	0
31155231	0
5910658	0
2145251	0
9147820	0
3295366	0
1610935	0
5130329	0
876449	0
24308156	0
3413511	0
1210297	0
94657	0
1223263	0
38523155	0
21434886	0
42609344	0
10506098	0
30153249	0
896034	0
6436604	0
5356367	0
418617	0
27963798	0
114068	0
31998799	0
3262779	0
15941503	0
15325636	0
9379110	0
2503794	0
21005554	0
20868834	0
14465437	0
16823208	0
14409454	0
13291018	0
134069	0
25200494	0
107782	0
25236286	0
4244670	0
33430416	0
27386172	0
20986723	0
1976635	0
39316715	0
15635143	0
34062191	0
27055927	0
5126107	0
33828158	0
2661869	0
4433560	0
25939120	0
17186911	0
13945747	0
12976181	0
39400716	0
2418317	0
41226126	0
9797716	0
1605411	0
18975774	0
1502524	0
11143199	0
2089371	0
11293583	0
11975862	0
497711	0
25916209	0
28267198	0
1859047	0
5693636	0
32803612	0
657323	0
9101690	0
17387258	0
47479915	0
729517	0
123054	0
2848731	0
3262771	0
41573302	0
3458096	0
251540	0
21347693	0
860080	0
36898143	0
22421717	0
556915	0
25644881	0
38873616	0
3399157	0
8154624	0
6533527	0
12478388	0
36656128	0
6626555	0
6811108	0
42872666	0
1292466	0
43331388	0
44932974	0
3303084	0
133497	0
3663951	0
8346178	0
2777626	0
9468312	0
379756	0
14180624	0
17624940	0
35307066	0
22318072	0
1407347	0
9407341	0
49005	0
24744256	0
19847787	0
1825377	0
35102154	0
13683293	0
487302	0
12888199	0
32759254	0
186465	0
1601699	0
20452999	0
39253074	0
441039	0
12533352	0
27091048	0
833512	0
14830808	0
12152137	0
17564022	0
4868669	0
3644428	0
2070722	0
1445584	0
28829718	0
954696	0
9622608	0
19426424	0
4561279	0
3666416	0
15833725	0
2589714	0
11258105	0
8732946	0
2619802	0
1492636	0
7955947	0
476640	0
3378929	0
3215057	0
31765352	0
15185277	0
5019418	0
6987489	0
24085035	0
7211818	0
25686118	0
19225345	0
488438	0
34595115	0
157746	0
4287138	0
28700051	0
5655321	0
643426	0
19671270	0
22307684	0
9957402	0
996039	0
27084316	0
29844596	0
25649586	0
1284612	0
3393991	0
32180113	0
39339017	0
17639522	0
33214403	0
35884470	0
10286263	0
8115593	0
14895162	0
2418157	0
7567978	0
4237158	0
11727440	0
12820877	0
3279795	0
3008959	0
4262606	0
3793009	0
12422013	0
10303813	0
137361	0
7218323	0
3050689	0
1609623	0
5150164	0
21677078	0
44778674	0
755848	0
842137	0
29370106	0
104918	0
46855062	0
2898394	0
23169631	0
11238957	0
573384	0
36129329	0
42353824	0
851024	0
90306	0
46413	0
34806926	0
8483942	0
477963	0
28864341	0
10189458	0
48396	0
2048261	0
335028	0
32505003	0
541036	0
1329953	0
34304350	0
31325591	0
8759337	0
1387354	0
80944	0
22090824	0
19648266	0
29549711	0
40905997	0
1494533	0
3450966	0
5725830	0
39659282	0
31859700	0
24014903	0
1353591	0
2179125	0
6259679	0
14045259	0
42476938	0
32527806	0
28963267	0
8829797	0
2510834	0
6704758	0
771453	0
21098037	0
47863693	0
2438762	0
2570916	0
1759714	0
8215634	0
10593448	0
22693898	0
29464425	0
42446432	0
14603562	0
15677414	0
12967312	0
20602046	0
34276789	0
1574788	0
1289475	0
905855	0
1568228	0
2161093	0
628293	0
9125769	0
4507796	0
5878592	0
13037150	0
8036714	0
11595677	0
405406	0
3749538	0
29985	0
5111707	0
41378720	0
2409211	0
5894597	0
3846631	0
108642	0
3347834	0
3863431	0
111684	0
13684732	0
5572750	0
8906853	0
1787049	0
9923018	0
1240617	0
2651900	0
4737412	0
17723315	0
22814842	0
40709469	0
22868423	0
5765763	0
2864587	0
10772940	0
25337552	0
24242205	0
369114	0
20430506	0
4223827	0
978501	0
1115967	0
18647403	0
21038435	0
22846262	0
10680536	0
29838479	0
183515	0
46492009	0
6479742	0
7931625	0
18981462	0
6097124	0
11302396	0
852694	0
642298	0
5903989	0
1610072	0
1195558	0
5879226	0
228615	0
4382143	0
4891688	0
4327735	0
3164643	0
35939641	0
3234422	0
292012	0
