1599692	1
427183	1
474079	1
4418263	1
2367454	1
37137750	1
25182134	1
16852375	1
32238193	1
5444420	1
9682483	1
1743227	1
22697314	1
28850075	1
24023638	1
21088389	1
6117732	1
47786262	1
8202728	1
50223	1
1822539	1
4608223	1
1899307	1
3512938	1
29162254	1
1873492	1
3493076	1
32943946	1
417692	1
2406746	1
1179347	1
1008007	1
350907	1
700260	1
1621339	1
20151137	1
8643081	1
2231127	1
11759330	1
4673002	1
185004	1
1128955	1
474605	1
38132929	1
936566	1
23624157	1
77894	1
346289	1
12244570	1
82767	1
301491	1
612741	1
232185	1
15403775	1
15208048	1
13015	1
2388562	1
2887901	1
1574820	1
10054001	1
2740978	1
34527203	1
1259842	1
20192	1
39040150	1
1575405	1
5223914	1
20475363	1
22512928	1
537020	1
594219	1
11760799	1
6551171	1
591020	1
6794893	1
543454	1
14131608	1
6733417	1
34449490	1
175575	1
455401	1
623452	1
29374086	1
418934	1
5153117	1
75718	1
1145390	1
3205906	1
1887185	1
6274030	1
1110833	1
18496922	1
2307494	1
177762	1
4551091	1
4529038	1
1182250	1
2043354	1
6787272	1
496653	1
3885098	1
19259016	1
92608	1
1025524	1
11111080	1
1386019	1
417779	1
14186757	1
2141436	1
1601002	1
143500	1
330749	1
191098	1
10075965	1
31283118	1
609147	1
1301667	1
13534451	1
33173923	1
15460790	1
4382461	1
142049	1
41901799	1
25169	1
9977115	1
857516	1
4836239	1
5044608	1
2336349	1
8854521	1
26505302	1
430104	1
3699793	1
2131181	1
18334	1
3415971	1
34556433	1
168615	1
5537826	1
22026933	1
17710785	1
33608726	1
161792	1
7253473	1
1193056	1
1589541	1
1008284	1
3861387	1
12642635	1
48257	1
314351	1
3624365	1
46592478	1
18451040	1
3210646	1
263183	1
8250069	1
31881272	1
266402	1
897118	1
966733	1
101398	1
5804023	1
3270562	1
216556	1
7034259	1
1678025	1
4243285	1
5878905	1
1139763	1
20827074	1
1548818	1
20812946	1
6480878	1
1994293	1
2087643	1
6933017	1
33565100	1
39912374	1
365353	1
47579598	1
31252450	1
17510850	1
15051181	1
11572925	1
6646527	1
37366187	1
1852878	1
1065561	1
2737528	1
399146	1
275443	1
5831590	1
18558938	1
79156	1
429949	1
11073939	1
6967859	1
160135	1
2265561	1
7539403	1
252540	1
4878272	1
9211635	1
163466	1
26274120	1
25648285	1
2795605	1
4238260	1
7438948	1
6914928	1
133856	1
685708	1
26942	1
12076925	1
1796603	1
10554986	1
1558100	1
1195777	1
20168380	1
2375932	1
1994728	1
36066889	1
221840	1
781976	1
27310655	1
18228957	1
173999	1
1526104	1
878670	1
35563739	1
1972398	1
23053102	1
32967568	1
930311	1
219217	1
4224754	1
192277	1
1099336	1
193845	1
690010	1
6093314	1
3052406	1
177849	1
921454	1
4451267	1
1093821	1
5520563	1
290407	1
6174418	1
30361	1
204772	1
954167	1
12139125	1
158585	1
193611	1
326837	1
1704831	1
1703011	1
11177388	1
860910	1
4757039	1
865607	1
2870065	1
275103	1
13030	1
21942847	1
679683	1
41004928	1
39490382	1
172244	1
870128	1
4902341	1
170516	1
219268	1
5792809	1
888648	1
10825522	1
2576435	1
1213774	1
2879117	1
46584249	1
1091334	1
21479588	1
7715240	1
9726259	1
9555600	1
1587777	1
3078499	1
39355524	1
1098615	1
5690688	1
215141	1
19672919	1
187588	1
1673691	1
1084997	1
5339017	1
648779	1
1406960	1
1732142	1
2418448	1
2137265	1
1650635	1
4855510	1
2280541	1
15233369	1
3373558	1
6473517	1
4744286	1
5490729	1
405116	1
45274034	1
76320	1
10332471	1
20022961	1
2696891	1
1476306	1
11302679	1
492211	1
21378419	1
4644080	1
31893555	1
22098323	1
2919713	1
86351	1
16283	1
3431522	1
23126212	1
2982611	1
522918	1
858676	1
2827698	1
23565987	1
916602	1
31214030	1
8299445	1
35011562	1
1074570	1
5406188	1
676082	1
10951	1
3700174	1
1212502	1
1163115	1
3650371	1
36884961	1
1870203	1
6737096	1
30383130	1
29135160	1
4457806	1
4125040	1
824684	1
54954	1
2079741	1
275025	1
23767061	1
6535907	1
47289483	1
25175070	1
15941503	1
2620219	1
172011	1
14565728	1
9644	1
12347457	1
5119088	1
337250	1
181616	1
3531700	1
1176056	1
610635	1
5595597	1
40189771	1
15985987	1
5913749	1
7602628	1
13084787	1
27435543	1
13532	1
580188	1
29486678	1
1128817	1
2134506	1
6002183	1
36000439	1
9643121	1
26383761	1
21531255	1
19048489	1
2170244	1
614127	1
318336	1
2126534	1
13265473	1
26652539	1
647837	1
878517	1
35177513	1
18511144	1
908739	1
2895874	1
1021251	1
153295	1
4249781	1
848293	1
1347392	1
110757	1
1608822	1
3345613	1
879939	1
1157333	1
1170419	1
28245273	1
30868911	1
2169554	1
39061837	1
779136	1
881762	1
11168609	1
2557423	1
18553844	1
7982087	1
14372564	1
217201	1
1479185	1
21944870	1
4480233	1
31201148	1
32943246	1
2560019	1
781934	1
4013241	1
29730492	1
2501619	1
103018	1
2279610	1
20991387	1
1407956	1
161901	1
3255198	1
2648631	1
711904	1
58901	1
10689461	1
171182	1
407393	1
8817942	1
41452183	1
8469182	1
7998045	1
221300	1
235306	1
6594483	1
571998	1
600008	1
143247	1
48473	1
5759921	1
2462689	1
25125130	1
1278855	1
36517	1
4411422	1
4037508	1
61051	1
12550229	1
163629	1
3433051	1
1373043	1
15140004	1
23730973	1
4334606	1
12301	1
6398489	1
1623261	1
64182	1
28006329	1
393590	1
166950	1
590124	1
6321375	1
1634999	1
21065920	1
2328126	1
5753996	1
2617915	1
10617098	1
206714	1
1922546	1
24596562	1
987178	1
709692	1
2464091	1
31182934	1
650338	1
35071666	1
40460442	1
45131365	1
160028	0
12240357	0
261222	0
37138999	0
26077253	0
21533345	0
24885959	0
5864243	0
2130474	0
1005204	0
556160	0
13413680	0
912422	0
4261975	0
39109615	0
48555885	0
7105724	0
4484349	0
15416348	0
19804271	0
28915432	0
7012327	0
14075620	0
981096	0
3615908	0
44942502	0
8240196	0
26119793	0
6840342	0
2275608	0
5025060	0
1296004	0
40075334	0
1817254	0
145233	0
21823940	0
12406422	0
9782677	0
40345733	0
907788	0
17854564	0
4934642	0
1221916	0
27370755	0
5348125	0
212552	0
6828995	0
167950	0
18662861	0
35141544	0
415321	0
1353852	0
37327403	0
35904134	0
831048	0
45366507	0
4414828	0
6868720	0
5178204	0
2126717	0
6044154	0
8417589	0
4724138	0
2331387	0
100720	0
1525655	0
138257	0
6258444	0
8124499	0
22940751	0
3246827	0
23792017	0
4283385	0
18511095	0
2737924	0
350983	0
11567096	0
5950216	0
36103536	0
4320693	0
8514366	0
33757256	0
239618	0
695791	0
13621943	0
3508292	0
49014202	0
2509199	0
13699272	0
4934998	0
2184187	0
31110410	0
2426028	0
23558805	0
24189865	0
28281605	0
1520879	0
37558936	0
26889773	0
12149857	0
16490737	0
21635063	0
47682795	0
1585541	0
4676599	0
47156159	0
863435	0
30098686	0
5192099	0
15478937	0
7683987	0
3395185	0
110409	0
3109670	0
1194268	0
2882035	0
20081281	0
44511309	0
27003243	0
6082129	0
12670192	0
29752442	0
4399889	0
5803858	0
1710915	0
18720227	0
1421603	0
18634942	0
28497494	0
15982586	0
12881471	0
10990021	0
32241252	0
1287357	0
32693412	0
34908824	0
9253009	0
9817873	0
12978818	0
43113776	0
434312	0
36259882	0
48157563	0
14777608	0
6213076	0
7822573	0
41671679	0
1370385	0
34415095	0
2565738	0
10851058	0
14961734	0
13113770	0
38839966	0
13482967	0
28801752	0
37785	0
6707635	0
9831608	0
9649914	0
27944616	0
3017887	0
42909253	0
22604598	0
328959	0
13034696	0
31574	0
32510665	0
26226066	0
11781675	0
5747111	0
5431012	0
39494040	0
14398532	0
15922674	0
15216508	0
21866332	0
2233084	0
13070894	0
2810777	0
65128	0
9620296	0
3691338	0
12483957	0
6325002	0
2350084	0
35804147	0
18997965	0
35900856	0
37660674	0
1803610	0
8551178	0
7893198	0
5396067	0
2324836	0
11953803	0
85455	0
321157	0
29561690	0
37786755	0
104777	0
15568119	0
8466193	0
25567326	0
18254510	0
1401229	0
11995989	0
1262547	0
16034053	0
22054035	0
1400890	0
7369039	0
6544747	0
25075076	0
19391	0
2025822	0
10046026	0
43906289	0
15230625	0
3087364	0
14896150	0
1713738	0
5808856	0
13145961	0
1740103	0
21809833	0
12107136	0
5963861	0
14896127	0
14877922	0
22278047	0
1021909	0
3464049	0
430405	0
6514344	0
1229501	0
31423895	0
20891541	0
11228874	0
451616	0
1576031	0
145302	0
7062344	0
13489776	0
25097727	0
45401527	0
5171379	0
3562688	0
26505956	0
1424021	0
94370	0
4791027	0
31008513	0
583959	0
340145	0
19010103	0
22620750	0
14642676	0
10038855	0
2170784	0
14860737	0
9818280	0
26364625	0
13911883	0
37244368	0
20075734	0
17324337	0
11801525	0
20640855	0
6961442	0
1400179	0
244404	0
7310678	0
6384192	0
12324576	0
11984888	0
23648214	0
15135316	0
5800569	0
12791400	0
10437362	0
8385726	0
6312638	0
31861496	0
34643826	0
5560639	0
35766299	0
26654161	0
15754424	0
6012365	0
1616069	0
13577522	0
21074567	0
14234066	0
11628772	0
5895458	0
8137337	0
12541216	0
2627413	0
25193896	0
28942652	0
585303	0
15414826	0
367154	0
46694608	0
3550212	0
26871773	0
1584393	0
1898804	0
1995991	0
26940183	0
11759034	0
5122571	0
41613381	0
132436	0
7418177	0
5628103	0
6897713	0
4069869	0
6111124	0
131609	0
2595574	0
2888989	0
6027347	0
35548778	0
17372	0
20129502	0
36953207	0
10970745	0
2155830	0
20635248	0
5365094	0
1954966	0
15281943	0
20810797	0
22715573	0
1339600	0
23386204	0
10125237	0
7772670	0
7552251	0
3193366	0
42043875	0
37507962	0
25065525	0
7672695	0
3254990	0
3282256	0
31194387	0
329718	0
3651812	0
426049	0
984021	0
129739	0
16487534	0
24902563	0
36272447	0
16606138	0
11825267	0
24606070	0
5667770	0
4782322	0
24796142	0
17104410	0
16116055	0
460888	0
2345838	0
38188315	0
429641	0
37599063	0
707956	0
1165099	0
13347835	0
1089396	0
3387044	0
3651889	0
439673	0
4742014	0
8150464	0
9971888	0
4192365	0
2429734	0
14172234	0
10051488	0
37164153	0
7584045	0
5812185	0
23717399	0
2215489	0
16493802	0
15917050	0
6073393	0
2279827	0
967905	0
12845278	0
7975726	0
9569939	0
2543852	0
10533315	0
6819693	0
948619	0
1785694	0
44255765	0
669110	0
2990092	0
1594035	0
31714960	0
6933143	0
11821528	0
203299	0
8076377	0
4959510	0
2483334	0
33070317	0
18679243	0
5642517	0
1664186	0
18006767	0
6402786	0
9362790	0
365160	0
9006087	0
41588596	0
6171798	0
19738703	0
8031608	0
17330564	0
24609800	0
33627631	0
7568878	0
14461295	0
197478	0
4236679	0
860581	0
23901449	0
47443442	0
27837630	0
22790978	0
2624040	0
1161307	0
6410066	0
14205802	0
318123	0
2587138	0
11369149	0
13788042	0
45630740	0
28393822	0
23885067	0
21582244	0
5835566	0
5075444	0
656485	0
21675958	0
1639581	0
3781367	0
47777104	0
17006154	0
15430499	0
32416703	0
11318119	0
4801532	0
3977720	0
12037888	0
9303005	0
19622349	0
145096	0
5564402	0
5522802	0
1651930	0
11167532	0
30333874	0
583334	0
1276935	0
145975	0
14307476	0
25956108	0
14115098	0
5503252	0
4310566	0
6825451	0
24287836	0
2223094	0
3018313	0
17245708	0
1256563	0
20501436	0
9037194	0
18266714	0
4342453	0
5006324	0
35525658	0
1059962	0
1640329	0
2191055	0
2224408	0
5743882	0
2831532	0
7514830	0
1090325	0
