108999	1
138744	1
107594	1
108065	1
96027	1
13635719	1
108444	1
96079	1
2582492	1
16517483	1
116984	1
33526082	1
139484	1
18306071	1
138053	1
9405989	1
140027	1
140016	1
30548862	1
770004	1
13712350	1
3602781	1
647517	1
94418	1
107995	1
150525	1
25669878	1
96151	1
9597291	1
57779	1
30889401	1
13830922	1
94417	1
107638	1
21694275	1
4979082	1
10953946	1
95526	1
22175767	1
96134	1
139777	1
107635	1
9273713	1
15088290	1
91434	1
91794	1
13826796	1
1076215	1
11931370	1
96188	1
119010	1
12770956	1
37081026	1
634141	1
95536	1
150471	1
13830912	1
116526	1
115048	1
13831359	1
115522	1
91461	1
16714660	1
17282925	1
96061	1
91622	1
13712579	1
119107	1
107815	1
2106040	1
9424126	1
151220	1
93055	1
137370	1
1716115	1
13787981	1
150818	1
93671	1
13770670	1
13754018	1
2446580	1
109250	1
1338504	1
3024322	1
134512	1
96082	1
4672384	1
95691	1
136331	1
13722915	1
130932	1
6142244	1
31520015	1
1032120	1
8645989	1
94821	1
138003	1
2261003	1
7009354	1
13716753	1
8582185	1
125591	1
4694422	1
125114	1
94780	1
117785	1
125075	1
125175	1
91681	1
9702201	1
13826832	1
76933	1
10328575	1
95676	1
16937156	1
2147759	1
22610365	1
97487	1
13832698	1
11939203	1
1351965	1
32838063	1
94754	1
8453908	1
125706	1
1828460	1
94728	1
7360163	1
13811633	1
138917	1
95978	1
17193793	1
1951667	1
138715	1
95441	1
8705229	1
1951683	1
125516	1
19250	1
95903	1
28908	1
27892657	1
13792063	1
13826228	1
653378	1
1951291	1
41356297	1
13830855	1
95670	1
140015	1
2946606	1
96239	1
18723141	1
13811654	1
156653	1
2759912	1
138897	1
28730746	1
5295151	1
2314523	1
38692756	1
94742	1
135683	1
81299	1
96214	1
18611050	1
134411	1
31817606	1
656894	1
94881	1
93271	1
71055	1
131614	1
21051217	1
13701187	1
134454	1
11378888	1
8491745	1
2160265	1
260644	1
132361	1
125472	1
92057	1
97455	1
90946	1
19179231	1
11445731	1
22900267	1
95033	1
15174400	1
260699	1
138024	1
9424719	1
15100502	1
3047623	1
108584	1
33865895	1
125393	1
107951	1
9275380	1
13830968	1
8395377	1
10388706	1
123300	1
91739	1
8454586	1
42604277	1
124398	1
96320	1
2893550	1
13811604	1
34057643	1
13791883	1
13636599	1
6863034	1
1822487	1
37356510	1
139555	1
118776	1
109422	1
6325401	1
92062	1
23424881	1
125710	1
5758455	1
93113	1
94924	1
95671	1
13906835	1
108421	1
23634421	1
3400990	1
936704	1
6790647	1
91008	1
15200908	1
107644	1
116374	1
8686863	1
13813021	1
1854284	1
13732733	1
118055	1
97446	1
13716763	1
20609574	1
13833034	1
108057	1
11745835	1
95733	1
125386	1
1979240	1
91799	1
117925	1
131017	1
138160	1
8883760	1
16918420	1
27933450	1
1184982	1
24495628	1
536675	1
13831405	1
11106694	1
96169	1
109526	1
97496	1
133321	1
9273222	1
139935	1
10216700	1
109024	1
12223287	1
120558	1
3261700	1
32819621	1
107542	1
91476	1
57222	1
139650	1
107478	1
5851183	1
6142803	1
118999	1
94390	1
122332	1
125440	1
91499	1
116307	1
11837151	1
91714	1
95547	1
117178	1
94354	1
57785	1
511848	1
93140	1
109986	1
2759926	1
16895834	1
14154812	1
585788	1
125039	1
109959	1
77371	1
135665	1
7302342	1
2010113	1
125552	1
117199	1
109864	1
95932	1
1585542	1
139818	1
93341	1
91000	1
131386	1
28875373	1
557952	1
117923	1
95973	1
1033909	1
95984	1
13826503	1
37255233	1
139692	1
1952579	1
139969	1
5865160	1
2610887	1
2759482	1
91445	1
3325302	1
6278368	1
93198	1
5789530	1
94734	1
28722334	1
1947154	1
3587677	1
7043007	1
22979589	1
96259	1
23471574	1
12487239	1
91412	1
124962	1
136911	1
10790406	1
7461601	1
2105962	1
4535324	1
94829	1
108417	1
8737324	1
2937239	1
139612	1
125163	1
117357	1
125732	1
93664	1
1022658	1
2241658	1
9391541	1
93193	1
13707537	1
6298358	1
94934	1
96287	1
139432	1
9346907	1
91884	1
964395	1
120574	1
14289105	1
95608	1
5423774	1
903051	1
13704118	1
29825560	1
7461364	1
1352518	1
18849518	1
13813206	1
9301089	1
348640	1
20139062	1
263616	1
139557	1
97493	1
94892	1
1276168	1
2718539	1
2637981	1
13701161	1
138722	1
3151894	1
3789792	1
28344741	1
8648054	1
28730749	1
881560	1
1673856	1
96117	1
18803263	1
15063824	1
13770499	1
107783	1
1054201	1
125202	1
2006958	1
91783	1
3048325	1
13831478	1
139977	1
28509725	1
29702949	1
13833079	1
13004785	1
22396698	1
13707148	1
108130	1
28831284	1
2920703	1
110956	1
150555	1
138818	1
1171526	1
1090371	1
9614389	1
45262498	1
8395517	1
13791847	1
139735	1
13791933	1
96197	1
28895295	1
129852	1
10262010	1
260179	1
94420	1
139321	1
22984082	1
3669498	1
13599184	1
260513	1
28548426	1
93687	1
90920	1
2925176	1
139944	1
132404	1
9573998	1
91742	1
4071344	1
95706	1
18793161	1
94925	1
2101557	1
7074714	1
32447320	1
13812028	1
107838	1
124359	1
96176	1
91041	1
134988	1
2249863	1
90964	1
91021	1
4911101	1
13813547	1
14858905	1
4469782	1
1579828	1
133421	1
136245	1
28553129	1
16718281	1
91004	1
4759530	1
132440	1
6086280	1
4860	1
6055211	1
76955	1
96063	1
125493	1
14437728	1
109568	1
131544	1
1744778	1
14989176	1
9623019	1
137739	1
72004	1
5980439	1
95748	1
97010	1
654805	1
27718422	0
1769160	0
9428860	0
37997749	0
26002	0
40166527	0
34653924	0
16324639	0
5378590	0
6750156	0
2041201	0
2483560	0
8607746	0
33167341	0
5942007	0
8153737	0
4813703	0
9349616	0
32408746	0
39654672	0
4098437	0
28490465	0
8433258	0
37627293	0
5498162	0
33588198	0
2433667	0
45465489	0
4941113	0
30215847	0
24645210	0
8202851	0
3361492	0
8523578	0
3857472	0
1657720	0
5565805	0
9375376	0
9079365	0
42576079	0
6334188	0
7910333	0
17616732	0
14010945	0
4082366	0
13272260	0
4390958	0
37089764	0
23449949	0
2402464	0
3026448	0
16957630	0
4159036	0
11635624	0
8930998	0
2215507	0
861006	0
7806511	0
1414020	0
4351340	0
1015555	0
36392184	0
10285824	0
3470584	0
21310334	0
35621661	0
31328563	0
47656307	0
15230877	0
2957994	0
4883714	0
6105259	0
37307	0
19646815	0
1968207	0
9533153	0
615121	0
2737891	0
5255141	0
5886496	0
1420971	0
19935004	0
32912072	0
1108287	0
9515787	0
30920628	0
33530831	0
347259	0
23956098	0
16888109	0
5188548	0
23276393	0
20626128	0
1395342	0
17267648	0
44810597	0
44070	0
11732798	0
21418254	0
4932423	0
5589962	0
10090620	0
48499421	0
3524621	0
26925778	0
2037203	0
108962	0
25454310	0
43752269	0
670195	0
8317700	0
25011291	0
663780	0
6559970	0
449313	0
20598893	0
718530	0
14706889	0
11926202	0
11321213	0
43293344	0
21634104	0
1157949	0
20057465	0
1592379	0
2079640	0
1766818	0
5271653	0
41945621	0
15934899	0
6507505	0
423535	0
1867700	0
5063935	0
34796730	0
13141124	0
17919879	0
16870304	0
276866	0
43327470	0
25525494	0
1171582	0
26930622	0
15937050	0
6719268	0
6331225	0
11615256	0
35367581	0
25602603	0
19366523	0
7416529	0
441661	0
2665897	0
150558	0
31144306	0
4140648	0
356353	0
13724166	0
14461347	0
6618320	0
7910878	0
43246955	0
2153635	0
814609	0
27297096	0
19901618	0
2541316	0
7464246	0
7502668	0
11800741	0
20413338	0
7987456	0
9559781	0
37965632	0
2012070	0
153583	0
43646996	0
3435544	0
346860	0
674160	0
47562235	0
1448050	0
860027	0
6162256	0
5403032	0
2154581	0
14662636	0
46275114	0
1983138	0
17129083	0
30272734	0
2295843	0
2717999	0
875797	0
2071239	0
13493043	0
18889569	0
13331770	0
25809838	0
2098800	0
9066246	0
44664399	0
21172782	0
27720972	0
31536619	0
26315244	0
1015400	0
34276448	0
34217293	0
23722266	0
2812602	0
21445610	0
32204271	0
8839019	0
11948440	0
1090094	0
5999470	0
21250614	0
29210624	0
34698712	0
24393682	0
1650967	0
22749867	0
46739785	0
1159573	0
9343521	0
2012783	0
715003	0
2597462	0
1408267	0
7020278	0
364373	0
605336	0
901457	0
31563044	0
3738827	0
3175684	0
6873746	0
5016262	0
37161057	0
20144275	0
5907509	0
1997191	0
34315244	0
18778874	0
1277324	0
43131384	0
23329712	0
2614201	0
37393344	0
9574	0
2087066	0
6153454	0
18642078	0
1501259	0
28247149	0
7487149	0
4496082	0
20521483	0
7242703	0
31541098	0
29158236	0
4183807	0
6557022	0
23168492	0
427173	0
20528378	0
797063	0
20105223	0
18943225	0
21479519	0
12668479	0
22881056	0
12516585	0
2835950	0
7580415	0
2119028	0
18332983	0
2445345	0
10727847	0
23133354	0
485453	0
517437	0
4937211	0
8722665	0
19405811	0
38932429	0
19275135	0
797124	0
4949490	0
46684202	0
57951	0
15114139	0
2589153	0
43443301	0
16233739	0
20394424	0
2294060	0
33752454	0
3925504	0
5491286	0
2840356	0
45541024	0
15612555	0
645951	0
46861	0
13115172	0
36878173	0
3829855	0
1147906	0
5005537	0
6439205	0
31381474	0
841386	0
36762305	0
29157725	0
1789513	0
2644899	0
43743839	0
43444309	0
31980626	0
11629197	0
13693947	0
6188826	0
26099561	0
29301705	0
2042879	0
804036	0
5623399	0
1920970	0
1388208	0
8053136	0
752782	0
17136296	0
1143910	0
26107116	0
41061718	0
34974190	0
24897359	0
39873462	0
34481306	0
33187268	0
25819597	0
18946914	0
25351591	0
1139394	0
4971907	0
24750033	0
38699155	0
14219016	0
108732	0
1747769	0
7281934	0
45264679	0
124399	0
5654439	0
5847705	0
11977866	0
8660452	0
18519864	0
39805109	0
6181346	0
10836864	0
43457083	0
8474655	0
8515977	0
2510601	0
238832	0
37014121	0
6028461	0
38683317	0
15660321	0
39241299	0
302192	0
28597272	0
5710361	0
20988934	0
22027399	0
15520681	0
13976698	0
951839	0
1726083	0
30073306	0
20970437	0
3627638	0
5290021	0
1660125	0
9721169	0
12588352	0
17021548	0
391344	0
7787711	0
37374	0
27047695	0
28105788	0
12959925	0
1016433	0
45503573	0
24223514	0
977707	0
17648778	0
15539151	0
2027196	0
1425533	0
19219558	0
29946481	0
42536481	0
41832005	0
41668588	0
19673719	0
119837	0
45672443	0
30750964	0
5164876	0
1729089	0
11894279	0
14725617	0
13453432	0
25763370	0
2339794	0
3862422	0
9120498	0
6819921	0
6842371	0
5374185	0
31904813	0
12666955	0
887686	0
43180404	0
23598015	0
39404282	0
4928267	0
77751	0
976088	0
2991299	0
17560273	0
744173	0
4419888	0
620827	0
16909985	0
7067256	0
15443528	0
3263204	0
9183776	0
13553198	0
265179	0
5537039	0
4572183	0
485387	0
7856416	0
2064538	0
6811017	0
14239583	0
6881765	0
1077787	0
5942374	0
123253	0
43910062	0
3081475	0
2117752	0
2570014	0
26234285	0
6125761	0
3781115	0
690271	0
1118338	0
15826	0
3113455	0
1714910	0
15610923	0
6526980	0
34331202	0
18641674	0
13921459	0
44703176	0
40298	0
4199967	0
4440579	0
1370824	0
5330667	0
33184304	0
21538479	0
1033798	0
467347	0
12452307	0
33795848	0
18006603	0
3597636	0
962894	0
4609449	0
2553597	0
1205870	0
18763131	0
261191	0
12553053	0
1770930	0
12268889	0
3989049	0
26636309	0
37321559	0
