43840387	1
2295889	1
359318	1
272507	1
2030933	1
351733	1
341023	1
6564761	1
47429	1
20907644	1
29574579	1
16048923	1
172211	1
170691	1
26194	1
3559782	1
4350782	1
149353	1
7791769	1
31176238	1
24022085	1
30795	1
34445568	1
46494	1
651924	1
31808372	1
164339	1
1951074	1
15289272	1
160538	1
3972890	1
11057153	1
21608391	1
38394931	1
2148	1
3978399	1
506422	1
7775630	1
5625535	1
19848	1
2303226	1
1101558	1
6053466	1
10363	1
43031434	1
1696747	1
4249310	1
177193	1
3180514	1
269714	1
4908352	1
3510994	1
3705910	1
22591343	1
235916	1
6185	1
4941474	1
20796545	1
417261	1
10648596	1
5551	1
21438575	1
1682293	1
39913759	1
23535218	1
323777	1
3593853	1
43087507	1
3416576	1
315837	1
1551755	1
326157	1
17337	1
19051551	1
179914	1
4493733	1
39393	1
15430	1
9431022	1
26759272	1
1495709	1
2984303	1
160115	1
16816749	1
78534	1
3736	1
241981	1
25804468	1
996699	1
860987	1
530163	1
9957219	1
11629634	1
312280	1
367616	1
9236	1
425305	1
1205872	1
8918440	1
53837	1
213240	1
9810476	1
26214502	1
2287549	1
10157984	1
1599401	1
3389001	1
189284	1
1248351	1
26146920	1
1910375	1
1190083	1
5735696	1
23157309	1
3277	1
15150	1
25497710	1
15958591	1
13590	1
2191408	1
715880	1
9670	1
6882909	1
840351	1
20691330	1
29340	1
21916701	1
31196990	1
9521745	1
13137	1
297970	1
18951309	1
2727969	1
10313	1
31629003	1
35985514	1
560504	1
864885	1
7382198	1
46216	1
2803429	1
32059	1
1487987	1
6041935	1
187911	1
4498794	1
1032976	1
1829708	1
5311	1
1723628	1
44730	1
27796	1
8821645	1
788091	1
18166891	1
6037441	1
40684	1
3900515	1
29920	1
2949255	1
40768901	1
266991	1
159142	1
32587	1
705313	1
28505911	1
16345197	1
1795203	1
383367	1
80497	1
37589	1
2703114	1
1042502	1
13226012	1
33493008	1
24086	1
495814	1
53741	1
667591	1
49045471	1
710653	1
568770	1
33236	1
501723	1
3188139	1
11251789	1
3466	1
11534179	1
22738	1
26516474	1
31750	1
8618444	1
190815	1
1290018	1
2466089	1
2184364	1
379047	1
3853027	1
17388158	1
1424430	1
3877366	1
1325116	1
632132	1
33401823	1
202365	1
189701	1
4268961	1
31902	1
27048729	1
179948	1
10634933	1
29301	1
3429834	1
4059023	1
12388	1
9813	1
1099984	1
4458156	1
8976163	1
161693	1
75643	1
744572	1
801846	1
451835	1
11014574	1
1283699	1
38202307	1
24340763	1
666898	1
436654	1
19632966	1
71849	1
327209	1
233965	1
10452165	1
19201	1
13910780	1
7891411	1
3671576	1
429049	1
8094378	1
149585	1
30746	1
935303	1
177438	1
12573760	1
21604709	1
2697033	1
8574477	1
409972	1
2310146	1
219831	1
362359	1
1533308	1
402247	1
51497	1
50563	1
765210	1
2601234	1
434162	1
225244	1
583964	1
2396	1
142528	1
153653	1
78160	1
2937935	1
315578	1
3816650	1
123451	1
14694800	1
108096	1
13659091	1
27896718	1
205135	1
10623474	1
70829	1
2146078	1
5762	1
3189827	1
36848	1
191379	1
46530	1
1158436	1
27640	1
2124389	1
29970	1
2523275	1
550623	1
25550224	1
31630493	1
768770	1
9282173	1
7534970	1
1185267	1
147078	1
37407	1
8025663	1
32927	1
4845813	1
463535	1
224094	1
488743	1
4723134	1
308906	1
423371	1
30656841	1
784723	1
265355	1
18606	1
46894539	1
427437	1
2666757	1
6932160	1
635490	1
765220	1
89818	1
25867	1
157427	1
327940	1
6641931	1
581449	1
158015	1
157212	1
4024033	1
1250676	1
510791	1
26779	1
22316	1
6729023	1
1965688	1
2230021	1
11065279	1
25683419	1
1367909	1
252442	1
22568480	1
23417070	1
24446729	1
3053483	1
332164	1
41137348	1
15516702	1
31737916	1
81450	1
39588807	1
178777	1
932532	1
2152561	1
1411849	1
21463988	1
12303804	1
5449973	1
1115155	1
30033	1
12176	1
295204	1
76018	1
23649960	1
464271	1
771309	1
5016758	1
435638	1
15044030	1
50835	1
627	1
27406894	1
4759005	1
766409	1
28320	1
2065692	1
17461	1
7834180	1
15642232	1
3859884	1
26789	1
11100179	1
35637581	1
30201	1
6506943	1
1044010	1
12602946	1
298312	1
3961305	1
5211025	1
10890716	1
1077821	1
249429	1
180283	1
261177	1
15295	1
243513	1
5042951	1
20386972	1
78138	1
2368107	1
21280496	1
275181	1
26176567	1
639129	1
61949	1
34635	1
2689031	1
49483962	1
497787	1
2220736	1
744108	1
2660653	1
37602	1
14449068	1
25074031	1
41940646	1
1973125	1
1622560	1
4264828	1
4124	1
4762784	1
1042993	1
216664	1
905037	1
30683	1
25021513	1
5811962	1
2647850	1
2317493	1
84672	1
15256271	1
3677144	1
67366	1
988623	1
1947226	1
29021	1
168387	1
167897	1
61139	1
4221790	1
1421034	1
5803984	1
22477	1
2995870	1
192617	1
1178175	1
106082	1
3457634	1
45397	1
38326	1
3808242	1
3310679	1
3165118	1
254668	1
94775	1
62433	1
14967	1
1707966	1
2802569	1
1380449	1
248388	1
682482	1
54888	1
5778004	1
4345715	1
488341	1
2687516	1
525114	1
45446	1
15835350	1
19362024	1
10298829	1
6466311	1
98258	1
29405	1
2321663	1
2514828	1
7104877	1
335005	1
741122	1
17304	1
325206	1
1269219	1
3010167	1
7630	1
7329655	1
274135	1
4237002	1
680483	1
28174	1
342733	1
8411944	1
24997119	1
467119	1
19918814	1
1833568	1
216928	1
10400296	1
63335	1
2377645	1
4756459	1
1128998	1
4979800	1
41595406	1
9367245	0
91978	0
7788732	0
2246223	0
1705641	0
404323	0
24040740	0
3670713	0
13570703	0
10310982	0
186828	0
33238503	0
34743825	0
4584299	0
7134975	0
11804734	0
1823265	0
18906899	0
14865236	0
48404940	0
6060084	0
11125917	0
2743279	0
69013	0
938946	0
3532488	0
520895	0
18648299	0
4254015	0
2196370	0
14450346	0
8679137	0
18532480	0
15257614	0
24388667	0
19803746	0
297153	0
1771747	0
5845813	0
36636255	0
42991346	0
1076903	0
399591	0
2974415	0
16874008	0
5633632	0
3522848	0
32947666	0
19834913	0
47567741	0
9331505	0
983010	0
4162054	0
18503930	0
38225111	0
29609081	0
7731754	0
9346113	0
14650116	0
48315241	0
18129317	0
30933950	0
109247	0
8843846	0
45026669	0
131799	0
16012618	0
30534326	0
707300	0
22045797	0
6244675	0
4694698	0
3678217	0
4162687	0
37670210	0
43654382	0
1927942	0
11344358	0
34808994	0
6614909	0
12034295	0
5635368	0
23157441	0
34164595	0
4381007	0
8356736	0
16088129	0
4561462	0
21768047	0
16783938	0
18566762	0
8335638	0
608906	0
4248054	0
2861686	0
44626600	0
12565346	0
27902361	0
936126	0
41940967	0
2262002	0
36974055	0
965841	0
489497	0
19869016	0
23924769	0
33034753	0
3217228	0
13196669	0
4172065	0
37848808	0
101192	0
516730	0
24470677	0
44600359	0
637311	0
21389052	0
23795430	0
1222827	0
1860703	0
15303198	0
13702156	0
1028912	0
33540300	0
14202821	0
16502415	0
9335741	0
5113249	0
35349073	0
8074695	0
2316437	0
15657156	0
16037400	0
111331	0
1581664	0
1005093	0
25109	0
274643	0
45670507	0
1966673	0
24052353	0
629307	0
5565176	0
3167004	0
15187796	0
516653	0
30008613	0
4493343	0
2893310	0
32124943	0
32778712	0
31192049	0
1704841	0
24552272	0
18121143	0
15915484	0
5259476	0
12992100	0
5071000	0
8912210	0
32537440	0
6146846	0
5967807	0
31935748	0
3163962	0
11824424	0
581410	0
663797	0
1624493	0
23541058	0
27885927	0
16337760	0
28866384	0
20124064	0
2483677	0
1244928	0
1420420	0
3798785	0
22546502	0
7547063	0
4463226	0
16737631	0
3040540	0
3962235	0
637853	0
4338278	0
12059019	0
37685468	0
22489086	0
1997826	0
13668998	0
1060311	0
32821489	0
18004384	0
35030681	0
29034679	0
6595128	0
962324	0
35851967	0
35805091	0
21345928	0
3212385	0
46995485	0
8816187	0
15019942	0
2945031	0
2660253	0
39217176	0
7533142	0
3666314	0
721087	0
48458926	0
95572	0
15968597	0
35263259	0
129331	0
8968621	0
31825276	0
6768649	0
15592817	0
21983227	0
33742263	0
544711	0
44934642	0
16162671	0
15743537	0
243759	0
34483672	0
3143237	0
757117	0
8364791	0
22804830	0
8073926	0
5395490	0
40247641	0
20580216	0
27254665	0
7957577	0
10238655	0
2230997	0
1872912	0
25072350	0
11806704	0
632258	0
84831	0
34539980	0
705954	0
36655784	0
1722607	0
18464376	0
12076108	0
656360	0
2422509	0
12674667	0
40783239	0
25614990	0
916855	0
28016093	0
38453098	0
26501965	0
44838943	0
761890	0
4048679	0
776311	0
97468	0
37308788	0
24902707	0
2386759	0
2307935	0
6705210	0
1819097	0
11842249	0
2530925	0
44540408	0
236210	0
6036418	0
6788505	0
12568502	0
1542887	0
41089896	0
440184	0
234924	0
16285179	0
213991	0
2429740	0
15566419	0
29237535	0
16678747	0
13634694	0
1276990	0
3066411	0
43361501	0
12520268	0
12676865	0
4769481	0
35546534	0
24896107	0
24165686	0
23811298	0
22717925	0
34928607	0
4562127	0
4460662	0
59271	0
39619053	0
324394	0
1406763	0
22432298	0
40053385	0
36524166	0
30660113	0
1855175	0
64705	0
103222	0
12629307	0
869411	0
7937018	0
13275003	0
42329658	0
30871181	0
1491769	0
1099685	0
8871246	0
2201156	0
711056	0
40974673	0
13177480	0
2254829	0
7529334	0
28213328	0
2013896	0
8150477	0
3118393	0
304157	0
4841518	0
6498487	0
191700	0
8338993	0
270849	0
45637178	0
5650076	0
12631192	0
24632349	0
12174279	0
14290190	0
12172784	0
389844	0
22079600	0
26821791	0
8350624	0
27335521	0
5518182	0
21162644	0
5023905	0
2168451	0
26653251	0
33523522	0
24317223	0
8886560	0
2928596	0
716015	0
14716732	0
27290725	0
14724930	0
204129	0
2141373	0
1370900	0
644713	0
25238584	0
1710716	0
19598302	0
42129687	0
5030852	0
23610054	0
21937254	0
29565009	0
19823843	0
118207	0
2504347	0
5456380	0
29130326	0
15145951	0
22590879	0
6265851	0
26929940	0
453155	0
37706149	0
2126893	0
17631735	0
7369863	0
17460553	0
8119629	0
4466614	0
2919868	0
1870183	0
8499596	0
9631266	0
21668914	0
77896	0
38207313	0
9519675	0
10071292	0
3670726	0
8501502	0
30983744	0
27677486	0
8483942	0
12191893	0
42180527	0
24507784	0
41983317	0
3227061	0
39329056	0
11502437	0
15929310	0
1838611	0
22687348	0
10302112	0
7371649	0
12450241	0
3097068	0
8852675	0
26159227	0
44454648	0
10072086	0
13965435	0
30880069	0
13830855	0
4307448	0
4621609	0
45042482	0
5945577	0
26534779	0
41692450	0
1781300	0
10882693	0
3868595	0
350918	0
36183994	0
5167156	0
1293171	0
7303244	0
7607107	0
5116026	0
6332939	0
25216411	0
1095791	0
43156390	0
17200180	0
3319732	0
7563599	0
43404454	0
3310948	0
31761602	0
8620070	0
16691289	0
25896687	0
24722317	0
33645492	0
6951402	0
41322096	0
2243578	0
5464997	0
42137021	0
16046956	0
6712415	0
9102029	0
1187735	0
10265222	0
28109795	0
22919807	0
3032022	0
4712637	0
23176450	0
1519082	0
9457065	0
41836159	0
3297156	0
35588078	0
13748959	0
23752839	0
10876252	0
1460931	0
475810	0
2419223	0
3145298	0
2728721	0
15609333	0
720805	0
4784137	0
41866834	0
2652388	0
2803079	0
33013439	0
3586363	0
4310572	0
8908889	0
40386869	0
22445060	0
37358649	0
