1800067	1
111401	1
46038	1
1510489	1
4118960	1
378501	1
466601	1
4192185	1
282954	1
539055	1
3888130	1
4747454	1
853491	1
8166	1
848303	1
205542	1
2928487	1
80227	1
102554	1
7657066	1
1458380	1
2716198	1
734992	1
31853304	1
10997765	1
528799	1
3833777	1
1694511	1
2187425	1
370745	1
3124701	1
2390638	1
1251477	1
9908555	1
25518344	1
348825	1
9364067	1
7144840	1
1053718	1
72735	1
12254123	1
879002	1
1974109	1
437917	1
7687309	1
26547932	1
19294440	1
2120549	1
1111121	1
16340	1
6512300	1
58596	1
98570	1
268567	1
453537	1
16410116	1
892954	1
14984126	1
2053590	1
4021996	1
10969166	1
5277755	1
1692112	1
367891	1
1213342	1
5657579	1
3115561	1
21996618	1
15593299	1
9898396	1
1121700	1
1359822	1
343822	1
7818177	1
445954	1
4263018	1
2694421	1
30548141	1
3933116	1
378119	1
1372585	1
18728744	1
158878	1
25358710	1
292863	1
17843642	1
25236	1
1190793	1
159171	1
1698417	1
2520766	1
1284321	1
1970183	1
864023	1
3471403	1
22687	1
24921859	1
44284371	1
1049565	1
1580755	1
3122570	1
14611679	1
1307515	1
7589934	1
44320117	1
46889722	1
2514035	1
87410	1
2324852	1
440307	1
1306686	1
538810	1
103443	1
7636896	1
44515	1
154435	1
301477	1
10825522	1
1548943	1
2843413	1
203221	1
2591154	1
82764	1
604163	1
1540172	1
27029	1
1948836	1
208643	1
952197	1
4060810	1
202349	1
21113249	1
1212903	1
207637	1
1160167	1
882295	1
105029	1
232700	1
30065	1
157992	1
304569	1
810317	1
2064884	1
860914	1
19796120	1
5258007	1
22764032	1
5819393	1
5716795	1
101901	1
1169009	1
47814849	1
728715	1
7185441	1
14547809	1
4842782	1
303413	1
62016	1
76835	1
25418239	1
1800132	1
17637433	1
23453691	1
125538	1
7251242	1
1396047	1
23173834	1
4539590	1
236549	1
197778	1
429660	1
8081555	1
7144	1
5521962	1
49181	1
2839763	1
246978	1
274115	1
14435494	1
2785518	1
1613261	1
25499812	1
1997794	1
2362118	1
146635	1
9940234	1
10108928	1
1069516	1
10757955	1
260799	1
18855594	1
61020	1
1320842	1
30668895	1
3459560	1
20611127	1
9380774	1
57322	1
525155	1
872293	1
1753136	1
3203181	1
465784	1
42882	1
1010889	1
7430512	1
7833831	1
6582010	1
4044378	1
6804068	1
684928	1
377915	1
973768	1
3753326	1
26165132	1
217170	1
26554944	1
22210331	1
386995	1
15254348	1
293487	1
95618	1
152839	1
52963	1
28198	1
29008383	1
12375992	1
677476	1
35576728	1
123707	1
3565028	1
48538131	1
667666	1
10959260	1
4281013	1
9180509	1
27507336	1
2349270	1
22501057	1
5640052	1
19873	1
478999	1
47780013	1
5637031	1
1584140	1
27642638	1
518539	1
1345330	1
4649165	1
971677	1
1789517	1
2170824	1
500375	1
313401	1
18409561	1
612823	1
1515047	1
22489139	1
541270	1
329426	1
164302	1
25029031	1
5861822	1
396640	1
101646	1
2138613	1
8376	1
36918474	1
15286841	1
39910213	1
8582	1
2653694	1
9038310	1
66004	1
2332578	1
1763992	1
1642922	1
129944	1
3660887	1
11692241	1
21455887	1
2445877	1
2884548	1
429691	1
22473	1
12653615	1
2972	1
365196	1
2202290	1
263592	1
930757	1
8778908	1
18449037	1
1428324	1
17402813	1
34917160	1
49823	1
4426680	1
1411599	1
270596	1
384857	1
11280144	1
742515	1
47607	1
2903305	1
26780275	1
213408	1
24443031	1
6050036	1
2045267	1
26078472	1
544210	1
11258644	1
1230202	1
5680788	1
7727619	1
3414715	1
24089316	1
1071397	1
44190	1
7671575	1
22196942	1
1902290	1
982237	1
1339871	1
11113710	1
1176609	1
52052	1
177694	1
161227	1
433760	1
2549481	1
1254329	1
586834	1
76099	1
5314808	1
216049	1
201993	1
23933	1
1704328	1
6131049	1
2906657	1
16384463	1
6620599	1
1843480	1
879901	1
27413270	1
7565859	1
217203	1
419255	1
26825424	1
5604205	1
633253	1
621334	1
1943361	1
2267297	1
390572	1
2192961	1
9483323	1
3074893	1
18538717	1
882231	1
4336208	1
37867053	1
5626	1
2275578	1
25686223	1
14125763	1
542223	1
4589008	1
3613236	1
15471231	1
2313001	1
8393805	1
2360480	1
447272	1
152678	1
993017	1
8240790	1
1864326	1
8229787	1
4015791	1
396605	1
4010136	1
4685264	1
465235	1
342255	1
2083868	1
18949461	1
7332532	1
5918822	1
6086490	1
13304889	1
306912	1
2512700	1
539996	1
15538030	1
15868921	1
2626573	1
846696	1
390251	1
2142859	1
5089016	1
18389937	1
274273	1
14963519	1
26111748	1
23607777	1
841474	1
13906872	1
235723	1
240028	1
1448723	1
17796830	1
168094	1
61130	1
24697604	1
44573966	1
2611029	1
274386	1
4908752	1
39406	1
48425705	1
331539	1
33537	1
211517	1
19606180	1
596593	1
1080461	1
15700938	1
16846897	1
2265301	1
138007	1
42974731	1
224279	1
29782	1
1474929	1
13831	1
33686172	1
7500007	1
25303341	1
2203606	1
411590	1
182639	1
227593	1
7431038	1
383350	1
1829662	1
751302	1
180208	1
42590980	1
3453280	1
3254181	1
2532402	1
9575928	1
2971846	1
685416	1
66979	1
2775813	1
56658	1
6238738	1
351004	1
24657636	1
6255	1
555656	1
30028	1
90992	1
23550618	1
29483	1
30872649	1
1101312	1
269322	1
7092721	1
4424692	1
6130606	1
9893818	1
30863620	1
178118	1
3689910	1
15915697	1
1583976	1
52797	1
35591349	1
3519906	1
8717093	1
38132561	1
39648742	1
239860	1
9133442	1
8932589	1
13711238	1
18733304	1
2868425	1
3078466	1
28532226	1
28257292	1
28206353	1
1495641	1
827398	1
16265823	1
7872273	0
15895572	0
6232035	0
44644919	0
14071205	0
5367128	0
16670598	0
9478326	0
8291023	0
19682437	0
6025960	0
10748868	0
7941209	0
17721863	0
28237908	0
6213705	0
8107008	0
37664506	0
4132909	0
2222004	0
27007952	0
36566275	0
20784193	0
24571448	0
4695499	0
22983252	0
23425658	0
45641162	0
3542287	0
1405763	0
3274853	0
40931175	0
414399	0
7204461	0
21285553	0
28724031	0
33570513	0
18095681	0
3749849	0
5133136	0
9165902	0
28681730	0
18787707	0
1089145	0
3304796	0
31928300	0
32415787	0
19834012	0
40983433	0
22879602	0
7632195	0
32736475	0
2174744	0
469619	0
329401	0
5790469	0
23321926	0
13317957	0
12592901	0
24735930	0
7615139	0
32965942	0
46876231	0
20020514	0
33257652	0
6862788	0
17345304	0
2754201	0
5390458	0
3146851	0
114897	0
34977567	0
37054020	0
6814802	0
117931	0
16969025	0
37569031	0
12764853	0
3660016	0
30789038	0
26027149	0
8815402	0
17780984	0
47147004	0
4789967	0
21075031	0
32402873	0
3853642	0
17213610	0
192627	0
18410387	0
17330117	0
6928058	0
4046861	0
17241473	0
38955873	0
19403267	0
16011941	0
16585686	0
27713329	0
41347310	0
611132	0
112061	0
3003225	0
5158699	0
11522095	0
3282559	0
17747628	0
32177029	0
11666807	0
42951442	0
21397789	0
118682	0
3959378	0
16517046	0
5067357	0
33879777	0
30462710	0
1781429	0
15432086	0
253838	0
2922621	0
12913001	0
20824286	0
36945764	0
2792750	0
29685534	0
5920853	0
12430651	0
620513	0
23515572	0
5821590	0
19933801	0
25537162	0
23078691	0
37891574	0
6632151	0
37972166	0
2699671	0
40179124	0
481584	0
31105296	0
45594428	0
708072	0
8736693	0
4700513	0
116930	0
16831622	0
4813928	0
318413	0
8707992	0
11126065	0
39357957	0
9207922	0
13832776	0
25677128	0
95070	0
4639235	0
7459454	0
3257957	0
4934	0
4670956	0
2525617	0
46227961	0
12171729	0
27615775	0
38785678	0
490321	0
17717229	0
22399641	0
37250431	0
152261	0
8326730	0
38626369	0
2173516	0
7494125	0
10310138	0
3064088	0
20911881	0
512315	0
48254099	0
119144	0
612754	0
34451912	0
5306876	0
6707985	0
3639986	0
30413789	0
9303968	0
25843636	0
4726934	0
5864515	0
167262	0
1925559	0
42184169	0
8908943	0
3816578	0
1511764	0
2838722	0
5404470	0
13826331	0
28457861	0
4610283	0
1856701	0
8364121	0
21998953	0
8463063	0
39124883	0
21913055	0
46776239	0
24790177	0
26861087	0
2578170	0
6610974	0
44927713	0
31309745	0
22596831	0
560165	0
860817	0
6499770	0
5384599	0
3480669	0
1524832	0
13036129	0
6360861	0
513975	0
21429354	0
936979	0
5162606	0
7823199	0
33836878	0
4672549	0
119509	0
22717627	0
47939328	0
32945064	0
117830	0
127839	0
5947862	0
1998032	0
11716627	0
3982024	0
39153770	0
28830768	0
4544401	0
2447818	0
1118492	0
3021183	0
12282584	0
16475143	0
21090592	0
42304176	0
8269291	0
608287	0
17438923	0
4699721	0
26413173	0
13820394	0
10041882	0
8593932	0
31519261	0
8216276	0
33294317	0
4689911	0
13329416	0
22535757	0
19413089	0
3142585	0
6705111	0
12765389	0
31182609	0
134119	0
5818457	0
11049500	0
15934748	0
23469748	0
19976948	0
9303827	0
8543798	0
35158975	0
2885830	0
7909480	0
36354976	0
17728929	0
34140752	0
17872726	0
6733352	0
31374512	0
6184105	0
40485560	0
6717724	0
13891457	0
17736874	0
119157	0
109742	0
16783551	0
7087358	0
27974689	0
7802924	0
3947408	0
996322	0
19435699	0
1842291	0
33290930	0
34963508	0
22549053	0
12141190	0
5379817	0
2837537	0
1420156	0
11371367	0
1514388	0
37916778	0
40441767	0
6750630	0
44067641	0
31885851	0
21739626	0
14863641	0
25744106	0
6575187	0
3873399	0
48274888	0
23721225	0
2618407	0
16434354	0
2345590	0
5096836	0
411657	0
928266	0
8112736	0
3584433	0
43115428	0
19930971	0
23083812	0
6862771	0
4863290	0
36096410	0
42409238	0
2571920	0
15284087	0
1053652	0
40274194	0
340894	0
17615961	0
47345278	0
19929759	0
21192029	0
44685586	0
38873616	0
7765912	0
9314433	0
36368660	0
23254553	0
17491680	0
441421	0
28074790	0
10967662	0
120107	0
23846427	0
22496212	0
742099	0
33143435	0
7843234	0
23236894	0
47304961	0
25265553	0
11866314	0
41829868	0
41342712	0
209919	0
13939082	0
38239096	0
1061556	0
9971	0
5730679	0
43644354	0
290584	0
7350277	0
43003002	0
16630161	0
2267358	0
35852217	0
2136424	0
10334036	0
20053092	0
34816491	0
28048348	0
1683717	0
7910878	0
33869061	0
13813660	0
6086164	0
6043124	0
21819593	0
29288945	0
16410495	0
6462428	0
16067982	0
32884443	0
124339	0
43933807	0
1066641	0
8074090	0
4824639	0
41535970	0
16981456	0
28687228	0
1404483	0
10811232	0
34224797	0
28321326	0
1390274	0
8497202	0
9848178	0
1201750	0
1057749	0
6769307	0
7210589	0
24829334	0
5493122	0
7879193	0
5472603	0
5483620	0
19522478	0
8382171	0
2643736	0
146714	0
113943	0
1797922	0
1961777	0
22822823	0
4017222	0
6269289	0
167970	0
14503154	0
12917496	0
12601004	0
2599023	0
14421821	0
130594	0
2869592	0
11148753	0
6799586	0
4668849	0
2700029	0
8334869	0
38066465	0
3929637	0
40636849	0
74325	0
23555063	0
12726622	0
37716065	0
8197474	0
3380919	0
2514394	0
15000224	0
8092271	0
14165953	0
16080962	0
23618703	0
2019433	0
8178763	0
2806743	0
121101	0
11248236	0
8217313	0
2300177	0
26626884	0
20324573	0
4152319	0
3581622	0
19283026	0
166019	0
10974977	0
7885022	0
2271177	0
2555859	0
15517996	0
39780523	0
21940257	0
5569692	0
708016	0
47248089	0
110727	0
2171410	0
1170067	0
19688961	0
24632642	0
328995	0
11961996	0
809205	0
42716467	0
13748529	0
23028793	0
7946344	0
41040004	0
42529864	0
11379045	0
