36278332	1
346226	1
6325715	1
2475872	1
6956369	1
229943	1
2635067	1
3307096	1
43228184	1
58959	1
1096615	1
24230	1
12977238	1
17880869	1
8131279	1
56976	1
24166523	1
305384	1
25524	1
8269855	1
229853	1
3623639	1
319632	1
3319034	1
577309	1
4442858	1
2565833	1
3958828	1
1493391	1
8851707	1
36482923	1
146678	1
26544591	1
1190875	1
2976972	1
2938285	1
2360715	1
985639	1
49625	1
10027647	1
347107	1
11545308	1
7365741	1
15716827	1
1203071	1
220633	1
87260	1
44940	1
18157	1
5189454	1
34742901	1
2256795	1
4076105	1
1042601	1
6908253	1
551755	1
27848658	1
8615799	1
181579	1
391273	1
1229108	1
4518428	1
7351528	1
27619007	1
620693	1
4090166	1
6142737	1
1965925	1
4077888	1
977832	1
1143760	1
1363440	1
1014583	1
1493807	1
908118	1
634144	1
35935237	1
5720614	1
47917	1
2659666	1
41779862	1
304458	1
22470129	1
30985	1
483275	1
420334	1
601694	1
1183062	1
5699437	1
2216026	1
1393021	1
584907	1
2126821	1
20892291	1
12038713	1
162190	1
1870807	1
917917	1
2707736	1
1676060	1
23178815	1
42302091	1
145436	1
192517	1
811932	1
148898	1
3887749	1
21939	1
426705	1
755408	1
5682857	1
453892	1
812086	1
965363	1
867853	1
6126564	1
1231403	1
2143835	1
43405	1
8867488	1
20420	1
1251978	1
1460619	1
411367	1
2672138	1
757969	1
17491404	1
11454119	1
13696375	1
222291	1
22112840	1
8432294	1
2280886	1
1123978	1
12046339	1
1588264	1
521730	1
859907	1
2643693	1
13989994	1
791062	1
218985	1
2740395	1
3101278	1
2684559	1
1038613	1
1091403	1
5465122	1
1213828	1
6850829	1
309332	1
36588592	1
243545	1
229909	1
62134	1
24342617	1
20819144	1
3898662	1
24502576	1
267447	1
362989	1
3605965	1
44029	1
3480300	1
1274164	1
673458	1
2687239	1
3423927	1
3843743	1
464029	1
934859	1
6549709	1
1456	1
12693073	1
25976200	1
16039479	1
2593	1
10145311	1
26866241	1
1854317	1
31386309	1
2921825	1
316929	1
9756518	1
6722148	1
10853635	1
888834	1
3704725	1
101743	1
706881	1
7990	1
2087909	1
194731	1
42295990	1
3381997	1
64878	1
2609612	1
700608	1
1786738	1
21218880	1
102538	1
1121207	1
7385957	1
42158125	1
15653863	1
2166955	1
1611445	1
147782	1
38489388	1
41501	1
3842655	1
409593	1
30680	1
21581123	1
21543926	1
290176	1
1106460	1
2472862	1
11580590	1
12228019	1
55837	1
30726674	1
6392374	1
475004	1
524098	1
464040	1
914050	1
18935732	1
32692947	1
3906764	1
4857129	1
360833	1
432610	1
5480397	1
264782	1
19997507	1
259165	1
6165040	1
6639361	1
775006	1
2780385	1
12680673	1
152623	1
5631481	1
1890505	1
1504778	1
1499655	1
853463	1
23737998	1
30833470	1
1377417	1
972202	1
5281188	1
702782	1
3737638	1
9480632	1
1679901	1
184736	1
1549984	1
42361	1
5884736	1
15349915	1
1970375	1
31978	1
34309697	1
159846	1
42542153	1
26131	1
17263482	1
2010702	1
1493572	1
22642703	1
12942531	1
1493332	1
34585407	1
38102257	1
37605	1
1194146	1
471981	1
1122562	1
3780225	1
406245	1
1476942	1
311659	1
16817211	1
1965685	1
11126731	1
7453833	1
21857	1
396952	1
1493437	1
204157	1
23267772	1
3047625	1
23450380	1
14872580	1
898017	1
80770	1
1007137	1
2965053	1
18855594	1
11954274	1
1001928	1
50100	1
9929744	1
6906060	1
386792	1
32186037	1
2425538	1
449366	1
31989069	1
12505972	1
193901	1
5425558	1
38714359	1
9282	1
33536	1
42822062	1
20990504	1
35443033	1
109924	1
1714881	1
10559845	1
668715	1
1522519	1
1018276	1
151848	1
5399622	1
878801	1
666949	1
20885885	1
44090529	1
838798	1
638332	1
229854	1
398356	1
18950713	1
207676	1
1965432	1
2012072	1
1046535	1
30872421	1
17649732	1
4901798	1
525494	1
1429223	1
42201547	1
6634560	1
29423149	1
643886	1
2612794	1
5352248	1
10944032	1
1552614	1
672911	1
1441570	1
1784634	1
820638	1
3135294	1
2815112	1
1103513	1
179459	1
8889088	1
2093729	1
13876139	1
345663	1
70727	1
768942	1
1400838	1
5000909	1
1049010	1
869316	1
570456	1
2793802	1
1376694	1
1897847	1
2985470	1
148956	1
1950	1
1895563	1
2071855	1
2069172	1
908173	1
2598046	1
552808	1
154143	1
177181	1
908204	1
6689554	1
908187	1
182812	1
30423357	1
20268	1
360283	1
2826751	1
636310	1
9654898	1
4749651	1
5126846	1
1083870	1
2076321	1
4881604	1
1988425	1
27326854	1
1735841	1
1243554	1
474172	1
26942775	1
498635	1
303851	1
38871977	1
167897	1
14595319	1
2553328	1
27830333	1
27442962	1
429910	1
1652650	1
22558384	1
259807	1
7459844	1
759519	1
18459776	1
26938635	1
23741530	1
538451	1
7818	1
309754	1
5855821	1
10147369	1
42253	1
34513937	1
25529	1
10184	1
171383	1
18998750	1
1493722	1
10582991	1
359551	1
4478305	1
1417398	1
6741445	1
47778516	1
1176619	1
3240530	1
26322756	1
262293	1
1400786	1
947341	1
185653	1
53889	1
501202	1
20994368	1
8802070	1
173070	1
192920	1
2498967	1
24131	1
33350220	1
960078	1
1298716	1
1499197	1
30791010	1
3980806	1
34131779	1
577444	1
32847482	1
545978	1
33873355	1
3927666	1
7976403	1
18168308	1
4506473	1
20028940	1
550623	1
101921	1
15146475	1
5027882	1
28575496	1
957233	1
2399003	1
1228289	1
20781999	1
1462668	1
221737	1
17011873	1
2897493	1
522780	1
193034	1
1081242	1
287679	1
371299	1
1065846	1
105070	1
38836545	1
10611879	1
16917	1
336613	1
3092287	1
17765549	1
25361474	0
13844205	0
3347987	0
2931047	0
15864132	0
9244575	0
30253207	0
12658204	0
46255927	0
2799016	0
583021	0
20580938	0
4822459	0
17800587	0
1705774	0
35771405	0
108784	0
2088047	0
1652434	0
19075074	0
3254833	0
25579568	0
362160	0
4047668	0
2868250	0
6936904	0
9914754	0
26223236	0
19344583	0
4761984	0
4631481	0
22963163	0
428773	0
5943198	0
6505541	0
35402219	0
22394262	0
15017320	0
98917	0
4002397	0
36672724	0
35250791	0
3155600	0
5789756	0
10619449	0
18471381	0
15627212	0
1806296	0
13257607	0
34005646	0
7148968	0
6262896	0
22327731	0
337743	0
1093698	0
22665429	0
32661	0
3930177	0
40596438	0
25894864	0
48303819	0
2523252	0
25710932	0
1259785	0
1567641	0
2703353	0
25154325	0
21522584	0
14385751	0
6433980	0
1745221	0
11787774	0
35271670	0
583762	0
48617308	0
20600483	0
25161880	0
35022125	0
16655899	0
14497978	0
18676904	0
28803747	0
6774541	0
1647702	0
135033	0
994924	0
10967302	0
30038554	0
25881530	0
3827266	0
27482917	0
3635151	0
1222207	0
34374924	0
42438741	0
38080305	0
5511322	0
4841188	0
27490450	0
22959338	0
31861	0
4547394	0
9631205	0
17655211	0
9332424	0
38039815	0
528723	0
36407163	0
9516257	0
1370085	0
21603939	0
8120075	0
2635999	0
8722749	0
38997695	0
327285	0
2011605	0
17306691	0
6430472	0
1849559	0
4632951	0
7670703	0
12188077	0
1494822	0
26321560	0
126146	0
4371221	0
455096	0
37885603	0
2909765	0
15711974	0
6408059	0
1585163	0
18069	0
12645771	0
27521956	0
18488345	0
32505125	0
34586983	0
22867840	0
9289652	0
17452582	0
860648	0
697107	0
10810865	0
1201904	0
18434005	0
2713627	0
2143079	0
22476760	0
6805505	0
41519461	0
33130397	0
11091301	0
35899340	0
32782348	0
9888730	0
42449396	0
2356532	0
39367951	0
1623500	0
12167910	0
20075093	0
328202	0
118546	0
2897522	0
41277738	0
46571530	0
178569	0
21297575	0
8352078	0
422805	0
13967752	0
9636368	0
3881963	0
23583438	0
891587	0
38643934	0
17353423	0
7353362	0
12157133	0
14998400	0
12559234	0
2278569	0
22305285	0
29203311	0
3306103	0
26803349	0
447862	0
501990	0
27113332	0
47051885	0
13686680	0
156593	0
16049507	0
6625865	0
11956460	0
11578925	0
14273235	0
10371707	0
4166029	0
10634909	0
1742619	0
958579	0
21652468	0
13363110	0
760284	0
2154055	0
28081837	0
25483276	0
28287028	0
15299147	0
26182638	0
27900124	0
586680	0
13288448	0
19473064	0
2021371	0
24206582	0
20532575	0
22820967	0
24412155	0
37312701	0
3058148	0
7814366	0
2055923	0
2414125	0
21763933	0
37307944	0
20679831	0
3895789	0
38390763	0
25278918	0
10965915	0
25379249	0
15605626	0
30980953	0
11049604	0
10488133	0
18148671	0
9632670	0
30556192	0
4045554	0
25644432	0
32707812	0
7085089	0
10220863	0
36732440	0
1060819	0
25881704	0
36955795	0
952923	0
47802545	0
36902453	0
17754248	0
109282	0
36647355	0
879646	0
12822896	0
11032409	0
2182145	0
26904160	0
334683	0
48533620	0
2295035	0
15317844	0
11733815	0
564079	0
13290029	0
8280876	0
993742	0
4199352	0
1289464	0
33583830	0
26562534	0
4507742	0
42744692	0
12859539	0
6233079	0
525804	0
12556757	0
5010024	0
10573217	0
45009287	0
19834938	0
16234649	0
37518156	0
12598033	0
2991333	0
23879199	0
48836061	0
7395109	0
43553878	0
8642	0
7980462	0
2434660	0
512786	0
4586062	0
40742689	0
33192498	0
2612096	0
18292923	0
36217957	0
4786243	0
1882919	0
637145	0
23518401	0
11560755	0
32077584	0
14756540	0
35074381	0
44164183	0
6184892	0
369470	0
41034105	0
302254	0
27240033	0
2807412	0
132376	0
40898123	0
2759959	0
21321778	0
4634471	0
9523341	0
336315	0
2279610	0
250835	0
5207556	0
40773554	0
21576127	0
10496383	0
23714713	0
32281900	0
5337020	0
29860042	0
1980563	0
6454109	0
2209949	0
14915173	0
8138171	0
6826075	0
2680141	0
5480308	0
40076811	0
29187590	0
134745	0
18839058	0
5231271	0
24586428	0
2060822	0
23793517	0
1635132	0
4286445	0
15822407	0
12664014	0
1220391	0
2668736	0
557603	0
14929916	0
12852251	0
34536741	0
9012588	0
2863860	0
11231446	0
1213678	0
1841960	0
11308881	0
54663	0
1113207	0
476361	0
15834188	0
42779673	0
15611288	0
11962596	0
25946507	0
653468	0
17583704	0
395538	0
407004	0
22243814	0
10739738	0
8729746	0
19910834	0
27172815	0
30865100	0
7816501	0
16455201	0
1879567	0
28006226	0
5625545	0
30254785	0
25786960	0
1729997	0
178928	0
848952	0
4004113	0
35576129	0
7632374	0
447585	0
2645465	0
5152061	0
28223864	0
17518237	0
17161374	0
24284799	0
23581778	0
19476988	0
5437924	0
1973837	0
13380690	0
28168331	0
25793981	0
20090142	0
15620572	0
108689	0
15257499	0
508111	0
15683218	0
9542965	0
31129488	0
9833167	0
26161100	0
3131729	0
4426773	0
4466907	0
131389	0
33914941	0
21515418	0
2149808	0
7753430	0
31886968	0
8211853	0
19917292	0
28435009	0
24882493	0
12427352	0
48723580	0
34926937	0
18657727	0
30324285	0
17262701	0
14091649	0
21774220	0
18752276	0
45338	0
26325082	0
30682356	0
948543	0
5242366	0
237214	0
11381300	0
20195658	0
79238	0
33567019	0
34779786	0
2662239	0
31143927	0
6814199	0
5284310	0
13229874	0
4280224	0
30244538	0
2684597	0
116374	0
17350429	0
4314199	0
140146	0
19615813	0
10037762	0
24034500	0
11182035	0
12954739	0
40362766	0
20762797	0
23394209	0
4325214	0
762604	0
11681286	0
29082218	0
1469841	0
13188120	0
9004987	0
9847402	0
10006216	0
21424979	0
5378644	0
3943300	0
77393	0
149460	0
6707704	0
10334975	0
12941405	0
44394641	0
35822704	0
2211622	0
13990105	0
12788575	0
4329056	0
684027	0
12354719	0
