4741	1
13349200	1
39411344	1
2756581	1
4263518	1
17484581	1
14155943	1
31107316	1
351227	1
4715698	1
35866319	1
768328	1
1312353	1
485811	1
1279532	1
42548102	1
2216051	1
24984175	1
551678	1
11057153	1
433798	1
2401140	1
47865342	1
790288	1
5847159	1
1427751	1
826250	1
662394	1
126089	1
7239282	1
52023	1
31430971	1
18786171	1
2842975	1
80562	1
1493437	1
11495996	1
19595070	1
885403	1
1729397	1
203670	1
2385877	1
3891115	1
1513583	1
15903201	1
21868228	1
2877574	1
7526441	1
4577290	1
11796002	1
1572901	1
115346	1
1521675	1
7643463	1
799790	1
27260589	1
11226853	1
3931913	1
2898752	1
1834136	1
8574275	1
3052812	1
2286	1
6167317	1
2770552	1
2879430	1
714694	1
21713	1
297534	1
7496514	1
23352332	1
2458351	1
2278242	1
15251232	1
22349	1
556915	1
32282952	1
3636058	1
30846779	1
2196616	1
21063938	1
425614	1
1197893	1
2452196	1
597264	1
13048271	1
30859182	1
2625235	1
184779	1
4454192	1
29432500	1
5488050	1
3609974	1
1688798	1
5101439	1
20419901	1
9167938	1
13661977	1
1300409	1
2299083	1
3957853	1
22620252	1
156068	1
2307667	1
674386	1
6257394	1
16711097	1
2555445	1
1397929	1
10001199	1
26742365	1
22732434	1
1715880	1
19159399	1
33339449	1
351724	1
4658357	1
6311153	1
157360	1
1348068	1
21553778	1
13351670	1
39803	1
533555	1
33352297	1
28754266	1
1299895	1
25956178	1
40144904	1
9901067	1
81238	1
149239	1
538455	1
3070332	1
69297	1
15980	1
17654013	1
16069	1
806090	1
1076315	1
889476	1
30637708	1
144155	1
22106852	1
1932162	1
1086501	1
13070456	1
252546	1
1876303	1
84505	1
4956552	1
7370276	1
24510496	1
24401965	1
6534613	1
9693402	1
24900445	1
3413811	1
20549841	1
803715	1
1916665	1
409757	1
26191211	1
3110207	1
188278	1
3618432	1
1865555	1
1760097	1
8471247	1
31641827	1
2980559	1
438921	1
214901	1
354393	1
17529265	1
5849353	1
23410050	1
26154172	1
56667	1
3432431	1
665210	1
255915	1
186878	1
272717	1
20853680	1
5478	1
12637930	1
1898178	1
23999057	1
30876909	1
5580490	1
1348370	1
1435302	1
37649016	1
224686	1
1160164	1
8070540	1
23042060	1
19006552	1
263471	1
2070091	1
760921	1
24297329	1
295302	1
2609991	1
4410972	1
15387900	1
17197584	1
21406748	1
6140451	1
6069615	1
11848314	1
7210109	1
5848119	1
5085039	1
3180619	1
74856	1
16772	1
4705172	1
30856454	1
15350652	1
153039	1
41784654	1
5986369	1
45261424	1
30739508	1
104960	1
12057677	1
30951480	1
32159320	1
384118	1
34276	1
38587888	1
13972657	1
718964	1
251212	1
571020	1
25003407	1
2173010	1
16947741	1
11319864	1
32112467	1
1890144	1
5100906	1
1885110	1
3413472	1
1973	1
1974991	1
24220655	1
1446787	1
32145486	1
3719774	1
614077	1
1165955	1
1738613	1
9299073	1
4461927	1
34037017	1
11386466	1
9649611	1
31371	1
17166	1
4438188	1
12086871	1
23371965	1
1972613	1
1640900	1
15752733	1
5545602	1
2513912	1
37049628	1
17287515	1
998058	1
1108478	1
589841	1
2342346	1
963040	1
2613024	1
14697617	1
5419803	1
3082616	1
37645014	1
2221466	1
53739	1
1436627	1
562224	1
32898593	1
40521288	1
811054	1
28017465	1
681216	1
560821	1
7787019	1
6132137	1
512798	1
864824	1
3193622	1
165288	1
33596	1
1622242	1
28291990	1
20103022	1
1585788	1
1971532	1
1652245	1
1561727	1
401673	1
883115	1
1266537	1
21489	1
34889157	1
26349729	1
17867215	1
28739528	1
245802	1
9728084	1
915439	1
20900320	1
31175275	1
11606281	1
4245753	1
2488406	1
35030490	1
9337317	1
197197	1
9804204	1
394866	1
739184	1
4865068	1
15433178	1
21533	1
7013267	1
16872287	1
157109	1
441253	1
1328523	1
514860	1
7233	1
1885232	1
190909	1
2528975	1
497431	1
845640	1
31617234	1
3247249	1
8030439	1
2221150	1
762602	1
37468675	1
5414860	1
20692917	1
25391566	1
13835140	1
43316836	1
27063742	1
634298	1
5993673	1
508630	1
17137370	1
37574369	1
6533285	1
46209	1
28352686	1
746805	1
20441427	1
11945601	1
22610827	1
440244	1
17229843	1
4053357	1
8661812	1
396831	1
157743	1
294297	1
30807309	1
449687	1
7900510	1
4097	1
1792297	1
2425	1
1855892	1
23914088	1
377433	1
12668040	1
16396774	1
11354449	1
15611300	1
13136168	1
32222128	1
5060504	1
768360	1
33604711	1
6530532	1
42497715	1
18161546	1
285013	1
1845955	1
1201522	1
9173100	1
31268	1
4059721	1
3968334	1
14565419	1
6005279	1
527861	1
2607320	1
25977139	1
1067633	1
2026802	1
568808	1
49251	1
3772	1
1013784	1
3603958	1
6082436	1
48721540	1
34920631	1
29430275	1
19227020	1
21745500	1
2597550	1
9649764	1
967359	1
660294	1
8528188	1
25961314	1
34144676	1
3381069	1
1968876	1
31623	1
20375732	1
7468150	1
5623185	1
28829082	1
1747567	1
393905	1
8194301	1
1221240	1
20067659	1
23278974	1
1686395	1
652050	1
21188542	1
1939484	1
1074	1
1648911	1
1954680	1
240546	1
2826719	1
6107587	1
16746	1
6531999	1
3065577	1
33257607	1
6750965	1
843566	1
31847035	1
6232165	1
201590	1
423398	1
26885217	1
13471211	1
7102345	1
45274332	1
9541367	1
20976721	1
858519	1
3103296	1
1576	1
23307580	1
40613718	1
1555547	1
3105538	1
167389	1
33784030	1
522634	1
752301	1
584845	1
40246693	1
2255884	1
25184268	1
3174773	1
6016273	1
43517689	1
43377931	1
5866485	1
14439330	1
411372	1
6104770	1
50784	1
27619704	1
42256296	1
1173061	1
10727847	1
2528322	1
36223960	1
60117	1
7120556	1
847210	1
57600	1
11391448	0
109854	0
1910616	0
5855824	0
16881622	0
4107840	0
298309	0
14352274	0
678064	0
598640	0
48500751	0
497754	0
3492006	0
24627292	0
48611784	0
14925625	0
2633724	0
37369416	0
2059281	0
14816845	0
12572175	0
24339209	0
151019	0
34132359	0
32818252	0
33467949	0
17389328	0
307654	0
39088015	0
4301860	0
35189557	0
1738180	0
3060585	0
3017621	0
30872581	0
22615263	0
6996358	0
302456	0
28804522	0
259678	0
3629453	0
6718823	0
4910568	0
7423661	0
16189671	0
33129134	0
36050186	0
3819609	0
906209	0
26069986	0
2934144	0
322876	0
1203627	0
6473305	0
8106493	0
644017	0
25226723	0
2873527	0
15917791	0
23253742	0
9518371	0
36205588	0
2142912	0
96765	0
35685738	0
5046943	0
33065394	0
2916252	0
35590415	0
1332365	0
2944913	0
3909317	0
1245923	0
9524908	0
42786196	0
18915721	0
2956963	0
9636597	0
2598206	0
48614686	0
1041429	0
216970	0
763372	0
19652834	0
811602	0
601540	0
164602	0
41692287	0
11960457	0
17265308	0
1419193	0
35920782	0
70969	0
3731820	0
1766086	0
23587978	0
11835602	0
37178802	0
39826044	0
2615497	0
116715	0
20338418	0
39311917	0
21599055	0
1430913	0
1515187	0
10867543	0
1018066	0
22162546	0
6261816	0
9417535	0
26238751	0
17521122	0
30796019	0
13774773	0
13551383	0
37093346	0
29115288	0
2919415	0
1049011	0
11251892	0
5308747	0
2068621	0
4708458	0
2298082	0
19591372	0
2906651	0
5762579	0
480122	0
2203491	0
43612894	0
3598480	0
10295627	0
3558065	0
673244	0
32581882	0
5338901	0
34979632	0
39613642	0
14139368	0
4116347	0
4440385	0
16556083	0
27509649	0
13113819	0
13621335	0
1300252	0
416820	0
451695	0
42212714	0
45717756	0
1037941	0
33158191	0
9472639	0
4038121	0
25428827	0
6169399	0
1079994	0
29446493	0
24985166	0
45222	0
33431513	0
23531735	0
782360	0
6130935	0
13290048	0
20853290	0
1189311	0
139311	0
601263	0
2072466	0
42244503	0
36066679	0
1642849	0
8894002	0
1838190	0
305157	0
7701302	0
2074411	0
11918680	0
25794189	0
27314759	0
10442252	0
25971518	0
5026356	0
603558	0
16717205	0
3189551	0
25501251	0
43577069	0
441501	0
15483854	0
14951756	0
604267	0
15144727	0
1852706	0
24500106	0
1605525	0
2104488	0
125721	0
22511357	0
31331514	0
34204756	0
11198272	0
25212154	0
2598440	0
2475	0
25304799	0
3907844	0
1049665	0
39047000	0
1014986	0
1584036	0
13992318	0
341350	0
797420	0
5727850	0
8816777	0
640658	0
8135780	0
5514189	0
1182187	0
5302306	0
727085	0
6504173	0
26033555	0
10813291	0
871870	0
29154311	0
20654386	0
32767	0
24225995	0
1018994	0
429060	0
448564	0
33188259	0
410647	0
12412394	0
3384861	0
1867700	0
156681	0
13138166	0
2576516	0
1658229	0
345516	0
352989	0
2478326	0
11994125	0
18164604	0
21479037	0
7124547	0
36562595	0
33204441	0
8256202	0
200680	0
3895055	0
666954	0
34743233	0
37656132	0
772964	0
1236496	0
16364591	0
2619524	0
35246430	0
12807604	0
7444914	0
115829	0
799208	0
5089601	0
11578356	0
5690627	0
6911265	0
277858	0
16235596	0
12450463	0
833850	0
9497887	0
1548306	0
1677653	0
12454070	0
22695089	0
37495498	0
9606706	0
24756631	0
15113047	0
8852656	0
19408822	0
1396624	0
649667	0
14181770	0
27546569	0
12689940	0
1271754	0
23684300	0
29424583	0
17837605	0
5955349	0
1748912	0
1634577	0
32018562	0
6307530	0
3653890	0
1978962	0
3703666	0
526975	0
6448317	0
2273418	0
22757515	0
45401221	0
17143617	0
42606944	0
5897295	0
32176911	0
12191182	0
7017786	0
41430281	0
4046808	0
1935029	0
34965837	0
4818304	0
883723	0
28888371	0
6180602	0
45826224	0
21353963	0
43645637	0
41291918	0
35459623	0
3240994	0
21677120	0
21525923	0
15308657	0
9952504	0
35205775	0
2390217	0
8799452	0
122343	0
1511873	0
37960516	0
2516874	0
4581330	0
28132200	0
28105313	0
23518764	0
31806035	0
2394663	0
7511862	0
915700	0
36388907	0
17244634	0
10159655	0
20840615	0
43194746	0
11425445	0
4195509	0
972203	0
5946987	0
7264542	0
1636008	0
22950123	0
125624	0
1137333	0
3291401	0
7853960	0
2195027	0
37838784	0
5185845	0
1749195	0
4970835	0
6588105	0
45410678	0
940955	0
19131373	0
1530833	0
513452	0
24157790	0
13122335	0
8049835	0
412062	0
28014762	0
39382753	0
4127798	0
8431437	0
763257	0
2235259	0
2329340	0
6063101	0
35939811	0
36401445	0
5725374	0
430186	0
93048	0
32093482	0
118334	0
24332409	0
8115356	0
3288958	0
10831021	0
3809016	0
107439	0
29390146	0
43426666	0
5576322	0
952282	0
30548361	0
18116530	0
4339018	0
4420375	0
41405337	0
1448527	0
21608093	0
3846727	0
12358920	0
11278468	0
3180605	0
1718488	0
13959039	0
2485952	0
5016359	0
26270064	0
18985336	0
3218991	0
881312	0
41051443	0
6034632	0
5744126	0
36188139	0
23558826	0
28570524	0
3311274	0
6048381	0
47338296	0
15639197	0
26622997	0
21896302	0
35389303	0
42255334	0
360301	0
43331030	0
523686	0
1745443	0
22201335	0
25051893	0
4631699	0
38840569	0
14772947	0
3991113	0
700115	0
23529727	0
3349834	0
3450385	0
5940533	0
7358890	0
3817400	0
7761809	0
2880933	0
22140972	0
27567474	0
11797883	0
34614961	0
31238324	0
9107921	0
11260	0
10770	0
6828349	0
2024476	0
4516226	0
42566635	0
1170649	0
11536632	0
12518695	0
18117863	0
42005247	0
7050198	0
28799500	0
9171478	0
37437298	0
287873	0
23773310	0
10958701	0
1522768	0
43845714	0
29200545	0
32654748	0
821931	0
36244335	0
12778884	0
1468069	0
133341	0
11376495	0
36850822	0
28132281	0
8460679	0
3248106	0
34943558	0
24450337	0
3502745	0
4905658	0
2714395	0
35901971	0
