25544633	1
15028486	1
12477684	1
713647	1
49407718	1
13988077	1
43105011	1
12679778	1
141265	1
21386257	1
477427	1
89483	1
6253845	1
11868864	1
7920115	1
1792254	1
75245	1
16721283	1
38289801	1
4253132	1
36415866	1
5408	1
481600	1
18022153	1
259753	1
3927738	1
13021769	1
627678	1
11217330	1
5537633	1
4394402	1
902802	1
435805	1
2003440	1
885103	1
12161080	1
413204	1
24148790	1
1211545	1
471545	1
6085455	1
1286918	1
6094794	1
15110809	1
4868774	1
16924180	1
447293	1
5522545	1
25487973	1
6031783	1
20889480	1
4911548	1
2672971	1
19019017	1
11717802	1
4849829	1
611959	1
8972869	1
7004441	1
489123	1
16676181	1
2244090	1
6769448	1
4545855	1
17889785	1
11211675	1
23676652	1
15171411	1
10665497	1
921080	1
38925574	1
1662594	1
5937965	1
10824721	1
9391172	1
2086125	1
345619	1
262321	1
8688254	1
15923707	1
10783451	1
2380898	1
36808	1
2356879	1
89548	1
7073652	1
2103048	1
4374200	1
43416923	1
33809982	1
1800956	1
10601861	1
9032560	1
10899271	1
260786	1
6336029	1
91682	1
7839592	1
14882394	1
4155828	1
19903555	1
91943	1
17343967	1
23126658	1
5504541	1
21021458	1
6184439	1
8321195	1
8209764	1
8888806	1
2887437	1
11837151	1
16304842	1
27658549	1
15866516	1
3349834	1
6786544	1
499132	1
13056851	1
232175	1
2010967	1
5202910	1
498158	1
14304524	1
12524553	1
21051217	1
25789078	1
7412772	1
80790	1
3360231	1
5761424	1
13696019	1
16207254	1
23532708	1
259991	1
509692	1
14010602	1
5886642	1
5049744	1
34461509	1
10232818	1
25158641	1
2154095	1
25498813	1
15110558	1
36910125	1
4966075	1
11551604	1
681554	1
1005803	1
6769147	1
910004	1
20033130	1
679052	1
2240577	1
9632	1
92427	1
6818	1
108038	1
4925681	1
21950977	1
23473398	1
6805292	1
5001816	1
5731259	1
20557517	1
725459	1
11227981	1
2656534	1
13329433	1
1788741	1
14166724	1
711140	1
23252441	1
8897652	1
7991188	1
107813	1
902692	1
5830059	1
872972	1
2397298	1
752027	1
7424489	1
6334151	1
37419993	1
12508484	1
4742989	1
9471947	1
3136974	1
12501876	1
4507885	1
3602781	1
202899	1
1526552	1
1488277	1
6052889	1
5670375	1
6252531	1
101364	1
5993408	1
6156578	1
18519976	1
10506045	1
16315202	1
3648383	1
8525599	1
51822	1
20454661	1
37441613	1
1046230	1
21834449	1
1467041	1
646800	1
96234	1
48184871	1
95612	1
1533302	1
10446358	1
6597205	1
709467	1
117257	1
888835	1
93340	1
25691135	1
636919	1
25140	1
12645375	1
1531611	1
3612932	1
594142	1
4608704	1
5120318	1
1685460	1
512032	1
341087	1
5137392	1
4262986	1
46251119	1
23578585	1
2925176	1
626345	1
888911	1
11496191	1
8306564	1
4196112	1
5863305	1
758617	1
15674614	1
5888098	1
7057312	1
104984	1
10269058	1
235325	1
34606547	1
58465	1
3898177	1
30864738	1
38955406	1
1042626	1
35277277	1
7540134	1
1339842	1
108281	1
1627361	1
12753835	1
7534043	1
5624435	1
12055514	1
6032737	1
13947191	1
2125547	1
7791769	1
116704	1
31543776	1
903086	1
43005	1
429716	1
889233	1
4118084	1
716613	1
17660328	1
4295611	1
34016857	1
5133244	1
8087144	1
1923600	1
187548	1
759048	1
2852373	1
354286	1
7270558	1
10614181	1
904701	1
234275	1
429768	1
7367659	1
5044162	1
12009813	1
1553189	1
12927668	1
1129773	1
763868	1
743708	1
4057850	1
4330783	1
429801	1
9958877	1
6165628	1
9002157	1
4573359	1
93076	1
2191673	1
18267132	1
1496271	1
12823760	1
31938114	1
3536130	1
1162701	1
19937	1
4447076	1
10328578	1
6076131	1
2161307	1
19636141	1
42094020	1
28105143	1
504929	1
1155616	1
88879	1
5092306	1
8055366	1
16722336	1
4713156	1
130971	1
15030688	1
874179	1
12558343	1
3732184	1
16674546	1
708358	1
183146	1
36627834	1
214214	1
13553004	1
716911	1
25785714	1
4753410	1
3213675	1
1897210	1
23469163	1
69163	1
31352197	1
4457908	1
6186709	1
6831067	1
3841705	1
2274234	1
22398962	1
6597086	1
247587	1
72467	1
903263	1
35580411	1
6437330	1
1113295	1
710060	1
108122	1
16549198	1
101368	1
6953968	1
24315185	1
15404855	1
472333	1
4717009	1
52389	1
3360667	1
41035208	1
30020016	1
6077421	1
13949871	1
12972207	1
950800	1
8104983	1
2300948	1
47813254	1
924131	1
247748	1
89533	1
6343314	1
2411077	1
6520984	1
20952811	1
1563377	1
25552075	1
3230678	1
12597438	1
21021205	1
7023837	1
2597066	1
1117429	1
215563	1
16462312	1
903153	1
13143124	1
2393337	1
888927	1
2473647	1
5627062	1
110759	1
10525389	1
2221462	1
11041290	1
1749941	1
21866332	1
19351207	1
13859269	1
17116060	1
902431	1
158338	1
38050500	1
233549	1
4448935	1
12508167	1
95116	1
30864785	1
507411	1
2852787	1
2736896	1
888880	1
3236675	1
5527966	1
9048463	1
13430926	1
2261586	1
902746	1
662318	1
4548642	1
9834922	1
349227	1
6959510	1
50807	1
7088319	1
13743747	1
6030993	1
2588747	1
1619363	1
669919	1
7597048	1
12525625	1
779777	1
23797438	1
23584527	1
3653101	1
99842	1
902700	1
31817997	1
888745	1
1184099	1
19289436	1
12477425	1
30862528	1
1522338	1
6044957	1
5872676	1
18482858	1
7562834	1
2276035	1
223924	1
1642592	1
2961180	1
4438251	1
6082300	1
6641183	1
3458706	1
16355725	1
16817001	1
13179471	1
37182428	1
57251	1
7124606	1
23187761	1
850460	1
367441	1
721711	1
1253541	1
6390729	1
4977707	1
3632741	1
6028791	1
12457546	1
9053295	1
1903859	1
21150578	1
12832094	1
1743727	1
95036	1
63459	1
10761953	1
16020434	1
763934	1
5224577	0
37992497	0
2013084	0
48848792	0
1307869	0
2778428	0
328481	0
8210389	0
9191901	0
12340118	0
3658100	0
25578209	0
3346809	0
39747224	0
5064368	0
31729737	0
32238193	0
6776184	0
2855094	0
664305	0
7936027	0
11683699	0
822146	0
4243023	0
46592478	0
36838578	0
2853608	0
5088382	0
15059376	0
24490727	0
10996505	0
12222702	0
13737447	0
33580272	0
1232564	0
36232845	0
2281710	0
16586819	0
107716	0
10384220	0
5977382	0
10392290	0
15331382	0
4385123	0
203048	0
715792	0
307139	0
26285482	0
40799574	0
1918835	0
5070772	0
18698492	0
17964550	0
38506232	0
8070151	0
31323078	0
31575804	0
8454016	0
37749181	0
2612210	0
15270555	0
9369637	0
5749478	0
2636254	0
5200782	0
8095843	0
26383322	0
9709038	0
7116190	0
36891173	0
17696372	0
6599787	0
24041808	0
2153119	0
3296094	0
2635744	0
38606221	0
5850684	0
5334534	0
6844555	0
129807	0
21821812	0
38173026	0
44532982	0
35657031	0
11160658	0
2972359	0
29448776	0
39533806	0
7313036	0
37621221	0
26679155	0
38105043	0
626914	0
861410	0
1235386	0
192280	0
30811736	0
40271139	0
15541969	0
18314085	0
17101709	0
741939	0
41948991	0
1270302	0
29769598	0
1625048	0
2098125	0
4272767	0
1890999	0
30422614	0
47546863	0
178371	0
21077973	0
8707053	0
7942260	0
1670446	0
2205238	0
36861575	0
13861005	0
26083149	0
8704549	0
26876540	0
150831	0
9857629	0
25689691	0
43066184	0
10667063	0
4741757	0
5519593	0
22126504	0
18129644	0
4793195	0
39202124	0
4932504	0
12712771	0
13625828	0
5679802	0
1368479	0
12953189	0
10130013	0
93116	0
9091259	0
12758166	0
9308216	0
48667060	0
3886936	0
1551219	0
21434049	0
39013924	0
26152886	0
5305015	0
4031	0
37421196	0
33162826	0
626353	0
2367838	0
738351	0
8353198	0
5211984	0
32473970	0
17913002	0
17812734	0
7866536	0
133472	0
35025000	0
23546179	0
27196001	0
35048146	0
46408645	0
8003692	0
240407	0
38808352	0
22131548	0
14465915	0
29346009	0
28463749	0
4786525	0
25472420	0
8883427	0
31633519	0
8144681	0
5935169	0
1088505	0
4860484	0
47289356	0
5666097	0
38484696	0
1465071	0
2289978	0
11865052	0
10210073	0
5103900	0
3217927	0
30889011	0
8422168	0
2482393	0
13636963	0
5022111	0
29511762	0
8349247	0
527246	0
5300095	0
18661843	0
34123107	0
6702230	0
6723757	0
17076429	0
362726	0
854407	0
16142406	0
33091867	0
4761221	0
16710952	0
1517541	0
41470580	0
1300081	0
2843775	0
6020	0
41634464	0
2251669	0
9424626	0
13779302	0
8111118	0
13713818	0
2088101	0
7006008	0
32505251	0
18416105	0
26308019	0
9491606	0
736614	0
3636462	0
8278176	0
144930	0
24592826	0
1727530	0
478029	0
3653369	0
42122314	0
30073391	0
32517444	0
7572	0
3546854	0
33313753	0
364879	0
4270540	0
5887247	0
2549499	0
27505361	0
20130611	0
15686255	0
38892489	0
10787794	0
2972	0
20925752	0
46713686	0
313397	0
2068802	0
23817471	0
1478989	0
32677381	0
38591058	0
8568773	0
10684033	0
27867272	0
680304	0
5523980	0
19412869	0
14497978	0
35970049	0
45501441	0
2218690	0
20090997	0
4335856	0
17113612	0
34025211	0
9836363	0
94721	0
3512246	0
12872230	0
26999553	0
13750334	0
11772808	0
20110174	0
5221629	0
30315766	0
22797583	0
10080717	0
36334783	0
20333916	0
12400547	0
24472069	0
24811103	0
17443473	0
7252334	0
30770651	0
434806	0
2650018	0
49471275	0
8829658	0
31475315	0
8320721	0
7514743	0
5734130	0
9362783	0
23491225	0
10475599	0
9645095	0
29481999	0
39297883	0
14661375	0
2623324	0
7723845	0
20251462	0
31979456	0
235364	0
345757	0
1574071	0
35879705	0
32982779	0
21982081	0
5155568	0
10986762	0
920181	0
2447055	0
5703125	0
3329371	0
28023761	0
7762486	0
315502	0
21611687	0
40845370	0
692374	0
32465172	0
39982781	0
27987178	0
3426975	0
17796063	0
10681285	0
2360530	0
16897120	0
5322963	0
27292537	0
30279684	0
3552709	0
34630340	0
5800133	0
38824275	0
39830836	0
40156614	0
1561202	0
5790740	0
3261101	0
14639009	0
27397023	0
9834906	0
15568302	0
1366207	0
10116972	0
18194335	0
110516	0
13328446	0
7338124	0
11135822	0
3743915	0
1421183	0
31471737	0
1345813	0
11039972	0
2566186	0
41337446	0
9485388	0
16951760	0
3009162	0
205718	0
489288	0
5804553	0
25547352	0
1571314	0
30816196	0
28755296	0
13275737	0
2096887	0
632073	0
17422873	0
14066852	0
48620247	0
245593	0
2699762	0
288552	0
5688478	0
28970325	0
14672442	0
30861540	0
1696920	0
8078784	0
302422	0
15859439	0
10857826	0
18797960	0
4156803	0
2445000	0
317370	0
11011083	0
2033124	0
2172790	0
32158392	0
12177704	0
3117480	0
5010824	0
7902709	0
826133	0
21551933	0
4691427	0
5122383	0
22360278	0
5131549	0
13235171	0
1920326	0
41543729	0
13958067	0
20796461	0
2461317	0
35011902	0
23341730	0
1630055	0
550016	0
2108624	0
1934977	0
19313259	0
4425635	0
1269227	0
3842974	0
1825085	0
36520345	0
8224366	0
23280863	0
22064932	0
4115859	0
30645389	0
9873389	0
12323981	0
203501	0
48053246	0
24402360	0
656525	0
8452743	0
129045	0
3368492	0
1716671	0
12558654	0
11744039	0
1577834	0
25234084	0
14673652	0
2794528	0
9529671	0
10241150	0
5284656	0
4232191	0
11200651	0
121411	0
35908359	0
40544622	0
9786072	0
4076466	0
19819766	0
5862520	0
22361532	0
42383836	0
12363091	0
1203562	0
5597700	0
11828358	0
5523345	0
2259493	0
7684249	0
7818396	0
7957753	0
30547906	0
3095086	0
6933756	0
5101225	0
1809738	0
7332868	0
396517	0
34257229	0
942452	0
28299423	0
43598863	0
6552599	0
39204848	0
4752573	0
35667236	0
116078	0
36586909	0
1724500	0
23448222	0
5902278	0
