6968683	1
2225011	1
672599	1
9131785	1
104591	1
249509	1
1705059	1
1922917	1
67306	1
9560337	1
10529875	1
4502793	1
746559	1
3385668	1
4255743	1
17638372	1
140551	1
1735776	1
5699953	1
2051328	1
1133365	1
116041	1
8156416	1
135484	1
214764	1
10688139	1
29876515	1
1642691	1
3710818	1
2870428	1
916149	1
3059043	1
77783	1
1642838	1
1114226	1
177183	1
118285	1
392367	1
2764684	1
1646368	1
1242364	1
27500291	1
1021715	1
2770109	1
986873	1
5283465	1
55999	1
6958899	1
1502187	1
12153376	1
19221315	1
18207276	1
439282	1
1474478	1
9976273	1
1004821	1
6133204	1
369685	1
608623	1
467295	1
35634407	1
10367576	1
1248033	1
23682	1
36575616	1
981241	1
1074424	1
13602108	1
3488617	1
10170302	1
42116	1
27952413	1
15447248	1
20737563	1
3733914	1
2255655	1
625316	1
12132071	1
7035154	1
3868301	1
1226476	1
640665	1
1376598	1
4723402	1
37621183	1
20801854	1
2851870	1
42671804	1
1176763	1
1428793	1
5298454	1
21757	1
1223354	1
19179331	1
12356979	1
14509337	1
9090840	1
402607	1
33428510	1
30594665	1
22228191	1
21273085	1
896998	1
3090314	1
1571042	1
1811858	1
91217	1
7493486	1
644559	1
410165	1
2341508	1
759681	1
1642580	1
3948045	1
23533163	1
1550562	1
116696	1
1796689	1
960364	1
1613034	1
24471	1
2484667	1
1876793	1
9576367	1
4947860	1
494023	1
3937155	1
505854	1
34100985	1
108766	1
30623275	1
3556008	1
16903313	1
2583076	1
12879808	1
2395211	1
347721	1
2226159	1
3274549	1
314855	1
4812756	1
6336741	1
6871604	1
1326371	1
28367745	1
862530	1
980962	1
1025771	1
195205	1
81875	1
6447352	1
984538	1
7775517	1
2569366	1
12068443	1
17082546	1
455317	1
24485021	1
198986	1
695559	1
65453	1
340037	1
17131751	1
2001377	1
11281728	1
16173391	1
250447	1
15076606	1
947327	1
30273343	1
2321562	1
925357	1
23413946	1
1094517	1
11847044	1
23070656	1
18950003	1
157937	1
32628	1
34486819	1
2087264	1
10645309	1
2911403	1
1160467	1
4842884	1
3611328	1
3061940	1
18420389	1
5734378	1
14351203	1
10741004	1
2400734	1
155718	1
61722	1
10402956	1
84504	1
27393404	1
17990473	1
76275	1
1459629	1
150301	1
33839090	1
25957851	1
271105	1
4084129	1
3700152	1
2091356	1
25741134	1
12219898	1
12098	1
31145	1
31457768	1
1050980	1
1478759	1
2372839	1
5948263	1
6906836	1
685975	1
53113	1
18477655	1
7111125	1
453868	1
20444608	1
1807270	1
1233164	1
30201	1
13578063	1
1284745	1
43355882	1
12055122	1
22952438	1
32544655	1
823473	1
1969122	1
192584	1
5383034	1
1137936	1
2332297	1
289919	1
61822	1
6239993	1
3590085	1
16764708	1
1219206	1
9412636	1
259098	1
4922651	1
90714	1
38339436	1
14701180	1
25144536	1
57829	1
641975	1
33194292	1
6415281	1
239035	1
2207006	1
533149	1
1119765	1
240378	1
33236	1
1794945	1
26525303	1
6703898	1
596299	1
6441689	1
1514580	1
1390316	1
6131874	1
6163618	1
179284	1
1945547	1
11685	1
3432596	1
44358023	1
14244712	1
54639	1
38724925	1
741604	1
4608654	1
171630	1
1070360	1
28246199	1
9153887	1
36268255	1
3753561	1
2452026	1
4158168	1
10126201	1
26240576	1
1328942	1
34234665	1
12755580	1
2923126	1
386241	1
6212153	1
8131224	1
17228730	1
3664288	1
4526270	1
364290	1
16776821	1
1287459	1
1114328	1
1413675	1
2081060	1
576683	1
40751466	1
8259762	1
3886351	1
27567	1
19884690	1
7901015	1
449982	1
6667717	1
8272487	1
25108906	1
43600	1
1306023	1
11281055	1
23388868	1
298561	1
1175704	1
391578	1
68244	1
579584	1
31983896	1
229915	1
735516	1
1633079	1
791665	1
5438665	1
2327017	1
626785	1
3337355	1
1705611	1
751030	1
205162	1
23589826	1
8819387	1
1071774	1
343249	1
14126466	1
26448022	1
2664111	1
511347	1
345873	1
370364	1
56284	1
10528004	1
882837	1
1425676	1
26680297	1
62517	1
17231186	1
40222	1
3650628	1
759888	1
2681561	1
1002414	1
11212385	1
3635829	1
39645077	1
4514401	1
725103	1
4541484	1
530567	1
89473	1
35397113	1
9220192	1
486865	1
893027	1
22770916	1
1201767	1
40142200	1
913256	1
7971455	1
23546200	1
21114	1
4163712	1
6539473	1
1979458	1
14821624	1
250009	1
11281533	1
5289277	1
6930884	1
277049	1
8509782	1
33222873	1
887190	1
3327022	1
110437	1
11506591	1
4854157	1
3183569	1
2147350	1
12945281	1
2269141	1
774857	1
198425	1
7372162	1
32817433	1
29291405	1
17072347	1
15526	1
17839	1
620746	1
183444	1
110082	1
1354578	1
1458202	1
14434540	1
24162309	1
29413223	1
4009259	1
21266420	1
218768	1
11689139	1
4777163	1
653621	1
712897	1
53300	1
2189742	1
8654184	1
362519	1
10396025	1
36484616	1
970568	1
25743253	1
25778403	1
63438	1
21489621	1
63145	1
869163	1
1528248	1
6273713	1
2523986	1
3741274	1
29531759	1
22659514	1
616629	1
31709080	1
5630170	1
634863	1
11796332	1
11975238	1
9178237	1
156620	1
2388952	1
3679845	1
106992	1
40601687	1
2654488	1
16908657	1
640689	1
112991	1
1262631	1
650226	1
285101	1
15123509	1
2315163	1
7732167	1
1235002	1
1992196	1
242555	1
2546049	1
21953746	1
842647	1
16198630	1
41582750	1
1916931	1
3302651	1
2385152	1
16343556	1
912598	1
14565448	1
22342761	1
33793160	1
34121018	1
35097425	1
1768011	1
99504	1
926264	1
15895358	1
1530814	1
575015	1
919953	1
23792161	1
3724686	1
4336065	1
11798728	1
3386803	1
525901	1
350680	1
80674	1
356071	1
27808023	1
6779570	1
28064679	1
18825815	0
6558539	0
10691003	0
7349757	0
6359467	0
2146364	0
13016491	0
34673953	0
329008	0
683754	0
19758552	0
174051	0
892185	0
45663890	0
47276532	0
22860932	0
7136989	0
42140380	0
16792383	0
5624702	0
12244507	0
28731188	0
20672353	0
9607962	0
124040	0
24525462	0
48267611	0
158650	0
10075033	0
3925423	0
203180	0
22463775	0
2967601	0
42727579	0
2662845	0
2191910	0
5510255	0
36473326	0
11791757	0
3744670	0
22007408	0
9075979	0
33587253	0
3322239	0
8875506	0
24613371	0
9450762	0
11470268	0
152092	0
7690055	0
34269094	0
30139738	0
3011049	0
2206451	0
30000	0
35216952	0
289691	0
10678739	0
1298881	0
6796022	0
16097302	0
7755193	0
6426418	0
6753386	0
22232336	0
8550206	0
2006284	0
17356013	0
20028987	0
342067	0
8451383	0
8789887	0
12424244	0
1470145	0
19553273	0
20363160	0
5372937	0
15522364	0
31775987	0
2585235	0
900614	0
333488	0
34655428	0
16894282	0
14119247	0
17565481	0
2103222	0
6578008	0
324651	0
22056975	0
14140076	0
692953	0
9740286	0
40280689	0
330	0
9343864	0
1452540	0
10849634	0
22082227	0
18733480	0
4459242	0
38334318	0
472997	0
124105	0
22290700	0
4340293	0
1395099	0
5082709	0
8601262	0
3290717	0
31368492	0
2206988	0
3079611	0
1235352	0
1687973	0
14942409	0
136079	0
4366183	0
4877859	0
49205086	0
38075569	0
8877653	0
8607378	0
41623799	0
603677	0
22445571	0
7785028	0
26328941	0
111002	0
9510690	0
1475994	0
544413	0
1432553	0
6871345	0
9245966	0
3995750	0
19954541	0
45230567	0
43758435	0
3719901	0
2467434	0
24236199	0
4324896	0
4205209	0
5077457	0
42147739	0
22285514	0
428603	0
9924719	0
22166826	0
1427152	0
32386912	0
39345150	0
42165202	0
20952105	0
5761424	0
3879595	0
35454565	0
41957071	0
43397324	0
5359438	0
19214787	0
23031234	0
260613	0
25536891	0
1475462	0
3853210	0
48615149	0
38126614	0
8000297	0
7007086	0
8148852	0
4890459	0
4300455	0
3014738	0
2580971	0
136576	0
24368494	0
2556060	0
24218875	0
23557262	0
22789168	0
2388606	0
1179993	0
23390406	0
2868784	0
3474354	0
6204034	0
622292	0
12970779	0
8056967	0
38240343	0
478995	0
34857107	0
2580799	0
6734477	0
15627588	0
19785765	0
25916627	0
12522836	0
31778579	0
25862120	0
1102731	0
4740627	0
3448946	0
15316038	0
31323166	0
3362363	0
23809931	0
15520831	0
8247072	0
33542528	0
12244227	0
1562991	0
27561082	0
18657054	0
17930219	0
37161584	0
1369932	0
6215493	0
2648865	0
180417	0
2162707	0
47659013	0
15604185	0
6485499	0
13806840	0
18050679	0
3286230	0
20439721	0
4225595	0
11660020	0
35819686	0
31969118	0
47203861	0
30857681	0
598652	0
30864570	0
1111035	0
6131603	0
26282783	0
4769806	0
6784753	0
24222883	0
2153743	0
28156476	0
30254812	0
33306455	0
16090209	0
190153	0
25124288	0
6705061	0
12558524	0
41145034	0
22797051	0
13862657	0
23464019	0
10069085	0
24781560	0
12549828	0
35891597	0
5267361	0
2030833	0
20759841	0
8730759	0
18445105	0
35436018	0
4991672	0
1208098	0
6331462	0
21627039	0
684333	0
324849	0
2288351	0
9945259	0
1373412	0
97907	0
4170288	0
5791356	0
5129693	0
1705316	0
15370130	0
31321940	0
12895413	0
3996698	0
7560863	0
10503747	0
2451017	0
782331	0
6588949	0
25512316	0
2103402	0
25767818	0
25847468	0
21310480	0
43572679	0
43111859	0
43495863	0
5884470	0
36979138	0
38662262	0
1222258	0
32116258	0
3523408	0
34541976	0
4360727	0
14075620	0
31602416	0
21458369	0
12272693	0
117579	0
21786764	0
5026403	0
16139655	0
47262512	0
30154367	0
44902479	0
17570653	0
12977111	0
1378302	0
146005	0
23964397	0
8460057	0
21088549	0
5382407	0
1653238	0
38147354	0
8931594	0
7798749	0
4538912	0
6215998	0
9797643	0
7243	0
609335	0
25509795	0
1458662	0
8958372	0
11859399	0
20028244	0
7809770	0
22222952	0
30407447	0
1392394	0
9367096	0
23688916	0
3041017	0
38677002	0
7753659	0
12243364	0
11995850	0
73299	0
15017846	0
32655819	0
3634407	0
31379367	0
39253074	0
12797636	0
8307100	0
3633563	0
1522589	0
2577088	0
25583384	0
6823414	0
2965036	0
26306104	0
19871760	0
5071400	0
32623273	0
12800698	0
7363122	0
94565	0
24335565	0
33637747	0
27951244	0
5785998	0
10922882	0
46868781	0
12951753	0
12441273	0
7864991	0
255697	0
29938677	0
8529346	0
4059442	0
5910993	0
47440074	0
26130683	0
630863	0
18401510	0
5231500	0
4332347	0
37470325	0
24623363	0
15749227	0
1875726	0
6313748	0
699633	0
109723	0
10637748	0
24294977	0
2139989	0
36578386	0
18934264	0
29560968	0
34887331	0
2071372	0
18119253	0
41312749	0
7368701	0
1222207	0
20286	0
4218550	0
10390675	0
4469269	0
2504671	0
25517228	0
40048118	0
8593470	0
151014	0
20183501	0
2741805	0
17591788	0
26814259	0
41179354	0
21101985	0
3942476	0
118146	0
34639051	0
3468974	0
3727473	0
25971629	0
11635367	0
32267521	0
15003267	0
39229617	0
2879159	0
32780487	0
21640310	0
43058806	0
31971158	0
4150842	0
16037814	0
6775693	0
3638780	0
18464720	0
1061569	0
811903	0
1110732	0
11582057	0
36387686	0
45008283	0
4881735	0
5085588	0
11982036	0
26274040	0
5186897	0
39831628	0
15758679	0
18779725	0
547616	0
26549745	0
28539114	0
38349252	0
41101887	0
9315616	0
49518855	0
4588535	0
897825	0
20824966	0
1944435	0
32977699	0
16366568	0
8464254	0
7133981	0
3565374	0
2298497	0
16643102	0
225017	0
18041808	0
260102	0
975439	0
15019774	0
42835239	0
46972775	0
18570622	0
24421997	0
9253387	0
40938007	0
6687080	0
1918191	0
27544155	0
42914943	0
329354	0
5182686	0
1251555	0
33809161	0
1950833	0
8302048	0
3477065	0
1773465	0
