1007311	1
177801	1
2024699	1
9322682	1
1418	1
23692486	1
390495	1
154976	1
60904	1
10232401	1
93557	1
26284740	1
2152057	1
198030	1
25568909	1
5443930	1
5480141	1
73133	1
3951491	1
2269463	1
42345	1
265112	1
3727136	1
11510033	1
1190148	1
106413	1
319063	1
43583088	1
223102	1
890916	1
1933141	1
2001824	1
17040740	1
178848	1
12163088	1
440460	1
1632018	1
1628239	1
86018	1
2181347	1
3136077	1
2102314	1
12607085	1
48768	1
39626432	1
246185	1
40441968	1
122459	1
10783451	1
13430330	1
2547518	1
63393	1
5203666	1
10162503	1
9781239	1
9757932	1
6179470	1
197406	1
10264737	1
10394045	1
3026256	1
1042551	1
23310	1
3119481	1
147817	1
1981297	1
165886	1
109935	1
929466	1
24949	1
205566	1
748618	1
263325	1
1105062	1
385155	1
973456	1
66331	1
435301	1
84147	1
171211	1
54962	1
5277928	1
5009517	1
14385942	1
1249287	1
8388967	1
2423863	1
1421432	1
852869	1
381325	1
6253710	1
11084869	1
537362	1
207154	1
42799	1
938546	1
17739428	1
2690423	1
152827	1
5551651	1
1170208	1
711707	1
67970	1
39068548	1
2473031	1
6553398	1
548712	1
299856	1
5920968	1
108923	1
28703709	1
27420718	1
3202248	1
12481385	1
125437	1
19930	1
36085891	1
3472805	1
1640855	1
173283	1
7923	1
15985964	1
769064	1
407842	1
10171399	1
186156	1
2518724	1
2282840	1
20776444	1
738499	1
20949522	1
9213072	1
85385	1
23205301	1
19127	1
5876661	1
12216	1
19180442	1
4664150	1
116506	1
22274607	1
3457288	1
115796	1
734845	1
72895	1
21378419	1
233039	1
24356889	1
84326	1
356313	1
13237074	1
27036475	1
333341	1
26042338	1
880314	1
523475	1
19169	1
714584	1
2590266	1
5702771	1
3773890	1
438668	1
206515	1
3504909	1
24121	1
47498512	1
516295	1
1180976	1
930588	1
4161950	1
26267696	1
77954	1
49132	1
1975368	1
333302	1
26942033	1
31933779	1
375743	1
122894	1
47062615	1
38264	1
2265433	1
507486	1
84849	1
5801959	1
5945485	1
2167151	1
3177569	1
108333	1
176356	1
16674	1
6396655	1
3624571	1
406831	1
581933	1
3334371	1
551388	1
1459629	1
3578901	1
158580	1
412339	1
321331	1
29798	1
2278396	1
213516	1
843583	1
32097	1
7423316	1
1239	1
216881	1
163219	1
3206132	1
365171	1
902657	1
364614	1
1467641	1
6668778	1
6961967	1
29797075	1
33186	1
191314	1
1436485	1
3677824	1
298129	1
1635825	1
742313	1
38412284	1
28379635	1
71071	1
1386417	1
8622	1
6905173	1
246038	1
304840	1
22621	1
4994355	1
48519	1
62798	1
14478515	1
1566276	1
515128	1
1686974	1
40455909	1
3411164	1
75758	1
132920	1
9968423	1
2681680	1
19450750	1
28056365	1
1014346	1
97149	1
6814485	1
1647839	1
210320	1
17810	1
13040812	1
1766221	1
163357	1
4147	1
287928	1
691322	1
977501	1
445102	1
21486771	1
2324362	1
283993	1
44060	1
26748	1
6644375	1
18707998	1
2492588	1
27019	1
20590	1
108503	1
412766	1
7306895	1
88261	1
9092698	1
5828273	1
1032278	1
130716	1
56217	1
1624732	1
45871	1
37799	1
48713	1
742605	1
43456	1
14058067	1
9402799	1
738480	1
6182210	1
769532	1
252376	1
899479	1
11370	1
21051235	1
15225	1
26122909	1
12527113	1
2929017	1
64646	1
39847	1
604757	1
125167	1
2227638	1
2580982	1
18842299	1
13046487	1
6087392	1
21812500	1
923406	1
743901	1
187749	1
24574438	1
1457110	1
7050925	1
1080769	1
383175	1
4347014	1
954785	1
1114709	1
303461	1
801671	1
26377919	1
359863	1
986865	1
352511	1
182188	1
18948312	1
669919	1
16931256	1
1246665	1
21238	1
1878289	1
22077785	1
16800	1
1291031	1
86645	1
4193325	1
982687	1
418472	1
626051	1
561284	1
1354231	1
1492281	1
2424463	1
624810	1
1138975	1
2604089	1
560777	1
26897761	1
1560007	1
2602246	1
261730	1
17871	1
3441771	1
2290898	1
151630	1
432254	1
869833	1
10649560	1
429438	1
57631	1
28167	1
29328	1
595801	1
79491	1
212797	1
17586960	1
1923217	1
8890124	1
255612	1
369186	1
29499999	1
1047500	1
259082	1
467121	1
15574591	1
265509	1
707479	1
180224	1
652673	1
4059023	1
854532	1
27703661	1
3664706	1
36889183	1
4197257	1
644684	1
2826751	1
133824	1
268774	1
4478821	1
22479813	1
328206	1
25769765	1
143868	1
21076784	1
4820578	1
9325453	1
262201	1
64313	1
74130	1
1796589	1
116918	1
797334	1
572831	1
87679	1
469497	1
255645	1
108937	1
184665	1
25410	1
11501444	1
887786	1
50515	1
11077775	1
506255	1
2809117	1
40421300	1
6187	1
1665158	1
1561392	1
21511374	1
2248512	1
54663	1
1924218	1
404628	1
1481019	1
390560	1
36228910	1
23796248	1
217252	1
331801	1
209878	1
12929	1
706903	1
4558584	1
342914	1
489401	1
23276209	1
963506	1
2983349	1
479767	1
15756839	1
609535	1
559870	1
52563	1
75045	1
16421	1
6175273	1
16436164	1
5309759	1
27302119	1
73670	1
23812969	1
597530	1
25671980	1
3446777	1
87943	1
2153260	1
21684015	1
33751190	1
1503561	1
17885	1
26003	1
125569	1
109497	1
74159	1
7775517	1
14682721	1
5027282	1
3173855	1
474843	1
2655555	1
2964984	1
2920965	1
17947	1
45499615	1
226425	1
21528095	1
38174781	1
3472252	1
10328566	1
791062	1
83900	1
23267	1
861358	1
1306207	1
719340	1
1302644	1
2796072	1
13215411	1
2065420	1
238192	1
2493919	1
5154966	1
799726	1
23658432	0
8221812	0
6136987	0
38825081	0
42706010	0
11432574	0
46680642	0
1713869	0
18075740	0
6071821	0
40707607	0
3560013	0
12963471	0
3810580	0
6824638	0
1648376	0
8711982	0
708596	0
525081	0
1852098	0
18647773	0
495775	0
7219202	0
6792822	0
1623601	0
42430647	0
43034431	0
6925976	0
5892450	0
10640606	0
14676389	0
21464566	0
33326919	0
366985	0
245795	0
5137646	0
39466550	0
22349165	0
11522814	0
5486370	0
291137	0
20629497	0
129395	0
11314122	0
38527326	0
25910017	0
42756540	0
1442103	0
3485207	0
161685	0
46240162	0
8113937	0
1022901	0
19789298	0
12289628	0
9145203	0
12402367	0
275397	0
20129341	0
8829452	0
29024973	0
32581988	0
23538722	0
77618	0
887140	0
14467179	0
24330912	0
4605486	0
25358222	0
770258	0
18568963	0
43316139	0
23736265	0
1118425	0
36107887	0
25826692	0
24502390	0
107156	0
4409275	0
46610210	0
40775794	0
90601	0
3485618	0
1342965	0
265115	0
4714532	0
6965715	0
2818142	0
2414125	0
4133185	0
262756	0
25026292	0
43177893	0
4834694	0
8630503	0
21940827	0
3370316	0
14949906	0
8423823	0
34597184	0
8979645	0
35726866	0
44563412	0
22844101	0
1513805	0
18707927	0
3144747	0
11321628	0
15288840	0
28177297	0
32430742	0
12144229	0
31050747	0
13549687	0
12088724	0
47818563	0
40246229	0
9868397	0
6335281	0
1210490	0
1089094	0
29903522	0
19759043	0
98033	0
24891359	0
628380	0
1920289	0
3198617	0
8744128	0
5011333	0
260107	0
2034265	0
6238593	0
37116514	0
36687103	0
2659324	0
5502180	0
7664029	0
15189863	0
13294683	0
48625735	0
5208818	0
2705954	0
812575	0
2155828	0
28286876	0
564906	0
37511364	0
10952738	0
9420421	0
5910868	0
344402	0
7536588	0
108457	0
23013992	0
725842	0
31683538	0
6717102	0
14348251	0
9273707	0
7511304	0
5807287	0
417788	0
5080686	0
1751718	0
4146246	0
43970194	0
622363	0
35389630	0
4197804	0
8097454	0
3574774	0
886857	0
30271203	0
9020068	0
38879069	0
27359766	0
31705199	0
4035720	0
295083	0
14536466	0
41049250	0
24959206	0
2141440	0
89099	0
25771934	0
26973181	0
15942749	0
26630393	0
7317964	0
3599716	0
111925	0
15434066	0
11117786	0
20161306	0
1024840	0
3724302	0
23924933	0
26204741	0
31130055	0
43110787	0
12430478	0
36724395	0
16055030	0
9952613	0
12838476	0
23626187	0
46915937	0
2831408	0
2857028	0
2534988	0
6187843	0
2296495	0
15084620	0
52070	0
43039650	0
20644334	0
1981086	0
469194	0
5967524	0
9278361	0
35618633	0
7223466	0
2001730	0
2559253	0
41318530	0
23972132	0
29076908	0
1092058	0
42693900	0
6243276	0
3398285	0
20329839	0
1443917	0
36206234	0
19880349	0
28975060	0
996283	0
24235317	0
23588933	0
4830928	0
3258411	0
29498393	0
1767732	0
10824062	0
23909950	0
3390787	0
3130335	0
43671566	0
948843	0
12787221	0
3534594	0
13752064	0
15908922	0
16176096	0
58074	0
38240343	0
33650605	0
10586631	0
19503800	0
3306898	0
4964851	0
9284105	0
19989380	0
14174730	0
728065	0
3468865	0
4849316	0
1007599	0
8451324	0
6718101	0
12923777	0
25826283	0
136303	0
12879039	0
5660489	0
7083139	0
19304902	0
12394054	0
7837141	0
904604	0
20911296	0
25376075	0
1242656	0
1002229	0
294733	0
33104739	0
32559333	0
48201816	0
20605142	0
17601530	0
2198576	0
30834727	0
38232108	0
16034531	0
17142403	0
4214036	0
9341859	0
25083548	0
25886633	0
7065515	0
10942184	0
6669960	0
1787058	0
18762759	0
14039850	0
2447330	0
2032300	0
11391252	0
411594	0
39242647	0
40699467	0
43952579	0
10198404	0
24691840	0
3274229	0
12520287	0
695926	0
23611602	0
8694833	0
1023151	0
5824870	0
38008013	0
5604419	0
11345187	0
43010539	0
5048425	0
3224385	0
542877	0
27864627	0
12509542	0
1389359	0
8639267	0
5424050	0
7721511	0
27861581	0
9214092	0
25419939	0
2691268	0
48334368	0
7236668	0
1421380	0
20524385	0
46887598	0
2262217	0
166789	0
25292564	0
21246396	0
11971430	0
8167353	0
36366034	0
475483	0
5326825	0
36818349	0
2403753	0
1264224	0
5550200	0
398944	0
6125815	0
22875429	0
25971784	0
7904684	0
812554	0
4182107	0
3892592	0
14703752	0
1236266	0
22006380	0
1101239	0
19415714	0
8783895	0
41567560	0
28618978	0
6489191	0
26943236	0
9402618	0
15512560	0
45059084	0
125817	0
4583451	0
48485072	0
757110	0
7213119	0
750962	0
834764	0
35557215	0
39834209	0
15114164	0
38157150	0
6668618	0
4330064	0
47669462	0
10125551	0
6534999	0
3955546	0
11451118	0
17084220	0
1641391	0
15435692	0
6147190	0
1238999	0
5797464	0
4230649	0
17546889	0
736861	0
1780754	0
1060432	0
44949220	0
13242111	0
17213804	0
8385872	0
2338784	0
3143809	0
5981459	0
7490052	0
20533983	0
8772201	0
108192	0
2244396	0
612840	0
6893277	0
2155871	0
8752550	0
20698706	0
4012912	0
138091	0
2661321	0
6082865	0
18505328	0
24006349	0
33073903	0
12536456	0
149457	0
880155	0
7062441	0
31427935	0
28043969	0
17417485	0
41032521	0
7019040	0
2916179	0
6523380	0
26121465	0
7348513	0
48271325	0
9753078	0
299310	0
23511262	0
33687397	0
61410	0
6002623	0
44535695	0
339147	0
32465295	0
8432081	0
3939419	0
33309164	0
31191908	0
473855	0
24987997	0
2690149	0
33741442	0
1432215	0
12348006	0
479825	0
18407593	0
36842540	0
10649411	0
7696282	0
356252	0
31499390	0
1635357	0
2027831	0
1182003	0
39145363	0
17907061	0
45162828	0
22969758	0
9263819	0
7933232	0
4520362	0
14468296	0
37996167	0
3620368	0
85694	0
48973664	0
11684337	0
15122635	0
4804639	0
3254720	0
5949069	0
14852400	0
5681083	0
94633	0
1002930	0
12938489	0
2430357	0
36166317	0
1318640	0
35755228	0
