3192524	1
34610115	1
870043	1
10090970	1
204228	1
315629	1
207784	1
319525	1
1623710	1
38158260	1
1821462	1
1981349	1
16651037	1
3463190	1
10987001	1
15465187	1
482235	1
4546079	1
3365699	1
2171429	1
733768	1
2243530	1
1355989	1
393342	1
23999156	1
3193517	1
7654605	1
1450090	1
762694	1
2117135	1
21632318	1
1951328	1
9099503	1
437585	1
18366937	1
7213257	1
1620324	1
6854678	1
10236568	1
1307950	1
1481418	1
921042	1
399725	1
17969042	1
1651912	1
6120674	1
579539	1
6025299	1
5725629	1
52634	1
18943868	1
922077	1
1208974	1
6894368	1
237031	1
1961376	1
200020	1
11217508	1
261184	1
150017	1
74397	1
31559920	1
1472741	1
76972	1
90586	1
27711	1
6767439	1
302848	1
48607778	1
7152833	1
12119815	1
8435563	1
165604	1
474981	1
2071305	1
2649607	1
2497690	1
36218736	1
277314	1
586772	1
157487	1
411929	1
576302	1
1553382	1
440520	1
1031156	1
82976	1
26103521	1
2573	1
23869943	1
24376940	1
168242	1
2691908	1
106689	1
5550014	1
117439	1
90127	1
942390	1
5945437	1
1073796	1
88371	1
654732	1
46663	1
187668	1
160792	1
5957203	1
435203	1
8544294	1
5905057	1
548217	1
8595520	1
230547	1
21885	1
491631	1
1415110	1
301994	1
25528192	1
701860	1
29944	1
33496	1
241133	1
980540	1
21624273	1
35244945	1
84633	1
326248	1
40072096	1
2303867	1
20948534	1
1737	1
7255118	1
164007	1
1683992	1
417917	1
8074	1
38252	1
889446	1
995461	1
165308	1
30863414	1
7152969	1
4428628	1
4299092	1
497394	1
25747243	1
3051874	1
7801268	1
1922471	1
477168	1
56232	1
11620274	1
346451	1
387491	1
3741746	1
1170701	1
27152	1
2408444	1
1867624	1
1262163	1
1033965	1
2646692	1
9941	1
12603985	1
505321	1
42835026	1
2561069	1
19502860	1
2970437	1
25393208	1
5838045	1
34707595	1
15622463	1
982464	1
343146	1
698436	1
26250170	1
14613949	1
17074291	1
14416508	1
7154048	1
103263	1
15481594	1
157547	1
356071	1
1114046	1
69442	1
11463303	1
72735	1
184160	1
498885	1
81503	1
1164484	1
2286114	1
1041281	1
12502447	1
48991	1
429221	1
1162444	1
5811150	1
1380357	1
2428414	1
487140	1
847788	1
329855	1
2453992	1
28069438	1
1126982	1
179902	1
238726	1
10930565	1
1847485	1
486596	1
2873885	1
329893	1
1411599	1
26168	1
1113607	1
17553375	1
3707983	1
10073	1
70578	1
9022289	1
7450240	1
153797	1
1574480	1
11502665	1
39432394	1
22079649	1
956338	1
2641359	1
30965	1
45848	1
758331	1
12391192	1
15658477	1
5834228	1
22981969	1
78689	1
14111532	1
83312	1
57146	1
26392986	1
641333	1
2427739	1
162870	1
228675	1
1240661	1
1570269	1
2023355	1
31597923	1
709638	1
73208	1
60040	1
146005	1
46343981	1
9638643	1
2817326	1
1726211	1
18181828	1
1895089	1
518870	1
278119	1
390179	1
1417321	1
1415251	1
18623865	1
2908165	1
3551786	1
23820760	1
170026	1
980681	1
1665222	1
11974	1
1710942	1
4469218	1
124908	1
213191	1
6090160	1
195834	1
347201	1
15127676	1
311205	1
30033092	1
30855092	1
2908337	1
1987265	1
149886	1
23369262	1
1019967	1
9932255	1
22722865	1
98648	1
11271201	1
1443102	1
13588774	1
1024701	1
410300	1
4668419	1
2853739	1
30875502	1
420922	1
2245320	1
1928841	1
5102754	1
581182	1
44395423	1
10749413	1
3094500	1
22703325	1
54268	1
37702667	1
1663724	1
21656332	1
44535614	1
641642	1
502203	1
25744475	1
39311	1
789936	1
40693874	1
3037692	1
14187361	1
2234	1
3397	1
18543019	1
23285741	1
53709	1
156699	1
140308	1
271031	1
4422050	1
1523081	1
3463641	1
11985738	1
8371513	1
159987	1
5521978	1
2246055	1
956095	1
386250	1
236473	1
28222860	1
23037	1
1513951	1
17990989	1
40390689	1
1852179	1
34776645	1
12685049	1
8136956	1
1557054	1
41057929	1
1746444	1
632994	1
232544	1
850278	1
159031	1
2941263	1
470178	1
227156	1
22721	1
152926	1
586330	1
1619702	1
7125567	1
1092057	1
18933360	1
3391038	1
3583654	1
409969	1
15135713	1
383628	1
2675343	1
203269	1
17162660	1
314162	1
1549398	1
7378609	1
373601	1
6773962	1
3419028	1
31253307	1
23958411	1
37506	1
10976905	1
162107	1
326691	1
2228794	1
19760229	1
3650352	1
326433	1
157832	1
46817	1
375645	1
6503391	1
2280572	1
37569536	1
6664774	1
14727	1
4408	1
6257738	1
1321577	1
52620	1
183294	1
31626763	1
160228	1
683252	1
5993338	1
640670	1
19090870	1
4457806	1
2820674	1
16175315	1
6790371	1
241167	1
2695247	1
59536	1
71870	1
43573026	1
142245	1
143030	1
8456955	1
36668	1
60145	1
173710	1
249527	1
37282060	1
1739871	1
3240970	1
3645162	1
1407348	1
1204088	1
1157653	1
31160194	1
3481650	1
2023560	1
1254467	1
4740559	1
1087315	1
4373216	1
564693	1
16677826	1
23298856	1
299508	1
30125292	1
1648540	1
21138997	1
2918177	1
10396025	1
7428591	1
375983	1
314629	1
233403	1
54317	1
12679171	1
481786	1
16615670	1
1310952	1
31819260	1
55584	1
4311446	1
8875	1
3658263	1
790499	1
50247	1
939754	1
7094792	1
1057223	1
6322017	1
2282	1
697831	1
2613467	1
18416413	1
31539	1
8222937	1
155572	1
635068	1
907179	1
714428	1
4365901	1
110801	1
16885724	1
88585	1
66106	1
30262566	1
288033	1
149216	1
1021826	1
91363	1
26250155	1
3977531	1
31314716	1
256646	1
425558	1
33482790	1
780672	1
28804389	1
2660341	1
2231438	1
768469	1
37251462	0
597903	0
1269155	0
42205473	0
1326691	0
6026608	0
1342262	0
5775293	0
102100	0
1548570	0
20395814	0
743608	0
23337934	0
1795166	0
3569914	0
39210270	0
3047119	0
117469	0
7301474	0
46674	0
26377257	0
9920908	0
430561	0
26708016	0
116378	0
38242124	0
741791	0
130188	0
8936567	0
11736715	0
7003513	0
4995873	0
4718370	0
3052006	0
2509212	0
223796	0
37198309	0
11874426	0
29485935	0
44199477	0
44402611	0
1420250	0
48908760	0
455109	0
150204	0
5025966	0
8226988	0
1542458	0
17890437	0
2722839	0
2356407	0
14088793	0
31157278	0
17896780	0
13335893	0
13813215	0
41663144	0
3204508	0
406917	0
13345967	0
7555287	0
13088404	0
9788168	0
1126746	0
5273137	0
27340861	0
23773837	0
32881960	0
26357295	0
6921267	0
18223773	0
4594935	0
14018884	0
29064923	0
1820705	0
7497452	0
7131199	0
32762591	0
11784799	0
12965658	0
8193744	0
188964	0
7007104	0
4606475	0
134837	0
2126534	0
17652323	0
22910400	0
2774230	0
1098483	0
40463721	0
38172995	0
252735	0
31356965	0
2078206	0
1384714	0
10889976	0
24990168	0
4732067	0
3217305	0
870240	0
611456	0
2182909	0
116359	0
10291466	0
7720312	0
8663897	0
871480	0
773329	0
21508340	0
21336294	0
24699402	0
48878486	0
5145422	0
3691929	0
7528630	0
5912911	0
3597682	0
46209341	0
4937221	0
14528460	0
1032976	0
15454093	0
44144547	0
27507076	0
14603560	0
3594738	0
381889	0
46655038	0
2645530	0
36223960	0
20888012	0
10324103	0
28885511	0
368413	0
45196172	0
24517017	0
25084169	0
39718934	0
42989398	0
9725026	0
2442701	0
17722364	0
1776398	0
171165	0
277260	0
44128573	0
2041086	0
12273943	0
23455450	0
972786	0
8594230	0
1067456	0
27444194	0
151012	0
3254781	0
9642816	0
9136410	0
5610185	0
3121784	0
14763980	0
19890891	0
1121291	0
12572284	0
4022923	0
29096442	0
19859895	0
35713838	0
23587854	0
12829082	0
9042759	0
38073498	0
13228600	0
14656027	0
5362230	0
11876631	0
143115	0
2686469	0
6852525	0
685692	0
14432658	0
7104213	0
2100644	0
4007341	0
44191157	0
22541469	0
25363255	0
3276162	0
23950342	0
14921167	0
2079400	0
28232236	0
7977506	0
32010711	0
33551376	0
12937059	0
39851378	0
284850	0
15442716	0
8080030	0
18760240	0
7273152	0
1990263	0
28587489	0
14578860	0
549369	0
38916472	0
10397053	0
17906481	0
11916807	0
2488460	0
6693241	0
1112156	0
6647298	0
1947878	0
1526626	0
116605	0
211920	0
4572557	0
13789784	0
6246	0
5320785	0
489570	0
56280	0
2976627	0
20951049	0
24555048	0
16287078	0
8106781	0
2955032	0
20953149	0
23085650	0
19086488	0
4060810	0
23532604	0
650145	0
2140666	0
3784345	0
29013452	0
22023530	0
1435331	0
49030517	0
18899557	0
35567034	0
20599429	0
5160828	0
2304345	0
36119086	0
9380245	0
149333	0
5796257	0
30875581	0
37115086	0
34201152	0
3453842	0
7016825	0
998559	0
44017749	0
15784543	0
141928	0
150722	0
1940771	0
4885247	0
195260	0
9874058	0
3049576	0
2865804	0
8371082	0
137125	0
31095107	0
304718	0
1945901	0
39061835	0
106757	0
14934622	0
5764766	0
13562859	0
3076260	0
5476272	0
6583369	0
46536253	0
31156227	0
2104102	0
26016942	0
2264849	0
4516050	0
6337013	0
25504731	0
42653885	0
19191491	0
12664320	0
1094881	0
123936	0
34651679	0
23762731	0
22547722	0
8717798	0
3224809	0
27772447	0
8098962	0
10329229	0
26110003	0
1017160	0
30861502	0
7658839	0
30743628	0
12985430	0
44209783	0
40231726	0
19404498	0
3102078	0
1884571	0
9096423	0
303919	0
939870	0
3794583	0
4544718	0
3535140	0
15323569	0
15652743	0
5230876	0
37032536	0
3589362	0
8763268	0
31021585	0
15820662	0
1377769	0
3483208	0
18712153	0
42509499	0
43494682	0
18336302	0
4458379	0
9978675	0
1017319	0
3905781	0
671535	0
4868957	0
593610	0
23472411	0
12396808	0
13011255	0
20906511	0
135665	0
607547	0
8694022	0
7697112	0
8173065	0
5821632	0
7880703	0
6343069	0
10072096	0
15905884	0
974165	0
10382064	0
22500703	0
24744461	0
3522158	0
17511283	0
202588	0
267916	0
26281666	0
32656671	0
12754275	0
3944198	0
7045445	0
3267280	0
190416	0
32786141	0
9311431	0
5855821	0
22440623	0
8502272	0
29083300	0
106357	0
6800475	0
111945	0
6235162	0
3632233	0
36808460	0
17610218	0
20856996	0
4984102	0
31563190	0
2585906	0
16160744	0
18788653	0
25246118	0
26105116	0
9138522	0
22933438	0
25990411	0
11384542	0
29468061	0
33614160	0
492226	0
15822638	0
21147777	0
27617792	0
1660561	0
1623346	0
39173554	0
26501965	0
7010529	0
12404433	0
27939679	0
39392805	0
518749	0
762317	0
2144089	0
125734	0
11204062	0
17930930	0
6744567	0
4881328	0
36614466	0
105586	0
47417662	0
27756846	0
3974713	0
10294	0
47529658	0
15713041	0
3432151	0
45431845	0
15865206	0
476212	0
19949550	0
393865	0
21197310	0
18137311	0
973064	0
2173027	0
8045115	0
17987049	0
2934275	0
49487977	0
19203450	0
25743290	0
7271497	0
21961085	0
36131656	0
45461344	0
49241403	0
1167419	0
8704547	0
38093296	0
129484	0
14672239	0
330536	0
28757022	0
34858375	0
27851618	0
13897108	0
17290499	0
40616397	0
133690	0
43122408	0
14853045	0
16823818	0
10072546	0
108415	0
5151877	0
686022	0
3812435	0
44590544	0
1704302	0
31643644	0
29923549	0
2180061	0
24131592	0
31019075	0
1787954	0
2190462	0
3860622	0
7151494	0
14860684	0
1464113	0
35309932	0
7811151	0
5899235	0
22370880	0
390777	0
174892	0
2224613	0
1219518	0
19656465	0
3474509	0
6028442	0
31776554	0
40820758	0
11581166	0
896383	0
21257151	0
36082179	0
17411803	0
1088160	0
2539695	0
5381177	0
36373870	0
