2265817	1
1026360	1
180618	1
23937072	1
45230567	1
2073569	1
25488577	1
3530817	1
37309876	1
523522	1
62032	1
1954623	1
268111	1
4076105	1
795427	1
17053289	1
4623127	1
26964606	1
21970586	1
42798033	1
1017530	1
4242454	1
1414461	1
166052	1
1684556	1
374397	1
1204451	1
29397744	1
2616851	1
14863766	1
296911	1
1198987	1
13865233	1
45213	1
12758646	1
17918596	1
2076029	1
424606	1
1726462	1
1335715	1
3356	1
604522	1
17217565	1
341645	1
31667694	1
2778778	1
1484308	1
2348581	1
7847330	1
43603695	1
491179	1
5059379	1
470147	1
164662	1
187017	1
11655168	1
70529	1
34984723	1
2002054	1
946366	1
25473	1
13578	1
8561841	1
784190	1
305256	1
424627	1
64705	1
6795897	1
1634719	1
26681268	1
2878844	1
850121	1
25626750	1
9532900	1
33962021	1
386377	1
3943730	1
7213951	1
2103663	1
328326	1
569062	1
25190	1
30196348	1
6711747	1
1571952	1
38953	1
1241281	1
1390285	1
3654549	1
17771	1
14358383	1
187387	1
49796	1
1455921	1
6621337	1
3968322	1
645053	1
224321	1
3831262	1
582967	1
13373	1
1687963	1
20344990	1
28830649	1
59705	1
1312825	1
1068656	1
12330778	1
1049215	1
411310	1
34189628	1
186935	1
14358063	1
2406416	1
28010865	1
15933698	1
859401	1
3193951	1
51587	1
19124283	1
3411545	1
3010721	1
596194	1
12425890	1
738484	1
8471717	1
2581788	1
30874238	1
202159	1
48202342	1
263168	1
1396986	1
3525871	1
2873449	1
423930	1
27643	1
2578986	1
471769	1
14690468	1
51039	1
13602714	1
349764	1
18933592	1
264922	1
31044492	1
4432648	1
14761394	1
196038	1
191256	1
38518153	1
21193336	1
38585	1
26185187	1
1493624	1
99881	1
8726463	1
28959774	1
470897	1
1212038	1
350907	1
161240	1
368897	1
62243	1
222928	1
181510	1
44031459	1
6454287	1
69972	1
29019131	1
20447029	1
948409	1
102830	1
23998	1
412540	1
8794530	1
357375	1
2092114	1
4425899	1
3110454	1
27495879	1
8832542	1
28176742	1
7050885	1
4242568	1
42730	1
294034	1
32016570	1
43574080	1
1616002	1
12093092	1
2454141	1
1326206	1
3106796	1
32798	1
2117253	1
38172205	1
9400	1
394985	1
551261	1
23398950	1
3614905	1
154105	1
12028600	1
593141	1
29121852	1
1297662	1
31515531	1
515570	1
4231820	1
29495998	1
3577252	1
1588482	1
11075298	1
6219073	1
27895251	1
35540180	1
733993	1
165217	1
710775	1
179032	1
323466	1
19199893	1
27294634	1
38666065	1
753572	1
3248501	1
270673	1
267793	1
3010409	1
1649568	1
7073159	1
385990	1
18618102	1
2112789	1
290931	1
142463	1
1136499	1
152834	1
253828	1
37126	1
12906504	1
895086	1
19301	1
212318	1
2096805	1
500694	1
3577078	1
601386	1
19327800	1
51170	1
961368	1
3978552	1
401455	1
171000	1
2421989	1
29613748	1
681379	1
3354559	1
4022113	1
241833	1
2376249	1
49549	1
18478549	1
9524458	1
61115	1
42165646	1
9428	1
322932	1
2945193	1
44284845	1
14659012	1
342353	1
426646	1
24229073	1
324745	1
430416	1
40144940	1
438083	1
226921	1
21608130	1
73259	1
19802671	1
378892	1
334156	1
1131585	1
80877	1
1476749	1
19752606	1
1225126	1
7308350	1
26981005	1
4847484	1
10543740	1
6863567	1
32149462	1
3134903	1
174175	1
495558	1
997107	1
3050689	1
16990642	1
4237986	1
144615	1
461208	1
7902158	1
488530	1
1691295	1
1328384	1
31113394	1
65674	1
3304687	1
84349	1
39119574	1
403399	1
18609739	1
1230293	1
27943366	1
842554	1
38828908	1
195598	1
2409969	1
383797	1
11137012	1
19766	1
6055345	1
48064	1
44450289	1
1098410	1
79987	1
1426273	1
1392339	1
30713800	1
232301	1
393593	1
12097276	1
1556477	1
6989149	1
6073210	1
3957598	1
9318853	1
478502	1
7515928	1
52392	1
44932563	1
286968	1
38637490	1
320140	1
19344515	1
1708232	1
427560	1
9583323	1
9555834	1
9325511	1
327580	1
41908897	1
23918703	1
38538630	1
217366	1
21970733	1
78966	1
171702	1
3809124	1
19028	1
458968	1
19664350	1
34040	1
16940660	1
7486337	1
8518977	1
222430	1
364014	1
705704	1
260288	1
172185	1
1019331	1
1806864	1
5286856	1
2617521	1
48370461	1
16001	1
404444	1
223014	1
33452948	1
463087	1
93977	1
1359299	1
2813235	1
25816	1
7939943	1
1527421	1
21939	1
9279626	1
13514137	1
2836391	1
4678189	1
3884741	1
6020583	1
4643078	1
47616301	1
30061866	1
5221661	1
569160	1
38078	1
27862	1
35903617	1
35931653	1
5356295	1
9912987	1
2940252	1
474810	1
35862341	1
663079	1
218337	1
4093588	1
558754	1
5844521	1
10709353	1
765639	1
277552	1
46713155	1
2413659	1
1267354	1
1152324	1
12970713	1
4975	1
995420	1
93025	1
31371717	1
3721176	1
7161476	1
9118237	1
19390937	1
44279951	1
2034308	1
2897286	1
22788	1
4886900	1
295218	1
30431281	1
2091579	1
296282	1
150888	1
7149703	1
9083492	1
2965473	1
26748	1
2234816	1
532194	1
54132	1
4573349	1
1399421	1
10128	1
36414406	1
5176895	1
25914650	1
2673795	1
11859464	1
189022	1
770114	1
29273116	1
4090166	1
10800036	1
302637	1
618075	1
164360	1
510149	1
463325	1
74244	1
339158	1
21229765	1
41856503	1
1183638	1
768720	1
242411	1
754064	1
52731	1
728119	1
9769505	1
731832	1
26896251	1
76811	1
6574277	1
44856100	1
31055103	1
49522	1
1292459	1
1196677	1
49955	1
161628	1
8816826	1
309040	1
1826356	1
36143002	1
18767110	1
15359650	1
169832	1
18540659	1
6046282	1
1791514	1
4950473	1
5151877	0
18959	0
778014	0
23120781	0
19590171	0
3708458	0
33867550	0
44091865	0
12586044	0
42045414	0
27393555	0
23399662	0
34913786	0
32658581	0
7504220	0
2608532	0
9211590	0
34128384	0
12902120	0
10349763	0
1622953	0
17946261	0
6730584	0
17617720	0
2527224	0
46214454	0
1341753	0
6540872	0
125845	0
15387202	0
27429048	0
13782585	0
2851281	0
5404408	0
7012683	0
22938857	0
5848421	0
12148285	0
5665335	0
17095291	0
41082551	0
42551332	0
661291	0
2186512	0
2427547	0
21748556	0
18004384	0
48905091	0
15995063	0
6470318	0
5630115	0
4923524	0
22308253	0
42725954	0
21137233	0
11474188	0
55042	0
13340296	0
2975609	0
36656753	0
10126565	0
18507507	0
29169595	0
17039400	0
13188348	0
4719930	0
23878342	0
3325302	0
1815756	0
23286064	0
3447610	0
521854	0
28879627	0
26490759	0
4542167	0
31535	0
10818149	0
1857860	0
4723421	0
17550069	0
5418655	0
15902487	0
961690	0
107458	0
5979757	0
12187608	0
31125071	0
2155071	0
39906406	0
31952630	0
1126916	0
3318611	0
25512559	0
9225371	0
7766436	0
37053849	0
8197483	0
4706078	0
18775534	0
32068813	0
11740951	0
12236476	0
30736253	0
21804384	0
24559026	0
564732	0
28384856	0
4410999	0
5350146	0
3496609	0
11486672	0
5317593	0
8288656	0
31397656	0
102965	0
19908732	0
19259726	0
110879	0
2154931	0
32352038	0
11089035	0
12403600	0
38734250	0
12426893	0
3519747	0
7111918	0
40445409	0
9589636	0
32136799	0
1376183	0
13716080	0
33620440	0
18266728	0
27430954	0
27452174	0
20144953	0
4590918	0
18154611	0
8748967	0
5794110	0
27663338	0
28357883	0
32533629	0
7052971	0
2378796	0
120772	0
45343361	0
36138027	0
8638363	0
871416	0
2082947	0
17604633	0
13417341	0
10728865	0
31305645	0
1843164	0
32937997	0
4848238	0
2019334	0
16096578	0
3892326	0
8125197	0
2398628	0
137518	0
2457707	0
6987295	0
11888409	0
4831518	0
46448513	0
24241738	0
6171798	0
29536294	0
2591535	0
47306910	0
31517404	0
3125720	0
34996704	0
1189014	0
567067	0
209433	0
9515223	0
386784	0
14589585	0
23303498	0
7397923	0
10711069	0
479004	0
34003743	0
11178335	0
7542310	0
5483799	0
24951049	0
15375080	0
12770907	0
11606688	0
4572848	0
22931476	0
36599659	0
41622261	0
4782159	0
43269190	0
25152132	0
8525607	0
34526471	0
32804720	0
858144	0
21592250	0
21589466	0
8109086	0
125978	0
1808052	0
2825392	0
5962389	0
24440123	0
2248626	0
24558087	0
2984817	0
30876488	0
40629727	0
12452663	0
3911485	0
2458663	0
3139459	0
27569790	0
11570762	0
22826527	0
25769176	0
502576	0
32310373	0
21561058	0
5978340	0
6024948	0
321077	0
2126029	0
12826552	0
42105285	0
520931	0
36394582	0
1697170	0
23801522	0
22215252	0
9071873	0
2326975	0
8663272	0
1301732	0
556141	0
68386	0
1523402	0
149144	0
31155417	0
95562	0
109141	0
2847852	0
24729663	0
15040622	0
411648	0
42977034	0
11818826	0
141723	0
36708641	0
2490792	0
17816068	0
44220537	0
47018034	0
27237417	0
902131	0
2850132	0
16343559	0
10549156	0
36705088	0
6351680	0
791645	0
12833892	0
2831879	0
15784952	0
43991024	0
30222129	0
1900978	0
299399	0
3763567	0
18935284	0
13405686	0
333819	0
34409625	0
7029974	0
20045365	0
456483	0
17107209	0
48392138	0
1455509	0
5406877	0
33740719	0
1182507	0
7639606	0
37733288	0
31929243	0
34790486	0
31618577	0
28597449	0
27178726	0
4181207	0
615124	0
15923563	0
2744880	0
1463268	0
1922311	0
7204162	0
305226	0
12030547	0
35996739	0
19958535	0
44436	0
35011980	0
466904	0
3141287	0
3118085	0
36698177	0
16099247	0
9256979	0
42251312	0
41891556	0
10157761	0
1701709	0
124642	0
26119539	0
7979556	0
180209	0
26800984	0
2968045	0
17786884	0
767569	0
10731280	0
5443065	0
72317	0
8239782	0
4370715	0
14597050	0
1128785	0
6807493	0
7731888	0
13723131	0
11972965	0
3187147	0
196863	0
40746903	0
2647850	0
12189709	0
41140902	0
118260	0
6415923	0
10942958	0
21089677	0
12164825	0
3782728	0
26855068	0
12687302	0
31134678	0
108087	0
112006	0
1099556	0
2591097	0
1615317	0
38833431	0
13770355	0
6537904	0
3203581	0
10041882	0
5240019	0
5417168	0
4995390	0
13896617	0
4101912	0
11169920	0
3053877	0
2865320	0
9931519	0
23977031	0
11793292	0
230552	0
187959	0
7110916	0
43089611	0
6508924	0
653533	0
24647128	0
35123638	0
7301847	0
17616025	0
40122956	0
31912900	0
7760892	0
29084963	0
13335893	0
323334	0
11282685	0
202601	0
25212233	0
3122940	0
38803393	0
14739838	0
40956244	0
167576	0
7194312	0
453660	0
1738844	0
20484539	0
6449298	0
1721691	0
663552	0
1622585	0
26654869	0
7626797	0
11436754	0
5195161	0
43594023	0
32787414	0
33684427	0
2326066	0
44116051	0
1711225	0
7729463	0
5548817	0
29026909	0
2048565	0
15613847	0
6639844	0
227983	0
38856473	0
40673084	0
3871572	0
30277697	0
40762724	0
2430851	0
4010462	0
8020604	0
15827919	0
3503870	0
11424	0
38420924	0
22379809	0
12526975	0
2301837	0
37060489	0
4182841	0
27374614	0
2838292	0
23517020	0
20794166	0
42363974	0
16481685	0
23692991	0
1385287	0
13852599	0
335439	0
9275926	0
34943840	0
447922	0
11221611	0
201875	0
24603040	0
1298906	0
1024442	0
43852501	0
23340997	0
6120925	0
40455426	0
27290725	0
37424101	0
4722696	0
1037237	0
1752483	0
1313023	0
16968972	0
42998625	0
78328	0
24586598	0
4025396	0
9510291	0
7393715	0
2933603	0
38094496	0
6944084	0
24409199	0
23435078	0
3049119	0
5599656	0
2745708	0
20041531	0
2362126	0
491124	0
1188976	0
581933	0
15352623	0
3089529	0
12956649	0
30890597	0
34175275	0
3474263	0
9161946	0
7017660	0
