23861381	1
390863	1
31203133	1
15185922	1
197575	1
2435385	1
20604402	1
4487353	1
43888890	1
6512693	1
1387448	1
3299533	1
13978560	1
3576410	1
20685790	1
8871031	1
2671363	1
24729766	1
5464222	1
3657735	1
3720921	1
6993943	1
45399075	1
43904313	1
2004456	1
46354028	1
3317666	1
1369690	1
10552268	1
797602	1
6733467	1
4272640	1
33105755	1
2066366	1
29466979	1
3284623	1
7710434	1
2717270	1
144454	1
291410	1
15023913	1
1077227	1
6058159	1
187079	1
12688673	1
32495999	1
1232360	1
19197013	1
39525402	1
6957884	1
11065766	1
2439396	1
263240	1
1494205	1
9240039	1
8914436	1
4469532	1
3864125	1
1168980	1
37006591	1
5104419	1
22674117	1
42174416	1
11126697	1
100847	1
12163304	1
6733037	1
46749276	1
1230336	1
964538	1
3201946	1
865432	1
2200173	1
149681	1
30292021	1
41557859	1
27689089	1
484747	1
12790520	1
2570092	1
7770736	1
1184099	1
284697	1
3124931	1
41763040	1
1946293	1
24118576	1
32762090	1
14854465	1
615270	1
12204038	1
12852651	1
53129	1
676516	1
218022	1
24284847	1
41068241	1
40415063	1
2518704	1
163893	1
41640327	1
1135295	1
18932671	1
14338822	1
16592104	1
1345620	1
4522999	1
5942374	1
2848051	1
4491657	1
13268827	1
8247615	1
593770	1
2891157	1
7242487	1
7398634	1
239160	1
105407	1
310719	1
22500568	1
31455144	1
561226	1
4867835	1
6251017	1
248221	1
24665084	1
507038	1
634688	1
2757334	1
582288	1
730242	1
25249744	1
6312903	1
1978791	1
9958642	1
1090154	1
6155123	1
32998011	1
5216804	1
6788434	1
12413023	1
3741280	1
3060626	1
7630765	1
21097909	1
13090154	1
936560	1
3312780	1
9235531	1
536178	1
639185	1
26206138	1
23597431	1
5549598	1
1472735	1
29858107	1
6947993	1
27614	1
6828649	1
4350146	1
14041983	1
38659945	1
53414	1
14126426	1
6291245	1
5919336	1
3457780	1
514225	1
436502	1
2211913	1
35259784	1
153660	1
4226853	1
562309	1
8546189	1
2010007	1
676824	1
17995113	1
10049	1
26590547	1
2922639	1
6965405	1
1354688	1
42311629	1
239034	1
14434130	1
34774362	1
606760	1
43956992	1
12964796	1
30003071	1
4990678	1
3908531	1
150016	1
2281729	1
886613	1
653130	1
14737099	1
158038	1
39353209	1
8579228	1
24074130	1
5179697	1
1529770	1
5669211	1
2436628	1
202392	1
31964165	1
38918310	1
19368849	1
1072707	1
20077037	1
31843904	1
328251	1
473803	1
1095302	1
20694771	1
28183126	1
675504	1
4872182	1
17256	1
143992	1
5622198	1
31350781	1
13681835	1
2932913	1
2104301	1
8830496	1
502705	1
477196	1
10034189	1
2099018	1
11993536	1
19583968	1
31425469	1
3155969	1
564732	1
12670363	1
46310033	1
131222	1
4802910	1
8908089	1
6868390	1
6964277	1
544367	1
6967215	1
9529415	1
577307	1
1808789	1
929317	1
319466	1
10917581	1
16441	1
9710681	1
1924188	1
12774646	1
4492109	1
12028514	1
1621134	1
170002	1
19506038	1
349033	1
245712	1
2805480	1
694190	1
27741764	1
9778883	1
1759398	1
6225919	1
19815973	1
2763029	1
11998968	1
158013	1
584165	1
34164547	1
840273	1
1549012	1
6196182	1
187477	1
40553679	1
921248	1
120105	1
16096608	1
2457495	1
1816449	1
3729243	1
4978460	1
3143242	1
23640724	1
14478360	1
886315	1
38748226	1
2206538	1
234237	1
391914	1
218025	1
177771	1
299016	1
4126271	1
224606	1
1545053	1
22710384	1
6213709	1
24040808	1
8866837	1
4933555	1
5135479	1
37610899	1
26816666	1
851669	1
20569452	1
130539	1
162169	1
251481	1
1676213	1
8449933	1
907374	1
1641707	1
3115473	1
37759538	1
9301919	1
3800791	1
33161	1
1964537	1
8233545	1
3682868	1
1724242	1
9376572	1
930831	1
5358273	1
17909	1
13150864	1
44602139	1
286544	1
2560398	1
255562	1
9574007	1
3214699	1
4087186	1
22116854	1
10752197	1
252117	1
14104805	1
13185507	1
147370	1
69691	1
1273502	1
2964236	1
31096767	1
3220308	1
5878592	1
11539001	1
6027579	1
6193886	1
6250952	1
6250052	1
33458548	1
1931973	1
2558214	1
137018	1
11856971	1
3275764	1
31154314	1
930163	1
5218154	1
1945914	1
29718240	1
29230194	1
6475243	1
1065801	1
324026	1
34033949	1
10751389	1
1690887	1
8207785	1
262260	1
16256368	1
28648380	1
8305047	1
206696	1
2374309	1
10844567	1
3487561	1
9037411	1
28027885	1
129040	1
11606657	1
55013	1
24467532	1
26790395	1
20141901	1
418944	1
51688	1
7954291	1
28794374	1
2241977	1
933493	1
19215530	1
91483	1
4078974	1
41806476	1
2446469	1
15109016	1
30822972	1
668817	1
2619281	1
3298237	1
5465069	1
1345236	1
7145119	1
1571637	1
48603806	1
315916	1
1719303	1
43675205	1
12199821	1
727240	1
2053063	1
11187326	1
163903	1
1008287	1
12235818	1
11117698	1
5701955	1
745488	1
44066182	1
197586	1
2903506	1
16708	1
6452346	1
12569261	1
13505067	1
16875998	1
2399954	1
581307	1
3834632	1
1661212	1
522916	1
40345052	1
1955845	1
689947	1
2725072	1
3125023	1
1209812	1
152400	1
53395	1
2771523	1
946459	1
13353638	1
6882272	1
1291431	1
22965843	1
1838530	1
5574466	1
2638651	1
23122034	1
4260243	1
166911	1
462817	1
2258807	1
6241968	1
24355979	1
13244065	1
317873	1
2526016	1
7194374	1
518707	1
370654	1
10895852	1
7194819	1
620795	1
2340408	1
2995495	1
1095306	1
683441	1
25937865	1
3695661	1
42648	1
102096	1
26795104	1
526280	1
4006416	1
457503	1
4801573	1
27271007	1
35656798	1
8688902	1
3456891	1
9441871	1
4725294	1
4491972	1
6943864	1
2478316	1
2344012	1
938935	1
159103	1
8217728	1
207903	1
4633961	1
437832	1
7769004	0
832222	0
29183402	0
2383752	0
2722477	0
18817367	0
3295850	0
12946784	0
39975924	0
3115238	0
1164095	0
124000	0
9144618	0
52737	0
33564463	0
16349376	0
26640767	0
2146109	0
37810819	0
3685616	0
11653485	0
36070192	0
46857809	0
7777644	0
2257267	0
1816074	0
42476630	0
12313665	0
7143429	0
2909281	0
10883192	0
24670203	0
27669568	0
18621366	0
25150308	0
32111022	0
4774254	0
14067854	0
42804279	0
119718	0
237250	0
6379135	0
21309609	0
963040	0
1728282	0
6536156	0
294808	0
1959094	0
3026288	0
3073795	0
1274433	0
21296497	0
21132073	0
10602949	0
6515729	0
13330671	0
125803	0
5822235	0
22188937	0
3956606	0
3656133	0
3801237	0
693977	0
4464536	0
33419727	0
174702	0
26200084	0
23419867	0
511694	0
325708	0
11575240	0
6826459	0
24109064	0
19886691	0
12453349	0
2994351	0
8387139	0
25485205	0
262542	0
115591	0
4675848	0
2723924	0
12230031	0
13179669	0
19968561	0
10078354	0
12026040	0
176026	0
3775768	0
20924367	0
6885078	0
4952358	0
44953329	0
12001598	0
7747973	0
5968888	0
129322	0
11116484	0
33238182	0
48553329	0
11451225	0
1605074	0
339202	0
2384857	0
31153788	0
32624288	0
26340244	0
1220402	0
7297505	0
15732470	0
14124049	0
20423455	0
5623587	0
3240988	0
1002372	0
9101344	0
4777606	0
5366405	0
22754688	0
26606078	0
8868909	0
300052	0
23548357	0
20092602	0
30024318	0
945453	0
25160482	0
106374	0
8541349	0
48212344	0
8185472	0
41296074	0
13972515	0
2473500	0
48311653	0
7834137	0
25072687	0
34873547	0
1602210	0
4623187	0
17475501	0
18732289	0
9209852	0
4605638	0
7121696	0
12726501	0
534957	0
91116	0
1021158	0
25047066	0
39134368	0
11979422	0
18770549	0
1440696	0
35834262	0
20996139	0
3744518	0
7034434	0
36139182	0
1036984	0
8339759	0
14897016	0
32485280	0
13819436	0
39414528	0
31156474	0
38072762	0
328549	0
17473060	0
5518057	0
2225281	0
1744238	0
3258193	0
4454750	0
42814573	0
35944347	0
22440134	0
11664526	0
2303375	0
7116638	0
7586274	0
15691469	0
1880489	0
109454	0
6209756	0
29342180	0
10982868	0
8514566	0
1076946	0
43729093	0
8111926	0
14386699	0
28842864	0
36430759	0
21350290	0
2686626	0
9531211	0
10231273	0
93449	0
29663201	0
41208213	0
4506699	0
8098318	0
41825258	0
50690	0
43542512	0
423749	0
6927171	0
15085780	0
27802730	0
6098914	0
21999018	0
18757354	0
9197914	0
9861182	0
9780904	0
2534663	0
5104305	0
8958372	0
37854868	0
13043340	0
24700144	0
1694803	0
5490721	0
5170811	0
536652	0
34237645	0
10416912	0
26758568	0
2103658	0
15592033	0
909794	0
17515768	0
20030215	0
40714121	0
16517805	0
10850143	0
33214942	0
9606753	0
7037331	0
23553518	0
45459751	0
1456907	0
8160112	0
12558448	0
46513470	0
15438617	0
917411	0
136424	0
20870492	0
13704076	0
7133888	0
21565920	0
5848697	0
4446582	0
1995377	0
16786378	0
4835266	0
6923507	0
4509301	0
30685800	0
7633057	0
1781612	0
11168523	0
2433795	0
1615847	0
9856039	0
3869346	0
12558395	0
1800984	0
12786498	0
11306950	0
3957348	0
124980	0
30967658	0
3132217	0
11794112	0
2295200	0
30816576	0
1216766	0
4686702	0
23243432	0
483432	0
3626621	0
4758746	0
34197812	0
747456	0
14691308	0
48152175	0
148813	0
2895579	0
193551	0
3822644	0
74984	0
42906031	0
3097248	0
14185043	0
41667104	0
30626017	0
27023556	0
29613982	0
1791842	0
14623103	0
43034826	0
26238250	0
2198937	0
8149160	0
15978625	0
7171152	0
5577870	0
20101483	0
4692894	0
1554023	0
503346	0
5031270	0
804038	0
14464779	0
7154641	0
608682	0
7633298	0
3744399	0
15278851	0
24065782	0
37689668	0
6175336	0
38178556	0
1198629	0
517181	0
37709046	0
47496190	0
30504665	0
9493727	0
8443226	0
1738873	0
11647540	0
35413708	0
3303352	0
3559920	0
1805500	0
13134154	0
16048853	0
23586750	0
37613205	0
752615	0
2687860	0
113650	0
446837	0
3169609	0
399050	0
8417667	0
1691855	0
15150320	0
1405985	0
5518041	0
29770461	0
11862130	0
1191886	0
12718403	0
8983187	0
36773779	0
30872282	0
26194012	0
22911416	0
26506685	0
16200820	0
2633316	0
3283689	0
22700623	0
13411949	0
162155	0
15591681	0
14579412	0
28959622	0
41603796	0
16860490	0
181094	0
4053556	0
21638423	0
196945	0
12151261	0
1113278	0
30442623	0
34063194	0
12277171	0
38476293	0
26117675	0
17958273	0
360845	0
15411323	0
21270486	0
6430956	0
58849	0
23819704	0
4454622	0
2247560	0
151257	0
5663107	0
1589455	0
39339462	0
2342048	0
33077385	0
35295449	0
22748574	0
10320204	0
48534735	0
2041167	0
1293579	0
1896333	0
23555421	0
902746	0
883598	0
6126689	0
23471332	0
2712122	0
439501	0
612737	0
31438237	0
10946625	0
35574848	0
2156735	0
31214305	0
28307283	0
8346305	0
2177250	0
4454985	0
44815	0
7868252	0
46900694	0
29360410	0
8021666	0
10027757	0
33351633	0
36374395	0
27856628	0
7319931	0
2409897	0
1901897	0
20875621	0
12468826	0
8972571	0
40165294	0
1022069	0
197107	0
18444159	0
24646288	0
35999139	0
1216469	0
13954905	0
6522067	0
16247974	0
12465639	0
45513588	0
341576	0
8307725	0
112924	0
8469211	0
8821138	0
5558022	0
43554962	0
4051602	0
4382930	0
12376266	0
19614831	0
4551408	0
1794708	0
30654471	0
3703746	0
1773732	0
9804204	0
31755684	0
32655910	0
2578149	0
30239406	0
5762785	0
4481346	0
22407281	0
988969	0
28025992	0
25065992	0
241732	0
8808353	0
5397009	0
1962686	0
13269722	0
2137897	0
12876034	0
504971	0
1402789	0
35869790	0
5635991	0
3410406	0
11575508	0
15396155	0
15290435	0
28157310	0
27106798	0
10484531	0
22633139	0
15079499	0
85301	0
