4552	1
4061788	1
1065593	1
3786042	1
57654	1
1438173	1
192332	1
1221816	1
1536200	1
404193	1
14335899	1
47870562	1
7687318	1
2875603	1
41397009	1
5376361	1
18493237	1
20116909	1
3793283	1
1058620	1
137241	1
9736907	1
31989295	1
1997881	1
3621219	1
10568733	1
112314	1
4051691	1
17475745	1
533378	1
11931590	1
1343395	1
579031	1
396952	1
5280985	1
328501	1
573199	1
38954428	1
2087579	1
771197	1
212681	1
168469	1
1698056	1
212797	1
10790200	1
629765	1
160112	1
14450090	1
1249974	1
455232	1
1225091	1
22390673	1
5971102	1
569014	1
4218645	1
8338091	1
165101	1
12292784	1
12647896	1
1227552	1
24424306	1
19892724	1
882800	1
9721150	1
150749	1
2376249	1
29044071	1
2707828	1
48781658	1
3223224	1
6706102	1
17862151	1
33937794	1
1264072	1
1107759	1
32399717	1
34759984	1
6178742	1
2028246	1
26689337	1
12555802	1
1573283	1
12960591	1
5424492	1
34103028	1
7916481	1
1742029	1
2377545	1
7033366	1
40786126	1
3351181	1
84275	1
10664413	1
463373	1
1960094	1
9645061	1
22458837	1
29898540	1
1278689	1
10643290	1
19073481	1
25730990	1
1238914	1
350357	1
13541747	1
2349722	1
12001969	1
12975952	1
19227554	1
8247848	1
23628310	1
2054546	1
29416809	1
29904927	1
1834524	1
253868	1
841947	1
11223	1
41198755	1
24308514	1
34509845	1
21797787	1
3321888	1
33643361	1
693271	1
1459410	1
252957	1
2353318	1
26693632	1
883075	1
1651520	1
26712648	1
23352540	1
1570919	1
13536263	1
5541663	1
3396241	1
2379982	1
25351317	1
896988	1
2212201	1
186252	1
157366	1
514219	1
168730	1
3158640	1
39367665	1
617579	1
31498731	1
11254	1
3779019	1
217282	1
488719	1
8897040	1
33799426	1
5850538	1
15619696	1
8312299	1
203292	1
16112417	1
37926542	1
13434020	1
453584	1
29118798	1
27908597	1
38208519	1
563917	1
4211579	1
3013019	1
344879	1
13633893	1
6655571	1
28063789	1
30855837	1
3253641	1
34975879	1
5211503	1
11742447	1
31341733	1
9642079	1
315900	1
5024710	1
318900	1
2973388	1
25575713	1
567696	1
1924626	1
83065	1
164425	1
1887040	1
1511285	1
6532262	1
11553901	1
26732574	1
28185388	1
401017	1
61978	1
9556131	1
243438	1
408529	1
1882974	1
15752654	1
424093	1
374488	1
15682340	1
6140787	1
3412189	1
42953	1
842033	1
21121845	1
1558543	1
374985	1
604448	1
390883	1
16599672	1
15429863	1
17579248	1
1657959	1
2080807	1
1498593	1
34050779	1
5585769	1
22225122	1
328151	1
23870333	1
5580715	1
46356772	1
5492032	1
44255516	1
5732455	1
24384960	1
4685763	1
4987149	1
5832365	1
13627	1
200446	1
5424688	1
4556046	1
1819086	1
4569206	1
18985250	1
18106602	1
2004010	1
2568815	1
3540441	1
13273184	1
4732214	1
32664288	1
11790594	1
21741916	1
731994	1
43678781	1
92019	1
187859	1
965359	1
27273798	1
5602616	1
5313558	1
3759001	1
34475028	1
2332463	1
646127	1
4255435	1
1821643	1
74644	1
3952159	1
1913494	1
378680	1
32183310	1
42061000	1
1877604	1
9854117	1
20816992	1
19616384	1
1836892	1
2577973	1
20809891	1
238117	1
4661104	1
1722992	1
390915	1
9018762	1
173634	1
295239	1
424417	1
45420	1
733140	1
8236905	1
38999731	1
1518737	1
3290879	1
5675176	1
1377313	1
4294356	1
994267	1
233184	1
1307620	1
1113227	1
30864444	1
25240679	1
43408541	1
4917604	1
37865446	1
654200	1
7615968	1
3853645	1
261368	1
125110	1
43950459	1
21808174	1
3871051	1
856713	1
1430761	1
711579	1
84381	1
23927454	1
2571516	1
968257	1
1692638	1
614691	1
902412	1
5134243	1
246174	1
205814	1
27983261	1
14372966	1
36662723	1
20500765	1
31144306	1
83750	1
12584764	1
161707	1
8777523	1
376694	1
6403964	1
147855	1
46209	1
31778853	1
6302631	1
383916	1
413714	1
7889305	1
364220	1
1634766	1
742752	1
2090948	1
429159	1
5478552	1
125565	1
395207	1
28337373	1
2239759	1
1366257	1
26293965	1
36587784	1
1364819	1
445341	1
8500284	1
285604	1
18610405	1
1618788	1
1264578	1
3746014	1
26887567	1
16880122	1
11778974	1
1009864	1
203754	1
4900427	1
8793435	1
3016121	1
39725761	1
159517	1
2108146	1
2828480	1
23750801	1
30863678	1
43180929	1
2742453	1
153056	1
5895395	1
643752	1
12259045	1
2295755	1
2083101	1
98613	1
30871072	1
418634	1
7504806	1
49105514	1
21090510	1
14446	1
2082636	1
1373436	1
6262218	1
23802651	1
18372032	1
7048192	1
3413306	1
31800831	1
6133844	1
4166086	1
4335890	1
1947544	1
11281586	1
544548	1
1508464	1
34005573	1
47747509	1
397272	1
478947	1
698196	1
651932	1
32400923	1
60861	1
22420015	1
14660651	1
3384002	1
3443358	1
14067980	1
920121	1
19570234	1
661713	1
205542	1
1434447	1
1184385	1
47877	1
745856	1
10393571	1
6599943	1
19675318	1
2388402	1
2263636	1
330810	1
329109	1
20115498	1
9302277	1
28279977	1
14261217	1
2905157	1
34913281	1
24997479	1
76252	1
2033287	1
4106584	1
8150168	1
2760280	1
1249242	1
31567095	1
1850772	1
1944449	1
864375	1
867221	1
7676830	1
1939189	1
1908863	1
995854	1
5059379	1
2378349	1
28750914	1
916274	1
8569916	1
46761991	1
20952	1
216994	1
884607	1
1233026	1
144341	1
31756740	1
412974	1
19117026	1
10146002	1
13140199	1
29487483	1
2499760	1
26565727	1
9107852	1
6120287	1
750047	1
3421700	1
1415639	1
70530	1
40709076	1
9643	1
82729	1
24255144	1
1194558	1
4412464	1
4010607	1
14855682	1
2258054	1
296370	1
3837487	1
188197	1
779067	1
19106309	1
1312713	1
41988252	1
12427495	1
3428922	1
3421543	0
4470079	0
412092	0
4730227	0
3487790	0
35998737	0
668700	0
5628163	0
36544988	0
13697345	0
3416429	0
41046143	0
12986072	0
5975362	0
179506	0
44290997	0
124542	0
5768514	0
1128659	0
25008160	0
5315782	0
47516106	0
38735352	0
2676954	0
909925	0
45019612	0
125560	0
33064701	0
2412110	0
10299567	0
1082609	0
31630945	0
24026494	0
40665243	0
21639127	0
22063710	0
11413525	0
13984568	0
5436634	0
1493242	0
111812	0
25670748	0
4094189	0
21004266	0
12913029	0
19054133	0
14040448	0
38784888	0
10313745	0
23490069	0
12685256	0
736450	0
134057	0
26437671	0
25918145	0
3129172	0
3208558	0
42175813	0
36860874	0
12320808	0
8511294	0
1205061	0
12575875	0
33182618	0
9269348	0
32341990	0
19816816	0
94749	0
2633632	0
1360400	0
19084064	0
28328130	0
47803063	0
23863898	0
19417452	0
2339219	0
31407948	0
1326783	0
11969497	0
3473730	0
915449	0
36422029	0
12669056	0
4147964	0
16462	0
27175330	0
404264	0
8945537	0
6210361	0
2456261	0
39346366	0
15654299	0
2198798	0
36694344	0
7955565	0
24333015	0
41473354	0
19331729	0
1027681	0
661888	0
433866	0
39088243	0
20963041	0
18096382	0
1815878	0
14307136	0
18774113	0
116558	0
4701989	0
47198013	0
11627523	0
12109221	0
127140	0
134885	0
8448279	0
3992236	0
25575952	0
19825907	0
14513907	0
37427343	0
11174017	0
27407919	0
23520391	0
17832662	0
600807	0
1286408	0
42645929	0
25213934	0
2323845	0
12732843	0
3686242	0
1456376	0
109680	0
5894694	0
11542305	0
1871167	0
2231285	0
8229958	0
36013055	0
46644917	0
747033	0
71046	0
2855278	0
38910451	0
723216	0
24913303	0
48357751	0
5701078	0
1222036	0
25540085	0
2928442	0
15604205	0
5832101	0
36838215	0
40680814	0
8320213	0
17177319	0
7136109	0
1935334	0
6826349	0
210214	0
7154968	0
8268619	0
24275645	0
39425342	0
8840776	0
1075505	0
1965655	0
20859178	0
33278341	0
28016093	0
7264667	0
5714132	0
13126087	0
6014729	0
2273726	0
19949938	0
41965980	0
17651550	0
2921548	0
864359	0
8177299	0
19505918	0
2705082	0
1421084	0
5680110	0
38493178	0
38305502	0
10419635	0
18559180	0
2444394	0
14337048	0
1073811	0
3101367	0
12433991	0
1592444	0
32969834	0
19958839	0
1163678	0
9710396	0
11943512	0
736714	0
13831355	0
2372989	0
7035995	0
7414768	0
2497011	0
31585645	0
23477027	0
25484525	0
5360220	0
1641132	0
14422221	0
19337804	0
12095941	0
30125673	0
21426357	0
5338320	0
25379892	0
10357155	0
1007796	0
244091	0
1134863	0
10675682	0
38056903	0
31923367	0
23384952	0
118791	0
34335915	0
7082401	0
2193326	0
5874886	0
12500715	0
1705947	0
11826469	0
1734343	0
4905601	0
15452132	0
47105004	0
7299085	0
23354896	0
15174476	0
20349498	0
14664145	0
2984992	0
8634451	0
371479	0
5137006	0
12387580	0
2060654	0
18982384	0
1269042	0
37588656	0
24975063	0
13696911	0
8925873	0
17769886	0
15790906	0
18905366	0
731541	0
2158716	0
2443080	0
4363193	0
18719843	0
34603921	0
24899441	0
17285753	0
6121393	0
1368669	0
1499477	0
11260577	0
11859328	0
1017647	0
35686034	0
40476314	0
39992100	0
1194660	0
18219104	0
1233874	0
14739030	0
2000114	0
25147348	0
7334854	0
32789431	0
20444034	0
2812226	0
37361258	0
12979573	0
3450915	0
524134	0
40046772	0
17847824	0
4404552	0
28937447	0
25842462	0
29648114	0
2067339	0
1763803	0
7038857	0
1028928	0
2521075	0
5872124	0
1732381	0
29784247	0
7236253	0
4652083	0
11058624	0
37599396	0
14702426	0
42493038	0
24742668	0
1916929	0
26616131	0
21388084	0
3394473	0
15177691	0
22770888	0
39810395	0
758094	0
28077499	0
129285	0
13061539	0
6830686	0
14174576	0
11921479	0
35332760	0
18683322	0
5626657	0
3286437	0
329490	0
6247846	0
2579417	0
21004167	0
37860688	0
5682656	0
269644	0
46255927	0
16187917	0
371540	0
5431611	0
15901966	0
18628446	0
33914335	0
25594666	0
16555054	0
24229732	0
126280	0
425323	0
161374	0
35903642	0
3028796	0
14854120	0
2178951	0
26118403	0
8312950	0
13947628	0
112766	0
15263417	0
12138818	0
122947	0
6059377	0
20198736	0
9275385	0
3588244	0
21185215	0
1424432	0
36696528	0
3209191	0
21479688	0
9604961	0
652437	0
26790509	0
27139072	0
2127397	0
26596997	0
25925175	0
13378321	0
2203643	0
1535277	0
19163512	0
38898175	0
1677088	0
48152474	0
303948	0
36822657	0
741506	0
39943177	0
871902	0
15777520	0
28587601	0
32658935	0
31270268	0
18662056	0
5454788	0
5624721	0
8850560	0
31314580	0
2113844	0
42504073	0
15359914	0
29026753	0
17422640	0
33664152	0
19386861	0
22290388	0
20689404	0
1864938	0
7729524	0
2971987	0
42172780	0
3897945	0
759415	0
2681078	0
561955	0
4928141	0
24240368	0
6794855	0
28354465	0
11105712	0
14703725	0
3452206	0
2354402	0
328144	0
23736105	0
37843469	0
25733325	0
1589303	0
10891109	0
4584873	0
10919387	0
31085071	0
1494634	0
26882991	0
748044	0
18348953	0
34621493	0
14266053	0
18464150	0
31098692	0
1580706	0
15148171	0
1690417	0
48466969	0
8540081	0
11648153	0
36020357	0
36549052	0
900003	0
24588489	0
35494059	0
11184971	0
1181426	0
5269700	0
15298803	0
2124940	0
970069	0
1070742	0
30404814	0
7441882	0
12664558	0
35293596	0
10543335	0
32490401	0
25668937	0
215555	0
20311657	0
15766979	0
39373949	0
1222441	0
4376781	0
18569383	0
18177571	0
6263422	0
6951084	0
47973936	0
7376696	0
19201424	0
304551	0
43399578	0
919081	0
24362200	0
7540006	0
8427132	0
134420	0
11916024	0
11521320	0
46301800	0
116830	0
19807717	0
8175469	0
9173495	0
396241	0
5698277	0
117511	0
44489815	0
6242511	0
11126697	0
18297944	0
8758610	0
10033505	0
