256559	1
9225055	1
3499593	1
2266366	1
757969	1
323494	1
153059	1
3372377	1
4007085	1
92405	1
18933396	1
5103466	1
157597	1
563385	1
7705831	1
33822488	1
5411718	1
36742387	1
188764	1
31101439	1
170512	1
3030337	1
102685	1
1965604	1
9694914	1
24643	1
323481	1
708247	1
3940827	1
606848	1
196318	1
7577695	1
6554476	1
9202318	1
331323	1
1037558	1
7289051	1
1244895	1
7376	1
105436	1
48390961	1
25956223	1
5063944	1
28835856	1
2792	1
232657	1
6037200	1
17206240	1
17507299	1
30855037	1
181616	1
11111181	1
4401267	1
22738	1
6707347	1
1385394	1
2574304	1
17739236	1
1848249	1
3734595	1
19834573	1
2921264	1
14312829	1
41959838	1
212270	1
10304801	1
244104	1
69880	1
242325	1
38410533	1
647274	1
24513305	1
5793516	1
1631206	1
3432431	1
3523972	1
2340298	1
14298059	1
18613368	1
769167	1
6112	1
397111	1
39122	1
181508	1
15497241	1
23388798	1
154015	1
511801	1
597894	1
4566964	1
5216030	1
2862940	1
364934	1
3769509	1
31292209	1
12816181	1
26707861	1
927699	1
22201400	1
211166	1
31489198	1
1345580	1
2941185	1
2252465	1
2152142	1
226605	1
32300554	1
25527859	1
3372264	1
46530	1
1271298	1
5729	1
1187650	1
66795	1
32429	1
502005	1
1490521	1
4717779	1
13773107	1
28687553	1
204331	1
4848	1
2667784	1
7303815	1
4554149	1
1752688	1
6881203	1
37352	1
16903	1
4656308	1
7445437	1
1120666	1
27354938	1
28622463	1
23230401	1
16415	1
56892	1
307973	1
4102941	1
188878	1
28206741	1
18754853	1
16284642	1
2366604	1
2739220	1
37870	1
895362	1
4045609	1
30896	1
691430	1
30515910	1
5824003	1
956934	1
522416	1
3177599	1
12726332	1
411316	1
164281	1
7322738	1
857344	1
632992	1
211367	1
87366	1
1786803	1
33189	1
9909761	1
655340	1
6810429	1
11609041	1
11732933	1
118379	1
1235484	1
1575867	1
7194497	1
297277	1
6977338	1
10952525	1
11019147	1
208316	1
3636139	1
24032821	1
29593791	1
401610	1
259758	1
980134	1
26186916	1
6295014	1
2982761	1
12964	1
1614461	1
779955	1
1554458	1
12189596	1
21851868	1
30864540	1
12867186	1
635111	1
294429	1
24245675	1
1848297	1
2177234	1
1237399	1
149932	1
223093	1
12232975	1
185536	1
1121700	1
43464	1
147980	1
21888	1
11761043	1
217788	1
15691215	1
29932	1
159676	1
10999574	1
35488383	1
40470032	1
441346	1
11834608	1
1358569	1
18247265	1
5476060	1
1262950	1
883885	1
373601	1
536617	1
1291995	1
1107783	1
365602	1
35358055	1
1515574	1
7653029	1
2168821	1
1188976	1
1148155	1
780018	1
5874683	1
27968549	1
700265	1
14537	1
26916230	1
3034909	1
969634	1
604198	1
20381	1
615267	1
9540507	1
142806	1
2613731	1
24148578	1
34707006	1
10936748	1
1505862	1
31279643	1
841907	1
100094	1
18097885	1
5273203	1
855103	1
13056061	1
4492762	1
151267	1
1218151	1
28069892	1
20833032	1
2991474	1
1130227	1
45304289	1
509889	1
303049	1
10907568	1
232460	1
33034640	1
252299	1
166395	1
285213	1
102490	1
29861333	1
3616563	1
7652183	1
202603	1
36845198	1
5483630	1
899253	1
41665082	1
40322375	1
11772	1
288188	1
1855557	1
13368460	1
338047	1
4874430	1
16571131	1
1453101	1
19567	1
1509159	1
5615996	1
141998	1
645220	1
1677048	1
35919168	1
1133571	1
145830	1
261546	1
442120	1
41133575	1
59534	1
3260694	1
5803858	1
2174599	1
49001	1
33879	1
6052441	1
2186055	1
48693084	1
1210961	1
4751650	1
13593664	1
2980425	1
27599204	1
421709	1
5826992	1
12895071	1
4147554	1
36586909	1
732612	1
859307	1
15989287	1
3516147	1
12986427	1
177165	1
1480784	1
31097018	1
4043692	1
161645	1
43478	1
156866	1
155740	1
3016271	1
39606861	1
361590	1
174171	1
412807	1
2999532	1
429142	1
1244859	1
425650	1
892765	1
375263	1
51983	1
432610	1
4320577	1
1630796	1
2540903	1
3244167	1
55667	1
34311829	1
2434819	1
193513	1
412710	1
4320847	1
52963	1
316660	1
79912	1
203901	1
4420864	1
882519	1
905392	1
1703255	1
877784	1
262800	1
1062429	1
1263527	1
2157729	1
437418	1
379680	1
4240194	1
398075	1
426805	1
11000930	1
624914	1
15404615	1
967147	1
5092882	1
1407767	1
52034	1
179426	1
4433929	1
518608	1
1776825	1
638664	1
298587	1
212286	1
26687976	1
3796828	1
297979	1
6743110	1
18061505	1
1363440	1
22972637	1
1028216	1
21863	1
469017	1
24193	1
1196731	1
427820	1
155375	1
1344546	1
27654180	1
1076893	1
4360537	1
34625392	1
13492454	1
1969271	1
30741696	1
348229	1
67366	1
490056	1
340152	1
7214237	1
441860	1
640154	1
5728190	1
3150170	1
1643486	1
460069	1
703348	1
866161	1
40556075	1
12152818	1
2098307	1
227817	1
797364	1
219208	1
931195	1
1517689	1
25350910	1
6507046	1
433066	1
960677	1
1786588	1
19179706	1
1439850	1
910429	1
3629120	1
1428235	1
4813970	1
5336	1
27483362	1
15657	1
24445207	1
1158915	1
1179269	1
833814	1
177421	1
297390	1
8353804	1
255252	1
788782	1
11560462	1
20821646	1
269405	1
77813	1
37977874	1
13277642	1
22308331	1
4677863	1
373750	1
61619	1
21211213	1
1505333	1
1513683	1
30876822	1
5364884	1
28962071	1
385597	1
3613558	1
208772	1
3236	1
11936957	1
30870662	1
363127	1
185973	1
23186653	1
1669998	1
225760	1
1111093	1
59739	1
2330364	1
1370306	1
103566	1
215377	1
2246027	1
1132223	1
1706589	1
23936	1
241321	1
262590	1
39624220	1
23419369	0
393194	0
29107529	0
2116349	0
14099270	0
42417643	0
18231257	0
4663111	0
42440302	0
10966003	0
28309872	0
34531468	0
1812634	0
7540337	0
27375319	0
3174095	0
11486956	0
11858330	0
6763358	0
2291579	0
730866	0
12419944	0
3321893	0
10775962	0
2653694	0
6045317	0
12472700	0
366985	0
4300114	0
1393751	0
19343827	0
30586461	0
7271220	0
23750	0
35462850	0
4208897	0
9911425	0
22062437	0
860593	0
122679	0
22975306	0
3591509	0
15007612	0
17949072	0
31211350	0
15945080	0
1327143	0
17734922	0
298253	0
3786874	0
8929170	0
13597582	0
11684167	0
2470441	0
41833541	0
1315586	0
1685496	0
33724204	0
35747067	0
45251056	0
18532842	0
18744968	0
442508	0
9647705	0
34324614	0
12961620	0
11150194	0
21272393	0
24951013	0
2546818	0
26905243	0
16927284	0
17037812	0
19768461	0
2740062	0
23419800	0
539718	0
4306582	0
48851571	0
7539246	0
33715428	0
96311	0
32459079	0
4106006	0
5723614	0
1275670	0
22564394	0
35230093	0
2901463	0
11233054	0
34805069	0
256068	0
3727118	0
3912910	0
35798597	0
7685907	0
2570910	0
4360863	0
18926791	0
6184123	0
15440584	0
9260787	0
9069067	0
21430997	0
31249550	0
39055003	0
8179537	0
2450015	0
13478113	0
32947377	0
16940532	0
1678842	0
23874515	0
11403668	0
15914420	0
42483106	0
855347	0
40975688	0
33382333	0
21924876	0
11366927	0
25609202	0
25196763	0
8509452	0
13625183	0
2410103	0
20871099	0
15017516	0
18356271	0
11629479	0
75798	0
21926913	0
7247695	0
9352187	0
3500976	0
10774894	0
3784359	0
23776835	0
2155071	0
38472715	0
4754463	0
3710693	0
1641530	0
4503296	0
890737	0
13809216	0
634144	0
24977211	0
3033296	0
24637925	0
14260631	0
12165388	0
21533095	0
44859021	0
48304732	0
8595520	0
9996713	0
40700770	0
42205431	0
43203549	0
134297	0
8570065	0
38582565	0
10071314	0
2602150	0
10034555	0
6602848	0
4849708	0
34062191	0
4353309	0
123783	0
5425888	0
12836034	0
2077631	0
1850266	0
1948219	0
2609062	0
31317845	0
5139000	0
20420210	0
2436928	0
49119876	0
41535184	0
6982251	0
127771	0
7466837	0
2817131	0
27363391	0
17103212	0
18542848	0
9088886	0
2160048	0
5614524	0
2971320	0
7142758	0
48168962	0
13403400	0
18253811	0
38372678	0
8587719	0
13406894	0
19786473	0
12796736	0
183762	0
6115615	0
3284476	0
3062512	0
44166038	0
10627001	0
105720	0
47769964	0
47018984	0
1325588	0
25359966	0
7770253	0
11982835	0
2671003	0
40275972	0
47953933	0
43075052	0
24338764	0
33609461	0
4924295	0
35532620	0
1077286	0
541802	0
4887535	0
137456	0
1398982	0
5830495	0
9552309	0
36954443	0
740968	0
1160065	0
6326950	0
1555747	0
162835	0
11811846	0
25759844	0
3024511	0
1840404	0
20736559	0
328429	0
5592415	0
31115525	0
17971969	0
11186353	0
4031755	0
27773456	0
1070120	0
8119543	0
27118982	0
26921140	0
5665454	0
4211033	0
25874489	0
2187162	0
1459074	0
2369567	0
846004	0
603989	0
39853660	0
2447768	0
723281	0
3810204	0
15957062	0
20576695	0
19170315	0
41713978	0
25076569	0
17890361	0
110960	0
8515046	0
34514620	0
27766395	0
31523211	0
23273516	0
7441882	0
5622334	0
48897035	0
26714794	0
2376157	0
34757380	0
32322134	0
10816912	0
2612091	0
1115370	0
1914604	0
36477676	0
14236703	0
4771198	0
124789	0
4010441	0
24203271	0
29116507	0
11093535	0
22475672	0
18829637	0
6198488	0
1267340	0
24485021	0
2315514	0
6834891	0
6255939	0
6921863	0
15399999	0
7725976	0
17521476	0
1051346	0
17596440	0
2952364	0
7856287	0
4191427	0
2166584	0
7155695	0
2780118	0
2520360	0
41734591	0
9467729	0
305651	0
2430695	0
11188781	0
931533	0
26708023	0
27438974	0
1271396	0
892849	0
25172145	0
28038134	0
1521229	0
18165714	0
12802367	0
31516724	0
13149	0
47462874	0
40560474	0
6287973	0
31902080	0
8853232	0
25413000	0
721552	0
7586593	0
35097517	0
27172354	0
39682144	0
2392487	0
14849218	0
6141396	0
2089221	0
3718465	0
11866069	0
1208449	0
22370388	0
3280523	0
47004173	0
40275731	0
496057	0
2031189	0
34155550	0
912945	0
20923253	0
39206796	0
1247750	0
6413756	0
15805568	0
32735725	0
21913757	0
9202434	0
14128103	0
9141479	0
30674532	0
11042009	0
12865151	0
1303729	0
24076481	0
468907	0
43141495	0
5509143	0
3105602	0
11394390	0
4580240	0
502366	0
7187452	0
19574634	0
76143	0
47830654	0
3347995	0
4205209	0
1605691	0
5933249	0
29561487	0
23408892	0
28827268	0
1228241	0
2106826	0
39319930	0
37965060	0
1424603	0
12173116	0
7175938	0
878305	0
15993887	0
4931853	0
1021628	0
420521	0
17624565	0
3479200	0
12428731	0
11556925	0
1322335	0
12794963	0
44183570	0
42544296	0
35299740	0
114315	0
4845683	0
585705	0
23846106	0
10282899	0
2106276	0
3453234	0
12929755	0
43479741	0
586782	0
21486297	0
38862082	0
3613243	0
13466204	0
47336534	0
21956977	0
47945444	0
17592586	0
3352206	0
5545666	0
11595003	0
11591159	0
5354668	0
25935888	0
9023887	0
6232377	0
32624663	0
8688173	0
1827433	0
11076026	0
4827088	0
919921	0
4352243	0
4428991	0
2218761	0
23254346	0
20611538	0
31630878	0
19115083	0
7678843	0
22766423	0
38940596	0
6827028	0
7344186	0
164204	0
2188980	0
6479615	0
16276916	0
1424872	0
44541358	0
751304	0
25413538	0
87844	0
15310952	0
9587643	0
2619540	0
47954167	0
1975598	0
1030430	0
2170463	0
8974278	0
2583432	0
8066733	0
713785	0
10157184	0
23845903	0
41639219	0
12371657	0
48715712	0
397253	0
20950040	0
3135007	0
1418915	0
2227799	0
2472065	0
301776	0
12360386	0
14043222	0
27036484	0
43432353	0
2242682	0
4179741	0
20485225	0
620568	0
130863	0
2365150	0
