3500040	1
1902351	1
20880661	1
2773198	1
3153199	1
40808944	1
11834167	1
11789296	1
14758523	1
972584	1
4766735	1
794262	1
48425447	1
39240026	1
2081421	1
34416357	1
14594987	1
2313275	1
8097657	1
28442076	1
5585118	1
459175	1
755414	1
55483	1
627746	1
652517	1
49251	1
546388	1
9245234	1
6426448	1
708615	1
37381	1
4654440	1
234276	1
1687051	1
2308414	1
328224	1
2617751	1
51314	1
2270704	1
6059246	1
4603457	1
22329599	1
2560944	1
16607264	1
143579	1
692071	1
26973	1
323068	1
3064730	1
2126759	1
1283751	1
2233336	1
6942648	1
629015	1
6338090	1
29334335	1
756252	1
314449	1
3643976	1
21031	1
9602297	1
1165838	1
2737014	1
4424611	1
8247543	1
23741141	1
5941416	1
983826	1
1561598	1
1873263	1
159895	1
2423666	1
181549	1
178353	1
9238	1
5689713	1
40160808	1
2658367	1
1181294	1
868165	1
416229	1
3726984	1
9222128	1
2113680	1
5644352	1
881600	1
3437384	1
2141428	1
39286049	1
12504289	1
1433683	1
413559	1
489001	1
368553	1
37190953	1
453595	1
21913399	1
7574506	1
32463627	1
2896179	1
177299	1
7516692	1
25453500	1
21011431	1
2529744	1
6278836	1
11989746	1
259841	1
12884468	1
3850788	1
7873116	1
3834211	1
1335758	1
6389839	1
12424175	1
9069816	1
4581786	1
750967	1
451413	1
178547	1
16473519	1
9917443	1
23722412	1
1615598	1
327300	1
589932	1
1693680	1
451399	1
10365749	1
451295	1
28268079	1
6484449	1
4311725	1
512577	1
117920	1
1421711	1
34956015	1
304185	1
13964966	1
79477	1
1313019	1
6537145	1
341241	1
3877489	1
4761648	1
23408	1
42375080	1
9760958	1
2731541	1
991587	1
2587872	1
171196	1
1436521	1
103288	1
16454230	1
468552	1
29385595	1
44014	1
846396	1
41264783	1
21932564	1
28010526	1
43587566	1
3001443	1
2739695	1
1560029	1
809041	1
191162	1
2304820	1
5520	1
592819	1
32591666	1
28803747	1
614730	1
2514117	1
178356	1
381293	1
16316827	1
36958890	1
247994	1
535635	1
30724483	1
25282144	1
4716497	1
24833629	1
500633	1
2421450	1
30864751	1
14476937	1
3305085	1
1436645	1
39934882	1
265145	1
23481564	1
22972472	1
22925293	1
7467471	1
336694	1
11259483	1
143661	1
23938493	1
39660031	1
2890738	1
550482	1
18800331	1
2662443	1
2374657	1
27131291	1
13796815	1
12312653	1
761753	1
436988	1
6389955	1
101626	1
28059672	1
23485308	1
9553824	1
10020222	1
6163834	1
178698	1
12455649	1
1413498	1
220267	1
527777	1
1918922	1
345468	1
148001	1
2201810	1
309666	1
14929017	1
277479	1
5575964	1
46944643	1
1611235	1
127324	1
542155	1
25948180	1
4078573	1
21907286	1
134401	1
4493254	1
2333434	1
7738589	1
12424860	1
1857865	1
31687530	1
8316935	1
466672	1
55510	1
1038760	1
33953311	1
20000756	1
12420160	1
998301	1
3164555	1
8490949	1
15738071	1
1898761	1
32251282	1
2170601	1
1410761	1
27089438	1
6384374	1
127381	1
262699	1
391658	1
1001377	1
424770	1
791957	1
1690305	1
69813	1
3556804	1
93765	1
64485	1
49031535	1
1054022	1
20593859	1
2226884	1
8950775	1
103759	1
160669	1
28913260	1
6515614	1
32532491	1
4919706	1
984021	1
6554003	1
1636416	1
7283918	1
18748557	1
532516	1
14860970	1
4797464	1
2265561	1
1114280	1
176544	1
2326049	1
2801877	1
14329824	1
4000328	1
31729737	1
1604611	1
469028	1
71407	1
6169617	1
6077955	1
396443	1
1021390	1
2191836	1
1605267	1
70738	1
1713740	1
587812	1
12393306	1
1985657	1
369392	1
348345	1
212177	1
193907	1
30161954	1
36628442	1
1174158	1
17928	1
200341	1
21552756	1
2371108	1
110513	1
458756	1
2081402	1
2045780	1
29513170	1
1342295	1
3738531	1
5211818	1
1613345	1
10670457	1
90956	1
1575010	1
31616472	1
3137297	1
405411	1
7139808	1
7407185	1
2031372	1
302628	1
2125099	1
12098	1
10566232	1
3058218	1
4905504	1
258963	1
6591	1
562312	1
1056576	1
7124772	1
350666	1
178506	1
4575699	1
14193181	1
16712	1
2754368	1
4904841	1
652479	1
475644	1
4208710	1
21156981	1
816344	1
395145	1
968960	1
1287254	1
701728	1
2443406	1
586763	1
1169654	1
1851672	1
2369129	1
910462	1
13700569	1
739674	1
1614461	1
22656372	1
66291	1
209561	1
700392	1
29686069	1
613921	1
37581790	1
8545896	1
602030	1
40673084	1
88595	1
3492346	1
2454456	1
3520045	1
1634160	1
3231680	1
2023272	1
707994	1
12080822	1
16898	1
12204715	1
180709	1
39297858	1
512929	1
1739753	1
26994	1
3191485	1
3003136	1
12410174	1
1496334	1
425448	1
42552589	1
1163159	1
386913	1
4452675	1
12208359	1
342814	1
28338	1
5713335	1
2120650	1
1148308	1
1648231	1
258843	1
5028311	1
7574790	1
25124754	1
15839158	1
321528	1
23645	1
187202	1
9076601	1
10026866	1
3676672	1
3326314	1
306486	1
2596752	1
20902132	1
1598629	1
178004	1
21125563	1
175905	1
13910408	1
182639	1
1148710	1
9758101	1
153253	1
19681488	1
29456319	1
1268495	1
297882	1
2952125	1
5687040	1
1044584	1
4366729	1
1055028	1
3904121	1
20546	1
1139843	1
24864062	1
7466264	1
1059683	1
281146	1
3546564	1
36686176	1
8662143	1
65992	1
15815569	1
624443	1
842773	1
3770620	1
227672	1
35963178	1
1797398	1
827197	1
19609637	1
11809178	1
20205	1
1651491	1
988423	1
2262675	1
29486	1
716797	1
1073559	1
4335387	1
23481455	1
22297726	1
1220566	1
6427858	1
24438380	1
1240623	1
5988853	1
71536	1
28433429	1
5750773	1
1593239	1
18444	1
348689	1
26243474	1
21081466	1
37350785	0
18230907	0
6825062	0
43027325	0
33535828	0
15923501	0
10919253	0
11874211	0
15143052	0
25785975	0
23196575	0
442456	0
4226914	0
6484777	0
34301656	0
18732813	0
4649706	0
32087480	0
669154	0
242517	0
234886	0
12524247	0
15584804	0
19017823	0
6760	0
39926727	0
123578	0
23748195	0
6826175	0
608528	0
433866	0
42509499	0
13139366	0
3442738	0
1263698	0
3901050	0
1767108	0
13595290	0
3795020	0
21441616	0
4153778	0
17360142	0
12606849	0
4252682	0
7628139	0
343584	0
5404370	0
17711389	0
16916600	0
32528717	0
322139	0
9508770	0
6185814	0
47049799	0
5640962	0
37267442	0
33561234	0
24677039	0
41717764	0
426235	0
1920216	0
8781	0
10037753	0
9961610	0
4676202	0
10434693	0
23750395	0
6815291	0
8838498	0
8028415	0
23922262	0
20906856	0
5408334	0
47039415	0
571953	0
35804887	0
429322	0
34400913	0
1691329	0
4683990	0
49433465	0
1913987	0
6786473	0
635610	0
2478476	0
7733572	0
1630798	0
3683425	0
9782142	0
10038880	0
181116	0
15809720	0
49079857	0
20561016	0
17777159	0
10374612	0
2553707	0
351952	0
14888496	0
15756699	0
30796158	0
32943867	0
7555637	0
23408886	0
6744644	0
17722769	0
1191975	0
4513886	0
5577034	0
34502163	0
31564890	0
12797677	0
9364745	0
1848678	0
5528817	0
10510022	0
11336161	0
18981162	0
45357700	0
1183696	0
785210	0
2455329	0
1533270	0
33553016	0
10105627	0
2594708	0
6752770	0
23923080	0
7741943	0
7088663	0
9921999	0
1272221	0
13968219	0
9271528	0
39152479	0
2330627	0
5364737	0
5931367	0
13398970	0
6701939	0
14848433	0
47155069	0
17152727	0
4016021	0
6408000	0
24109983	0
14689356	0
805290	0
1480747	0
4036552	0
1776825	0
18261868	0
15848826	0
31281070	0
3625563	0
15828788	0
42803	0
14379835	0
19543988	0
23325934	0
2726812	0
42056335	0
1856623	0
28344953	0
45484117	0
632447	0
28049690	0
25077655	0
10772691	0
23747745	0
3893819	0
38084711	0
46279422	0
26689011	0
31568047	0
30649706	0
8656162	0
4180667	0
30779407	0
41276465	0
2564778	0
2149514	0
39575990	0
3295235	0
359657	0
17972182	0
917053	0
21388525	0
19634920	0
10658527	0
6200695	0
10956170	0
3124381	0
16170026	0
25381960	0
2073268	0
2593036	0
27254406	0
773116	0
1439290	0
27977	0
2885266	0
39278845	0
37592359	0
2231203	0
10938277	0
2286435	0
18966130	0
12937828	0
6699678	0
12568026	0
27855362	0
28761204	0
13899558	0
266012	0
2750400	0
27541084	0
27758635	0
35533542	0
4026578	0
631445	0
7195515	0
12421720	0
39240338	0
3267667	0
10863416	0
6087714	0
28888599	0
1584618	0
59396	0
8122589	0
333645	0
11665686	0
13337678	0
9993655	0
22281413	0
48304874	0
37701948	0
3268070	0
2030129	0
6522067	0
26551450	0
12882309	0
48152994	0
12523161	0
13771001	0
16360339	0
18305296	0
20681373	0
4961563	0
296788	0
39354718	0
8550790	0
11911848	0
2333760	0
4638126	0
1247997	0
747305	0
38471508	0
4183385	0
30772500	0
8577562	0
15272027	0
9509964	0
3958424	0
4919228	0
15440234	0
12831029	0
5507317	0
7229998	0
91628	0
29837028	0
119508	0
30861508	0
35154794	0
7125908	0
109977	0
6939078	0
19608497	0
4200439	0
15967671	0
3018277	0
18806353	0
17380285	0
11915324	0
1655192	0
8010209	0
12170328	0
33569936	0
38079187	0
3506741	0
13749007	0
47718664	0
28982374	0
4355409	0
12162806	0
6160006	0
550463	0
1202265	0
31560142	0
33743410	0
4604370	0
5224518	0
7443725	0
153265	0
60259	0
2683268	0
42231316	0
11686862	0
515650	0
10555301	0
29790167	0
33117851	0
2510834	0
32823913	0
24223718	0
39644561	0
27092013	0
25154194	0
25365188	0
15526864	0
25308596	0
240058	0
7384508	0
6027096	0
29869352	0
3559599	0
39047112	0
15391499	0
7144243	0
13690395	0
48905506	0
27197699	0
96201	0
18480913	0
2734819	0
20220523	0
12553958	0
5517617	0
8654213	0
880993	0
6877318	0
769234	0
4588522	0
31502116	0
236295	0
2901612	0
6000080	0
485788	0
25526330	0
27599979	0
22745336	0
80903	0
14331018	0
4348993	0
2049756	0
523891	0
9628449	0
13142890	0
7370077	0
16049442	0
630234	0
6271159	0
31474329	0
27245480	0
3448785	0
7004388	0
1951274	0
40117921	0
3651860	0
38007965	0
6169399	0
38780315	0
21002468	0
1389582	0
2587146	0
24056012	0
4978008	0
492001	0
24577706	0
4044071	0
20076571	0
5872059	0
12451241	0
19240396	0
672965	0
1324587	0
633468	0
650013	0
12000245	0
1382306	0
23879404	0
956338	0
6263471	0
27781	0
4086976	0
1747265	0
30818689	0
43419774	0
15972212	0
26608480	0
31447859	0
7228556	0
14057782	0
46885307	0
18920491	0
18950277	0
730842	0
18652929	0
5745702	0
1914529	0
8756462	0
47471090	0
29189803	0
4056346	0
27715209	0
19187405	0
38995408	0
16921080	0
4553515	0
44527515	0
5665329	0
6754630	0
42034762	0
18095077	0
5467991	0
14923614	0
44038770	0
4641066	0
33997066	0
2900272	0
3234366	0
15307640	0
11417678	0
11263024	0
2633642	0
16012628	0
4286689	0
851091	0
1809000	0
4447502	0
22533890	0
2454631	0
5960286	0
5485895	0
706324	0
6924659	0
730309	0
26275521	0
602707	0
34647617	0
11983951	0
10141330	0
2040166	0
34301325	0
2210615	0
30832785	0
1720304	0
92082	0
311548	0
12054530	0
7638059	0
3468627	0
1505472	0
2213703	0
23503590	0
39747144	0
13469577	0
27902823	0
29147360	0
1124735	0
512775	0
33698441	0
9112507	0
24417403	0
16860490	0
1680981	0
9036096	0
11755370	0
21116400	0
1399689	0
425705	0
15323442	0
13853425	0
122343	0
6394903	0
25775752	0
1563854	0
2024278	0
7373933	0
2501601	0
8712761	0
5793924	0
129382	0
6180967	0
188676	0
32751882	0
12418537	0
8799199	0
5643123	0
