24399437	1
454754	1
11346179	1
143087	1
3707453	1
44122	1
13944073	1
1205160	1
29553934	1
165507	1
310675	1
19612455	1
1814	1
381834	1
31523001	1
163437	1
4251169	1
210311	1
38447	1
37702542	1
58469	1
1625624	1
1305538	1
200836	1
192093	1
11288144	1
5150659	1
769412	1
19858	1
19376148	1
13051083	1
2117656	1
746925	1
2560168	1
314046	1
472821	1
157428	1
2383599	1
458022	1
625796	1
310745	1
1108810	1
2821299	1
376503	1
131516	1
395242	1
42730	1
17741	1
23149768	1
514619	1
222568	1
12712	1
18247391	1
1844898	1
84147	1
3279424	1
23204070	1
3295	1
23913718	1
2656122	1
11918785	1
2558634	1
557518	1
1001622	1
3203797	1
149356	1
90407	1
9051287	1
4161696	1
20651816	1
162365	1
1677109	1
3647150	1
4627333	1
16987190	1
1027722	1
6901066	1
297157	1
1057223	1
27472888	1
1323540	1
751355	1
241937	1
383263	1
208638	1
36758782	1
2472643	1
602005	1
18951556	1
4115416	1
350665	1
3827792	1
452239	1
32310	1
3999305	1
411367	1
187904	1
2814188	1
382795	1
244588	1
32004110	1
40353	1
23815052	1
193777	1
1393859	1
431636	1
391215	1
18961987	1
179334	1
2157658	1
16976614	1
649065	1
6779814	1
25836019	1
292702	1
396454	1
465736	1
163543	1
160504	1
7495097	1
3975857	1
879098	1
7366665	1
1680827	1
599838	1
18681491	1
99340	1
174479	1
28621433	1
11632	1
954	1
22989	1
27288	1
121124	1
2223581	1
73208	1
22101487	1
6245517	1
824245	1
884386	1
44608	1
2784772	1
17372	1
355237	1
1554700	1
7672	1
23991668	1
339155	1
19283949	1
24383069	1
3048690	1
25438208	1
338683	1
46294290	1
16636061	1
950611	1
22289457	1
7370175	1
352418	1
7883410	1
77799	1
147326	1
455401	1
3864340	1
12318000	1
185176	1
702678	1
4662368	1
9732948	1
102298	1
32585726	1
25895815	1
1111507	1
83934	1
76619	1
35159251	1
37232258	1
886892	1
3453237	1
197229	1
5583441	1
1637326	1
1102595	1
803609	1
3270329	1
260989	1
77773	1
1759738	1
11884384	1
6708880	1
543340	1
4378637	1
58407	1
3238253	1
148671	1
24671541	1
351162	1
2305249	1
27615775	1
730578	1
28208	1
73205	1
226497	1
5140230	1
32440218	1
304673	1
2798281	1
1453015	1
31588425	1
166611	1
2822544	1
2809117	1
7063495	1
37142	1
111136	1
221902	1
27530802	1
1452366	1
2465287	1
2483320	1
64149	1
135528	1
7765601	1
1573049	1
4328730	1
2792590	1
1533434	1
206646	1
3056537	1
1347020	1
57604	1
2088938	1
17148739	1
79787	1
1820288	1
22777571	1
63179	1
12955	1
25069031	1
13777916	1
594504	1
736478	1
5597391	1
1995700	1
375765	1
303544	1
49300	1
2447591	1
68286	1
838457	1
255274	1
1219818	1
31575525	1
2647475	1
2074895	1
19021953	1
322372	1
23821	1
5253214	1
24230	1
21701935	1
12464109	1
152061	1
1517536	1
25978572	1
2073557	1
151698	1
162098	1
376949	1
521057	1
344783	1
850931	1
50649	1
22467478	1
435800	1
8814795	1
441906	1
6788044	1
3955571	1
11648910	1
39632020	1
5409978	1
1748518	1
5233851	1
1672021	1
1231509	1
30872777	1
20548727	1
63149	1
424638	1
59224	1
2822968	1
18995	1
31345045	1
16119	1
158226	1
2890188	1
5208827	1
434025	1
1006061	1
55917	1
24417	1
160188	1
29010	1
202402	1
34855359	1
943511	1
4685305	1
1826856	1
5006265	1
11958	1
201171	1
1753822	1
1121234	1
2014725	1
329655	1
68697	1
5684717	1
19820134	1
1740941	1
183853	1
30872027	1
22977	1
1548	1
699501	1
1650406	1
1612519	1
17211812	1
185015	1
304169	1
1028868	1
311332	1
160632	1
27407062	1
1984020	1
21825423	1
3222482	1
183878	1
23615827	1
3200649	1
703990	1
1520732	1
2970779	1
298884	1
6127702	1
174685	1
15739992	1
45108988	1
204706	1
30850	1
351717	1
4764846	1
1121430	1
297564	1
101146	1
918517	1
2122657	1
412959	1
641373	1
1343000	1
301105	1
244333	1
889200	1
524393	1
33540743	1
2585134	1
926614	1
39425	1
30521593	1
38203112	1
5666988	1
277170	1
20373427	1
419786	1
3854479	1
800465	1
15143976	1
310210	1
17616924	1
22589	1
3284932	1
125528	1
938259	1
842182	1
3556489	1
23369	1
1089547	1
478733	1
217418	1
31035	1
22995	1
48823	1
1236491	1
2842611	1
188429	1
1682557	1
20767827	1
1015328	1
1843909	1
725503	1
596238	1
137869	1
455355	1
2432829	1
1026826	1
22234375	1
2385928	1
1456401	1
2377518	1
2064976	1
340197	1
6656965	1
145064	1
375660	1
393562	1
6715999	1
14229	1
39617752	1
215155	1
441671	1
27257140	1
195726	1
345481	1
349889	1
100127	1
13676128	1
20351	1
15480431	1
55174	1
11820371	1
164328	1
38524874	1
11559345	1
228998	1
19201	1
33875	1
182023	1
32402385	1
1056332	1
6016678	1
1672625	1
3927496	1
23714699	1
230467	1
19938560	1
409071	1
84154	1
1906742	1
47818643	1
1217100	1
5351328	1
217685	1
38428	1
28484198	1
15268424	1
930301	1
938036	1
4413453	1
367947	1
19356538	1
2475761	1
1489006	1
6195	1
2477100	1
13385533	1
20314501	1
13459	1
397814	1
220784	1
38337762	1
153644	1
89323	1
26563570	1
207981	1
151094	1
1326068	1
16095379	1
577126	1
92603	1
511471	1
7430279	1
614504	1
286083	1
423161	1
418625	1
20940812	1
43771034	1
338548	1
2496401	1
692878	1
161038	1
728802	1
1077227	1
15240760	1
50960	1
11165029	1
12578	1
1158736	1
240089	1
2170267	1
19633859	0
9523532	0
13921998	0
23916573	0
3628734	0
5553931	0
27752563	0
28590294	0
2154852	0
26178961	0
16513692	0
31426139	0
8549342	0
25795326	0
520773	0
811470	0
5919849	0
20898826	0
1967452	0
13376208	0
1333642	0
44376725	0
18430144	0
47056521	0
34426237	0
432562	0
4355252	0
4991828	0
1951464	0
1368671	0
21964640	0
3056623	0
28624478	0
171356	0
18535823	0
704763	0
4956682	0
26041083	0
22642719	0
27200593	0
964645	0
40941230	0
846471	0
5512051	0
3878084	0
17993500	0
6541894	0
3130174	0
5817970	0
32797410	0
2313552	0
5186726	0
10782943	0
28348825	0
14983116	0
4840184	0
22640190	0
2166649	0
47153459	0
26785944	0
2513047	0
1020318	0
13621776	0
6459156	0
452084	0
872238	0
1473236	0
815975	0
12188586	0
42406498	0
19136340	0
18674933	0
36213757	0
5573330	0
1390404	0
22408636	0
129508	0
34612880	0
1582226	0
623861	0
31153560	0
3965342	0
13511004	0
6003802	0
25814587	0
7528714	0
18896514	0
178153	0
25509107	0
8466721	0
956333	0
30778113	0
8890573	0
8321705	0
31189326	0
3773618	0
420515	0
38932106	0
1053200	0
24200913	0
33654602	0
45509976	0
24192222	0
15187089	0
13292826	0
32450455	0
16641132	0
9498599	0
43551550	0
611283	0
26750950	0
6413084	0
46471915	0
7333486	0
217776	0
20872873	0
35890515	0
453682	0
25493629	0
962130	0
9474220	0
30688857	0
11409121	0
31153141	0
919529	0
648159	0
17868048	0
16087544	0
31522314	0
2705047	0
22094219	0
17061511	0
25100	0
22144990	0
23418260	0
27338495	0
13718462	0
204525	0
6483201	0
39494614	0
267456	0
2708025	0
8753653	0
30075943	0
45603357	0
173672	0
15402365	0
8015048	0
9485439	0
2330930	0
12812473	0
3463203	0
1646427	0
23973625	0
14484370	0
4613969	0
3977398	0
11578770	0
1819893	0
383487	0
7800620	0
5286827	0
18662092	0
5707793	0
23042696	0
42217190	0
12263012	0
34199873	0
6198712	0
2262832	0
3173722	0
19112845	0
37384599	0
4782685	0
6392804	0
29292425	0
47361554	0
23524727	0
6815878	0
9241554	0
371824	0
19641981	0
14202294	0
364793	0
24473554	0
48338202	0
11673571	0
1348892	0
34969625	0
6227087	0
993091	0
6230347	0
7588230	0
11264495	0
33440021	0
2950546	0
26367067	0
11191175	0
49589749	0
631204	0
25056015	0
13069801	0
42638531	0
22059274	0
2018303	0
29274041	0
27574021	0
11185583	0
23553039	0
32297116	0
24493116	0
29447409	0
5795028	0
13098298	0
27293599	0
34951737	0
6810818	0
33000424	0
4920655	0
19444288	0
19127434	0
11206686	0
666948	0
6659936	0
13965869	0
38685724	0
155554	0
1428955	0
14516808	0
25625678	0
8645989	0
19789333	0
483481	0
5947698	0
1476132	0
13057305	0
6855440	0
34577421	0
11898647	0
4957977	0
46967866	0
4589845	0
35288556	0
2655719	0
23615215	0
11289749	0
44551937	0
7713149	0
38942313	0
34212084	0
154345	0
2986136	0
39433542	0
921159	0
6489884	0
2360710	0
14657043	0
1126614	0
3728288	0
8630848	0
2830294	0
47501861	0
1267885	0
11750090	0
6208661	0
3195093	0
24702374	0
271962	0
17374770	0
1075619	0
6787685	0
4562278	0
2487777	0
18539106	0
17115937	0
12619139	0
12851383	0
46461765	0
19202763	0
1054961	0
2893513	0
38395275	0
5963108	0
8612895	0
115506	0
4274094	0
2608958	0
306406	0
29005402	0
245785	0
292434	0
22133498	0
117959	0
15601232	0
13662331	0
1546393	0
2377645	0
370151	0
13601532	0
16348800	0
5291681	0
8236103	0
2357896	0
13281123	0
1319356	0
118738	0
1542672	0
3038618	0
13625828	0
46400001	0
1374551	0
111838	0
1810628	0
416607	0
38729519	0
25126526	0
14704108	0
25962064	0
9060639	0
8718730	0
485289	0
17092766	0
2881815	0
4542613	0
168267	0
18055637	0
24112150	0
23934859	0
22491445	0
36002739	0
70634	0
4049056	0
36459470	0
13703870	0
227405	0
227423	0
4409930	0
43233616	0
35943144	0
3081764	0
6732014	0
5211846	0
48648632	0
30544137	0
4263550	0
2557680	0
599741	0
196406	0
18563996	0
44727580	0
19021541	0
8729921	0
20398980	0
33535066	0
382348	0
897327	0
19477684	0
18775445	0
15490369	0
47161547	0
11793804	0
173612	0
13586095	0
3556129	0
11303915	0
14169612	0
2008431	0
16607641	0
6145960	0
15277102	0
6211759	0
1261542	0
36278112	0
2526651	0
2905254	0
153852	0
6949055	0
23549695	0
6085136	0
36512180	0
33249155	0
112246	0
18944496	0
812960	0
21531636	0
2151504	0
33881981	0
1354759	0
47597240	0
12491394	0
23532878	0
31494111	0
7464768	0
17199349	0
1231139	0
7151529	0
16795948	0
21985780	0
4856941	0
10452175	0
944336	0
46401718	0
33418994	0
6110339	0
21168554	0
18786517	0
2060350	0
46955098	0
5495101	0
38171839	0
7146738	0
4562066	0
46428286	0
15764086	0
2520175	0
3844936	0
2200169	0
7408782	0
3019993	0
46345281	0
26616884	0
3512112	0
45496328	0
5261164	0
3430251	0
37080123	0
47279427	0
16593308	0
22102226	0
13070086	0
18394460	0
7448795	0
9045513	0
917907	0
7354157	0
2780589	0
32919219	0
12913616	0
13357656	0
3879552	0
26293336	0
1131781	0
14989697	0
12426272	0
2922566	0
19365827	0
2091601	0
3230691	0
13001010	0
2823481	0
28027968	0
972579	0
7455769	0
1972486	0
7017539	0
451653	0
1560273	0
33002517	0
38434489	0
22881544	0
2733283	0
2120619	0
1091195	0
22370088	0
47659995	0
17507804	0
29073776	0
1019391	0
11469488	0
24994111	0
11675478	0
5135368	0
4386368	0
13913864	0
14265678	0
4104097	0
5394780	0
18814342	0
36842540	0
1106935	0
2274122	0
7932212	0
27367770	0
5051994	0
1450187	0
1312443	0
123387	0
8904434	0
10535583	0
8439649	0
14591743	0
900588	0
14175494	0
8688638	0
562849	0
1388969	0
38001551	0
7745791	0
12298110	0
21333038	0
