20566	1
3460009	1
11225	1
601557	1
42731008	1
22557659	1
2797335	1
99959	1
34653036	1
7754556	1
1394726	1
700713	1
6324832	1
3147127	1
20070169	1
804187	1
45048247	1
3331987	1
2269525	1
3151790	1
15215979	1
2358379	1
147871	1
683873	1
6063051	1
5787026	1
17529031	1
18362179	1
17100977	1
262459	1
4282137	1
1938728	1
666088	1
33124994	1
5067420	1
2083238	1
5847824	1
1506073	1
10312236	1
1518071	1
29418166	1
2989936	1
44679975	1
24259767	1
14554576	1
4363293	1
495792	1
140616	1
15137264	1
1840798	1
25366033	1
25889205	1
2859825	1
37512054	1
1217587	1
1661301	1
11070870	1
8541920	1
3086253	1
22465993	1
31539011	1
12267168	1
33870676	1
2771081	1
35187444	1
4162621	1
13720482	1
1770430	1
10332471	1
312251	1
31122417	1
36191249	1
11068815	1
588440	1
329846	1
223841	1
31526536	1
979090	1
21937097	1
2498915	1
99121	1
2324694	1
450908	1
1127397	1
4416037	1
4402519	1
637494	1
186832	1
1431104	1
5768633	1
34995948	1
21164944	1
27227639	1
850536	1
28655325	1
1775438	1
817441	1
7432383	1
60307	1
888715	1
48145717	1
14672043	1
1056091	1
3412481	1
19739600	1
4998554	1
2034332	1
28972024	1
11166239	1
2250712	1
3228491	1
23308555	1
2274936	1
20854932	1
11730341	1
2820843	1
2423701	1
26589358	1
11270775	1
6714300	1
39221148	1
9257001	1
4752678	1
3090309	1
160760	1
298781	1
30557199	1
10916824	1
253413	1
1198144	1
5668538	1
895428	1
226947	1
5052649	1
37022396	1
32674079	1
39651083	1
2213745	1
13333780	1
4939088	1
901202	1
17182907	1
8845022	1
2641068	1
525034	1
9015571	1
1386079	1
34887166	1
29202630	1
61166	1
37689080	1
1915010	1
35992729	1
2236238	1
21606334	1
2534062	1
27946541	1
43794378	1
721033	1
7377572	1
1184408	1
11999287	1
2204383	1
14249358	1
751787	1
18546826	1
3927840	1
709012	1
1888621	1
17569760	1
923285	1
7326541	1
35547525	1
559443	1
3217260	1
28463820	1
27209923	1
4829129	1
41460810	1
2723135	1
29103147	1
873083	1
2393966	1
27494440	1
23585683	1
7291411	1
15627191	1
7968695	1
1967540	1
8021453	1
2252268	1
42397219	1
4054119	1
24803178	1
8349012	1
4243085	1
2524124	1
40743998	1
36739126	1
35908354	1
15139850	1
166713	1
31354456	1
661920	1
16690103	1
28920832	1
39076605	1
5943890	1
1855159	1
1800015	1
26531073	1
1649724	1
1993383	1
37537936	1
44819206	1
34517417	1
34359882	1
17630944	1
5477450	1
36081487	1
1653100	1
43728083	1
1686033	1
24354188	1
39230832	1
20303	1
23999156	1
21429855	1
2234586	1
935232	1
14203787	1
37002996	1
3214117	1
42525125	1
41261453	1
3825067	1
1574145	1
44538	1
25445481	1
5574019	1
40798428	1
7586871	1
10383916	1
28645584	1
41995396	1
497671	1
4799962	1
2866878	1
33058717	1
24207498	1
1850302	1
3151607	1
24901599	1
50287	1
37557868	1
206840	1
3892796	1
2355624	1
5207105	1
2621995	1
232872	1
31632966	1
349280	1
7823005	1
146736	1
46230076	1
40061646	1
18468467	1
4751996	1
43833808	1
5158868	1
47691123	1
13421532	1
20180589	1
1178141	1
35579516	1
2134080	1
33891482	1
13680702	1
1654795	1
9955610	1
42674709	1
2650315	1
3639955	1
35897865	1
657623	1
13737778	1
1792358	1
3536351	1
2873367	1
13946249	1
25398141	1
26393326	1
29312661	1
1603729	1
28011376	1
29370832	1
24843849	1
3983860	1
445988	1
19661015	1
36335966	1
24870538	1
12978387	1
16135919	1
19303040	1
28860880	1
7323232	1
728865	1
34890908	1
30837468	1
9861507	1
2721811	1
34043057	1
37539297	1
1559851	1
10099178	1
31700476	1
6259618	1
1802703	1
20647283	1
1374192	1
7735702	1
2205322	1
19376367	1
373293	1
31555967	1
34324312	1
902278	1
42684081	1
3893666	1
446584	1
40013458	1
158762	1
7823581	1
10965316	1
7586259	1
924985	1
8711555	1
3484542	1
1375865	1
7783771	1
70155	1
18194136	1
1442576	1
27372372	1
15424400	1
36737404	1
1219581	1
86665	1
76632	1
45294849	1
8419275	1
34448428	1
33064010	1
8583096	1
2295768	1
10701897	1
18221803	1
26314653	1
30871384	1
17782758	1
8273766	1
187239	1
24972730	1
2309105	1
1592745	1
1670325	1
26439853	1
25296954	1
8246511	1
1690672	1
22712051	1
7622786	1
39925554	1
20072728	1
22937815	1
19373486	1
871666	1
38274019	1
40528484	1
16035221	1
1305961	1
27119373	1
6847759	1
24222342	1
10042030	1
180225	1
10721038	1
8447736	1
6991883	1
5920828	1
914095	1
4470696	1
1273458	1
26028478	1
1077249	1
1901662	1
1649588	1
3215719	1
47784918	1
12389406	1
35035986	1
40348204	1
1875865	1
5361264	1
22633320	1
34103673	1
3545436	1
38047549	1
9224690	1
3503953	1
1866771	1
1942202	1
36751538	1
171235	1
305382	1
2006013	1
23925348	1
1531950	1
38555236	1
32370353	1
1115106	1
44403821	1
33327618	1
10162969	1
2931650	1
5311222	1
26490107	1
23574292	1
1690819	1
30822189	1
628004	1
2767719	1
2249360	1
368209	1
3599587	1
3052231	1
17561617	1
43194273	1
24020463	1
23327522	1
6643963	1
12097508	1
7944269	1
16893856	1
15716391	1
2409554	1
1880463	1
633049	1
22338411	1
8029909	1
24384352	1
56542	1
2631841	1
11194123	1
18990932	1
567077	1
7955807	1
4311113	1
21000275	1
33243746	1
34806267	1
215670	1
635419	1
923811	1
24496037	1
11693386	1
36835492	1
33428103	1
29126986	1
1624376	1
13070456	1
6855352	1
20839234	1
25874606	1
2373406	1
7212985	1
2378796	1
27302711	1
3591242	1
25086766	1
11676619	1
12962674	1
674611	1
1644576	1
1917985	1
60835	1
611455	1
20867214	1
22378444	1
424637	1
2389331	1
289900	1
31061193	1
34265129	1
1312630	1
158048	1
1342873	1
5924097	1
285611	0
46128	0
32281146	0
158093	0
1410972	0
6823008	0
15914461	0
18854633	0
4759100	0
4823353	0
9376530	0
18197670	0
5872505	0
26652422	0
3320371	0
15137599	0
7236594	0
19426417	0
7074615	0
24879604	0
3306946	0
5848697	0
13418511	0
6002185	0
12308944	0
119634	0
1787582	0
542202	0
7785252	0
2139002	0
3721563	0
8184278	0
3513346	0
2813117	0
34219359	0
917630	0
25432448	0
38514111	0
2270032	0
12839022	0
27848748	0
1126719	0
718979	0
93165	0
5957454	0
14713523	0
25518686	0
3910645	0
1344728	0
18561692	0
29484500	0
44739798	0
4221644	0
46991144	0
5959148	0
490329	0
17368267	0
11407118	0
5431015	0
136851	0
31153448	0
105303	0
13845288	0
40857976	0
527881	0
34882877	0
7387610	0
17671080	0
7587984	0
2182354	0
7639355	0
18598592	0
3578468	0
48255659	0
6099381	0
32493360	0
22752510	0
128314	0
1337210	0
40053795	0
1282210	0
2032744	0
6717355	0
22913708	0
4590001	0
434101	0
27326509	0
11380820	0
44036612	0
4656931	0
44001532	0
11987444	0
26588923	0
228435	0
14335485	0
29262305	0
5146649	0
19630862	0
7545639	0
27575867	0
10312217	0
1443825	0
5677406	0
14534547	0
116715	0
12738014	0
1492118	0
15050503	0
2579359	0
246157	0
10783543	0
6733725	0
3296253	0
518360	0
7173620	0
23577360	0
42860582	0
42737216	0
2239277	0
42636128	0
9186105	0
2655272	0
31953514	0
5415988	0
66853	0
31324248	0
6051194	0
4474202	0
3688271	0
3647084	0
12850650	0
36141442	0
4821086	0
288204	0
11976572	0
4634998	0
1753590	0
5071454	0
6556624	0
34314647	0
6034	0
9870616	0
12452906	0
48427038	0
41270714	0
178603	0
28565491	0
18546009	0
16963069	0
2717941	0
770595	0
20903200	0
6570304	0
26778627	0
7274344	0
297545	0
14229646	0
324648	0
17413220	0
30871418	0
4419300	0
47946850	0
8659078	0
1393081	0
635269	0
112298	0
12065436	0
25303700	0
38094280	0
554754	0
6321126	0
2446017	0
739537	0
17265308	0
1397501	0
25243256	0
35567084	0
4214923	0
1311824	0
10283482	0
17594183	0
3531433	0
4121541	0
535429	0
4547181	0
38819070	0
23611180	0
18420153	0
8466594	0
37312660	0
3336810	0
15065504	0
22914754	0
22468728	0
35986123	0
36893917	0
2634371	0
9487683	0
17588341	0
74983	0
6106409	0
116235	0
24934693	0
17685356	0
1389150	0
42382294	0
4144437	0
9817151	0
28268838	0
1406808	0
3267280	0
31329897	0
19399175	0
2882699	0
956360	0
91927	0
254965	0
7441644	0
24080672	0
45377192	0
3171807	0
2161418	0
2324846	0
1999560	0
7769517	0
2210573	0
43319450	0
41437061	0
134972	0
196660	0
1875356	0
11065279	0
7584925	0
2394512	0
37353630	0
4611360	0
1855615	0
90904	0
1299948	0
21133722	0
2506908	0
8643081	0
31925463	0
2573738	0
15032220	0
967346	0
2742275	0
11115668	0
21863848	0
22835658	0
883804	0
711214	0
13532954	0
26592359	0
34425396	0
2674217	0
28700306	0
42305555	0
31928	0
3563781	0
968530	0
495057	0
30166764	0
16370202	0
2797164	0
12676486	0
1891495	0
26588811	0
38939596	0
7312414	0
11916650	0
44379872	0
24704393	0
6172356	0
1377519	0
26851047	0
35597655	0
625937	0
20981514	0
8327159	0
34514698	0
550594	0
11717854	0
43482809	0
26032446	0
23648893	0
44498470	0
19978736	0
3794310	0
47237313	0
9811228	0
7753213	0
6488426	0
8430065	0
4806040	0
1700190	0
17021991	0
7610497	0
2447453	0
25104141	0
38637787	0
16759778	0
36966967	0
260609	0
485755	0
2344060	0
25929852	0
32018568	0
138429	0
1826969	0
89516	0
13575785	0
40094074	0
6270464	0
1269965	0
12166200	0
23894709	0
10370190	0
4118225	0
21481510	0
1257960	0
26878736	0
41560668	0
1626265	0
21634729	0
5483630	0
918110	0
6168828	0
358998	0
7301220	0
26246543	0
23837309	0
10677281	0
13626659	0
15673671	0
21366341	0
28138758	0
39572046	0
20399936	0
22815745	0
3338377	0
13817513	0
4501673	0
2714692	0
22914266	0
23692853	0
12520999	0
6010983	0
32848057	0
44109869	0
4310490	0
1441034	0
2307422	0
546350	0
26247948	0
4378948	0
7311087	0
6309095	0
7946688	0
46502031	0
564333	0
32996770	0
27196689	0
108051	0
9293066	0
18999354	0
19717127	0
12175298	0
1227470	0
1608747	0
36354902	0
30876428	0
40511655	0
233501	0
11541203	0
894627	0
692852	0
1500543	0
30352514	0
484865	0
29508028	0
6098293	0
140698	0
881260	0
9091072	0
157348	0
23493793	0
36529953	0
26984300	0
21622617	0
8283649	0
33828410	0
24989679	0
3913556	0
3772615	0
7462704	0
11979196	0
36917670	0
2045121	0
24748316	0
30179492	0
3107308	0
266502	0
6941608	0
2289918	0
24165438	0
682794	0
47713245	0
4292775	0
494423	0
1854514	0
5891285	0
22397401	0
41359271	0
4848050	0
4810644	0
110226	0
10917351	0
6719490	0
22774936	0
2816863	0
22600071	0
2820984	0
18207944	0
150976	0
202133	0
46442393	0
5031767	0
20112696	0
13598413	0
5416014	0
7063215	0
6578786	0
1758241	0
26020345	0
47173095	0
17779960	0
3264668	0
28322100	0
7304614	0
13460861	0
9085576	0
10454565	0
21821977	0
18701364	0
11027377	0
17590930	0
4870351	0
8680025	0
8528188	0
14439662	0
14941008	0
7402333	0
358245	0
20195658	0
43827415	0
18105977	0
2000396	0
20483224	0
40021078	0
9292618	0
11472734	0
11702126	0
214938	0
554361	0
1955743	0
4548788	0
27275809	0
392125	0
32033998	0
133957	0
139404	0
11911178	0
5123687	0
45443260	0
1984401	0
27886129	0
19383634	0
44021442	0
47255501	0
7467025	0
9021166	0
1334051	0
127682	0
2022096	0
12449932	0
47601474	0
7747637	0
4726435	0
16339569	0
29041904	0
21516611	0
66822	0
33626443	0
33608640	0
21687875	0
32450008	0
42358673	0
8994603	0
48291744	0
