180465	1
679872	1
7090758	1
1737811	1
3395369	1
59844	1
1518422	1
199469	1
107798	1
26640605	1
319288	1
3002148	1
239096	1
6677245	1
1451848	1
1100476	1
8023119	1
1123405	1
1138868	1
4999729	1
17197673	1
1326215	1
338849	1
737876	1
377857	1
1920738	1
3390706	1
10047127	1
850270	1
6857205	1
24774310	1
2193011	1
1013659	1
32351211	1
48622023	1
497525	1
13274	1
135712	1
707995	1
31986813	1
522384	1
1803967	1
34187000	1
167926	1
307044	1
15988229	1
34887166	1
1235945	1
8368343	1
747165	1
767674	1
13178037	1
12917496	1
735863	1
1865269	1
1511705	1
1018650	1
24466191	1
129843	1
29240071	1
429261	1
21372076	1
947394	1
478355	1
890718	1
2539286	1
1905303	1
417116	1
602101	1
2241015	1
2232427	1
2325750	1
10177778	1
1337558	1
749370	1
467302	1
24181453	1
13017412	1
16509811	1
9468375	1
2329020	1
381699	1
14315121	1
5705586	1
1273723	1
44800	1
3831632	1
2178995	1
12694452	1
1830431	1
37587858	1
2237488	1
1449645	1
2481469	1
7897316	1
2769746	1
35575991	1
5803153	1
1587696	1
444690	1
59610	1
1086831	1
3150064	1
18952889	1
17226187	1
1700030	1
19847429	1
3389488	1
336682	1
26916324	1
18950900	1
4220991	1
255129	1
23342058	1
6583940	1
1773711	1
28681976	1
515884	1
32689	1
9189509	1
3198617	1
4582	1
33279288	1
4745533	1
5088457	1
44540033	1
23436399	1
581731	1
1586087	1
188899	1
76273	1
10836076	1
4104506	1
1272663	1
4945522	1
5556212	1
6610374	1
1434052	1
36815302	1
632845	1
1702182	1
7460373	1
2593012	1
4412626	1
1730486	1
1201384	1
28687476	1
5671577	1
30987811	1
860898	1
10443277	1
19740545	1
807842	1
33766258	1
646961	1
6389578	1
481605	1
1007796	1
24004676	1
2887466	1
44757469	1
8707	1
4230529	1
5186944	1
2048010	1
42603945	1
1739149	1
17991721	1
45516517	1
3140037	1
19280944	1
1435459	1
36749635	1
6093378	1
8194931	1
16594708	1
127591	1
1295548	1
12975240	1
529930	1
6941670	1
43081	1
13130241	1
1734076	1
27372563	1
12215833	1
1108643	1
894238	1
196727	1
22002296	1
1935375	1
705315	1
2266564	1
664107	1
36202436	1
35895794	1
6958899	1
1252070	1
7271133	1
954681	1
23303460	1
30875002	1
1233660	1
1335430	1
3601532	1
57541	1
954844	1
47770397	1
1969172	1
6115734	1
8309975	1
167937	1
13391192	1
209584	1
2365881	1
18430444	1
453864	1
309493	1
1430956	1
3999627	1
18956802	1
16332012	1
24202290	1
426971	1
2612546	1
530308	1
7858358	1
26516198	1
35920450	1
1346801	1
414980	1
6750542	1
515846	1
16696821	1
2772450	1
6597862	1
11857	1
3827478	1
1729295	1
13054404	1
16792393	1
239002	1
351587	1
2239768	1
19326570	1
39804918	1
1172152	1
14858103	1
2723	1
4668503	1
35460624	1
7013288	1
588528	1
119364	1
26467588	1
22806757	1
1024008	1
1464483	1
523575	1
50538	1
1178052	1
816207	1
15788570	1
9640	1
2052459	1
853318	1
12034341	1
36589710	1
13729	1
39420971	1
8774997	1
21371213	1
972958	1
8848895	1
2311373	1
6610077	1
4248823	1
890885	1
321634	1
1236260	1
4317593	1
12913012	1
603727	1
1271758	1
32364588	1
9970587	1
17807829	1
2538123	1
2813558	1
4592701	1
56989	1
471074	1
4403725	1
2248430	1
169880	1
2217742	1
965751	1
21378374	1
1741361	1
3620631	1
7366731	1
409525	1
1067891	1
585860	1
204845	1
23356380	1
33747778	1
5673998	1
255898	1
1176162	1
18462468	1
1834432	1
7130194	1
26525807	1
1108674	1
1833851	1
265891	1
18558409	1
16105212	1
1373102	1
1607260	1
311016	1
7662625	1
3577603	1
20609646	1
2951025	1
6183589	1
2085928	1
923089	1
2054147	1
863469	1
5638690	1
3580829	1
1096181	1
7539632	1
52040	1
6348898	1
3057784	1
516616	1
3903448	1
45008603	1
13353638	1
607554	1
427011	1
2653380	1
19073006	1
625316	1
861466	1
49397676	1
2228066	1
876516	1
17920128	1
3195342	1
7580463	1
35072192	1
2445728	1
16093357	1
2012187	1
1447229	1
2477150	1
21812180	1
16072698	1
29032186	1
43301540	1
18720131	1
20408270	1
914554	1
2964594	1
633282	1
791665	1
654030	1
1029728	1
2809893	1
1393912	1
2870097	1
749393	1
1213903	1
148952	1
363450	1
15715518	1
7889298	1
12117643	1
30575854	1
2897982	1
3562530	1
1848918	1
160801	1
22953066	1
19780490	1
5549115	1
4558294	1
10815188	1
3557402	1
389426	1
372314	1
12917348	1
37786755	1
27899114	1
3609257	1
1497383	1
18329	1
2726481	1
340614	1
1139901	1
502606	1
2859877	1
4845691	1
4732913	1
1168102	1
3587624	1
2131406	1
30786389	1
1725754	1
4945436	1
2753501	1
20749679	1
9568552	1
5951	1
768403	1
80678	1
24586901	1
897385	1
45512811	1
5088343	1
1414636	1
2622700	1
662707	1
19426417	1
249743	1
25522262	1
2373259	1
4402333	1
35894206	1
1728325	1
30872402	1
1903379	1
2044555	1
1565167	1
4604138	1
8143756	1
1937969	1
39051589	1
856568	1
8840	1
16028365	1
368071	1
7900369	1
440679	1
37591663	1
12320072	1
564161	1
3878658	1
1505481	1
2798927	1
22179995	1
1235576	1
13289412	1
5558462	1
27678020	1
4121305	1
27946693	1
1753449	1
414511	1
30383880	1
2099335	1
3089938	1
6338321	1
5242095	1
2045595	1
48393793	1
18449525	1
231364	1
199962	1
6996652	1
2488537	1
5838929	1
350364	1
6776865	1
469313	1
159018	1
183387	1
21765334	1
246121	1
2387032	1
5820075	1
549233	1
31916617	1
6743935	1
94142	1
1777959	1
18271	1
880398	1
19324471	1
757336	1
44258930	1
8132488	1
92582	1
2326994	1
14903356	1
15878853	1
352456	0
11206250	0
8417114	0
6987514	0
33432065	0
987712	0
14878	0
37875437	0
48076805	0
30228434	0
1717559	0
13977775	0
1613317	0
23908192	0
20163681	0
5612851	0
21673753	0
26022528	0
28102638	0
33588064	0
2413454	0
43603306	0
3802396	0
9910803	0
12257585	0
4201738	0
23867125	0
531918	0
463430	0
33969867	0
48030	0
16174760	0
8452647	0
8644417	0
567917	0
7328321	0
3365632	0
5440962	0
8239943	0
6301557	0
156257	0
8133713	0
10748988	0
18206094	0
956046	0
2436978	0
7460244	0
5353594	0
23928608	0
5569665	0
111152	0
22278441	0
38962106	0
42387116	0
4756729	0
49309324	0
2043566	0
275312	0
2261784	0
28370626	0
2539057	0
1852725	0
47209674	0
26166858	0
20013611	0
1666251	0
30558395	0
34215202	0
17533270	0
44775906	0
3977021	0
94412	0
620511	0
131880	0
15679429	0
2006985	0
5547474	0
2298021	0
23974609	0
18629636	0
97425	0
3064619	0
5076817	0
33835741	0
12877911	0
20154175	0
9650739	0
11245540	0
4384222	0
1725908	0
7945295	0
8735122	0
114879	0
1625613	0
1137370	0
1647769	0
1728758	0
3281257	0
44051505	0
40159492	0
36548319	0
15040116	0
4392440	0
33530591	0
40956495	0
15251689	0
46616252	0
28774788	0
2455462	0
2207419	0
5576548	0
32654983	0
3188531	0
22623722	0
437734	0
3056642	0
3743961	0
32774969	0
15659588	0
21210710	0
854103	0
12478	0
42750543	0
46770959	0
21168685	0
18909319	0
27156806	0
7850137	0
1311250	0
2800271	0
6416264	0
4603478	0
6031026	0
2784064	0
24237122	0
8279595	0
3302101	0
92089	0
4514086	0
43501	0
19343361	0
4170013	0
36834488	0
817230	0
2513858	0
6703408	0
41756923	0
133564	0
4009157	0
6720134	0
32706915	0
32041471	0
31506925	0
62222	0
43764967	0
6324893	0
5826463	0
27943366	0
7555901	0
33959856	0
14710676	0
22364440	0
17035761	0
34823796	0
41530969	0
124383	0
9777387	0
7505938	0
4787085	0
45691998	0
31378444	0
115969	0
22179640	0
15976083	0
34448709	0
31784351	0
16102645	0
12386520	0
9210601	0
12006074	0
318519	0
23700056	0
7981774	0
24964111	0
70290	0
38332514	0
15191546	0
1095575	0
5695330	0
28858939	0
2226345	0
20722479	0
44575975	0
27329757	0
9034118	0
16512365	0
47429	0
2751608	0
2316131	0
3395338	0
5555840	0
3828751	0
29463002	0
847902	0
24575007	0
17371194	0
48561519	0
10985690	0
21353243	0
326285	0
12732208	0
8365263	0
2668908	0
628	0
2824813	0
2139207	0
11901037	0
3556734	0
8736	0
23548751	0
22160499	0
19651816	0
37039824	0
4144196	0
5569643	0
152243	0
16714325	0
396611	0
20110912	0
4055126	0
809346	0
1305375	0
7038834	0
36613431	0
5171326	0
22766895	0
1115789	0
2272547	0
15172421	0
8701225	0
11054150	0
118203	0
43023159	0
24250203	0
14292273	0
2564383	0
19134891	0
14191507	0
14627090	0
4764809	0
4431301	0
10978890	0
3946525	0
662698	0
24392303	0
2898317	0
1863243	0
13170366	0
33530609	0
2002662	0
266079	0
5651409	0
18291236	0
6304046	0
15171931	0
565959	0
409568	0
10709809	0
36844378	0
25091131	0
840670	0
15457602	0
1515835	0
656708	0
32657981	0
12353011	0
30950046	0
96279	0
8110900	0
19490452	0
36191573	0
6398966	0
32053738	0
40028658	0
957633	0
25260316	0
116316	0
44351967	0
7018632	0
2036044	0
3507183	0
20840387	0
1165960	0
3309010	0
1497744	0
20796551	0
796157	0
26964696	0
827452	0
26588735	0
1658563	0
22055033	0
19132447	0
2198647	0
727324	0
451137	0
1060737	0
12992601	0
1118260	0
352796	0
2964236	0
36836488	0
10479265	0
2221052	0
2088326	0
17830564	0
16347240	0
10320498	0
404742	0
43273	0
26516081	0
863581	0
111628	0
14899650	0
2892196	0
9789885	0
34123747	0
38694235	0
2585174	0
5058442	0
19301488	0
4405620	0
31363271	0
40168993	0
20377220	0
17124944	0
1666230	0
1855077	0
8457510	0
36701442	0
165525	0
18229735	0
622315	0
42876958	0
3679845	0
207081	0
5580763	0
40053385	0
842940	0
15207105	0
396968	0
11630477	0
4168136	0
130679	0
1684023	0
734064	0
25750414	0
8639047	0
1056106	0
25280313	0
12048598	0
2062757	0
125109	0
1004258	0
33908533	0
2533988	0
396465	0
8573084	0
20927166	0
43933356	0
10002273	0
222367	0
3222886	0
594837	0
2633456	0
4411327	0
7503814	0
847436	0
1832369	0
13239385	0
22790530	0
27756901	0
28680296	0
26671130	0
16420793	0
18486043	0
11579127	0
1180347	0
42692547	0
3679359	0
711212	0
38721073	0
112763	0
9383699	0
9796643	0
40361225	0
136973	0
10197190	0
29260190	0
469413	0
8177824	0
5470695	0
7750633	0
28970325	0
34308240	0
8511304	0
19406720	0
48419214	0
866899	0
45544803	0
847022	0
4516097	0
27420955	0
12527427	0
364924	0
292226	0
9499946	0
40130966	0
39100374	0
8824317	0
6306642	0
110617	0
33770532	0
3577457	0
37302948	0
4211182	0
23290968	0
25826253	0
3144274	0
17122824	0
16119045	0
2049673	0
12164873	0
7418452	0
1386261	0
471683	0
888636	0
710822	0
3525448	0
35419337	0
2261003	0
13954760	0
11291207	0
12419026	0
57585	0
26416709	0
165176	0
7310123	0
2964903	0
29797091	0
22645251	0
12725171	0
14535121	0
14623277	0
42887471	0
107982	0
4857489	0
10677607	0
39191988	0
11767381	0
274874	0
22023807	0
7373819	0
27734112	0
39550871	0
12554382	0
11520239	0
1396935	0
17867730	0
5403059	0
1700307	0
13763573	0
3064517	0
859026	0
20185395	0
10528256	0
1276219	0
3548417	0
630207	0
20916942	0
35895735	0
4274613	0
1273337	0
3710485	0
7641706	0
863109	0
613668	0
6515884	0
41138941	0
2503074	0
264821	0
10389589	0
6181470	0
8717710	0
25158366	0
37358121	0
10707154	0
32344296	0
26382063	0
21146355	0
