17097153	1
8923337	1
10433543	1
5814591	1
2350626	1
1182803	1
36523224	1
1049180	1
1879011	1
172652	1
177538	1
30368660	1
17211591	1
699574	1
2826837	1
7821492	1
3424031	1
3836907	1
674179	1
3840561	1
204701	1
22932407	1
1030927	1
30755797	1
31486555	1
285056	1
5639224	1
35950044	1
2576750	1
6632151	1
5697113	1
2953330	1
2898275	1
245515	1
58682	1
459057	1
21626728	1
18098163	1
34725291	1
948066	1
23395060	1
10015205	1
4955452	1
3379645	1
14299799	1
33804642	1
1348610	1
1916131	1
1920134	1
20283790	1
12114195	1
346840	1
231068	1
428618	1
25857222	1
12218576	1
1092100	1
20880698	1
9028352	1
4941891	1
2130238	1
993264	1
21820088	1
1771665	1
24165342	1
35884935	1
376725	1
1209603	1
7865795	1
1269687	1
13707421	1
18484672	1
33191268	1
8920728	1
20718288	1
23412072	1
27998609	1
1055174	1
2576855	1
17198556	1
29904927	1
28802527	1
3137673	1
29450360	1
379330	1
12006081	1
19446549	1
6031691	1
1796193	1
3385354	1
16662467	1
2587127	1
1404094	1
3225056	1
568985	1
78017	1
8147440	1
2185352	1
17594183	1
6309136	1
571566	1
1741804	1
3322734	1
17340340	1
15551151	1
1421688	1
8320501	1
885351	1
3189691	1
1840518	1
24436958	1
9108200	1
556903	1
12253912	1
37383765	1
7293005	1
707975	1
433783	1
5165040	1
557033	1
2725743	1
2569489	1
25886452	1
2583777	1
2399834	1
31819861	1
17741378	1
2695239	1
2405914	1
2021896	1
2678505	1
23233476	1
3966123	1
7275682	1
33160132	1
5817754	1
12107320	1
488003	1
1147878	1
6954088	1
1363412	1
17001187	1
2079306	1
1089192	1
4271525	1
1269575	1
1269403	1
1355776	1
8323072	1
5033772	1
525132	1
1530110	1
575600	1
26408430	1
2076157	1
8339454	1
2106684	1
2571957	1
12778211	1
1462396	1
10166694	1
21467879	1
532602	1
12274626	1
1097077	1
1219726	1
181146	1
617328	1
1265241	1
1129796	1
557030	1
2645154	1
2176829	1
758498	1
28789929	1
22754347	1
1290855	1
30408192	1
19356342	1
3055	1
30261780	1
2399804	1
3726882	1
25679379	1
4043300	1
3025460	1
43952267	1
5106488	1
4226985	1
2485487	1
3837008	1
115538	1
523502	1
1198919	1
1567930	1
32427390	1
37070689	1
34275233	1
520498	1
33517104	1
3485107	1
449133	1
3423605	1
4172778	1
21651964	1
43616473	1
130499	1
586271	1
1055181	1
3429167	1
1407263	1
35207860	1
2092654	1
5866712	1
142584	1
1858695	1
6195051	1
1019275	1
34406373	1
12874689	1
783447	1
814609	1
2235705	1
1364122	1
1297201	1
6833597	1
8296669	1
11904422	1
29577103	1
17193337	1
26943236	1
635395	1
6168732	1
7555049	1
28289936	1
53214	1
6155445	1
4826931	1
7217509	1
1800624	1
1351944	1
10227047	1
153641	1
22089835	1
1370416	1
2867302	1
21340758	1
2241723	1
1291676	1
2590396	1
9668221	1
6258098	1
1164155	1
4057178	1
23181795	1
26175393	1
1269339	1
1075716	1
124439	1
17719803	1
3159005	1
18702065	1
2657195	1
2210063	1
6803220	1
2058332	1
984298	1
8015674	1
1095557	1
2392110	1
2743825	1
47705621	1
5071205	1
17795752	1
957684	1
20735878	1
1012020	1
2955306	1
636190	1
3808336	1
1796571	1
3632591	1
368384	1
22740549	1
3852664	1
34645079	1
9260801	1
39302518	1
1126436	1
9129947	1
2397004	1
1907035	1
1407464	1
17047114	1
1460421	1
1370430	1
8286946	1
21006841	1
1834524	1
345639	1
416890	1
2894791	1
3843307	1
11189612	1
9195868	1
28775155	1
19049042	1
2308803	1
43509509	1
325537	1
1364081	1
1370294	1
29322566	1
14758675	1
421325	1
39014	1
5883006	1
2007778	1
1283921	1
5697089	1
2569431	1
2516176	1
1177013	1
216204	1
18801144	1
914828	1
24074436	1
27203288	1
1948564	1
21237995	1
611940	1
38318147	1
16283201	1
1007690	1
989870	1
4501185	1
6970866	1
23965906	1
889383	1
6493204	1
11929895	1
934715	1
31989846	1
11101120	1
4545066	1
9525082	1
565113	1
1732042	1
31543811	1
5183297	1
583954	1
12501207	1
24438556	1
6917520	1
3686705	1
632787	1
4992344	1
789449	1
1269221	1
11930276	1
1018556	1
23538519	1
8794030	1
16160780	1
16614958	1
6324114	1
987894	1
12130737	1
3424144	1
3165954	1
2412903	1
5172827	1
526167	1
23317356	1
4373458	1
714184	1
5721395	1
5675176	1
15797988	1
426311	1
466807	1
18074076	1
758481	1
2798277	1
42165526	1
2582924	1
12839053	1
6215825	1
10592536	1
3581643	1
4348	1
3023639	1
36142452	1
12429309	1
5718176	1
38829660	1
2565887	1
1433645	1
2415963	1
36074460	1
33044972	1
1407500	1
19057179	1
2103196	1
2967870	1
569955	1
617640	1
4452145	1
5303014	1
3192326	1
17181186	1
1269606	1
28354639	1
5650988	1
19008977	1
18736964	1
3423806	1
8262402	1
566471	1
46366008	1
18291764	1
15910907	1
9287528	1
27803656	1
14247322	1
3501665	1
18884836	1
2246551	1
881937	1
3842119	1
1010877	1
370357	1
45515912	1
5818912	1
2594079	1
731724	1
449135	1
92058	1
7647193	1
30367146	1
12230730	1
3349943	1
6610034	1
1929564	1
16257162	1
4880129	1
984155	1
1343146	1
32659337	1
4255849	1
4248760	1
2597549	1
1011184	1
15121052	1
526138	1
378767	1
41239455	1
2774246	1
161316	1
2024467	1
5757635	1
1435467	1
4395879	1
1650916	1
1501388	1
13290048	1
761629	1
2590351	1
661026	1
5105582	1
442846	1
170438	1
1352103	1
5390570	1
13121911	1
34357628	1
14753514	1
1086090	1
34370656	1
109753	1
6595614	1
3423717	1
22283830	1
226920	1
461831	1
3520167	1
36348453	1
448599	1
329862	1
12631431	1
1024827	1
7566274	1
2577218	1
2279827	1
52088	1
34368703	1
6887522	1
938712	1
1929316	1
325538	1
7529984	0
6570161	0
1585612	0
7105910	0
742906	0
36847558	0
5895643	0
114854	0
4440787	0
30743119	0
5656218	0
12823981	0
2110734	0
23129658	0
4479541	0
2821638	0
300675	0
404587	0
15341600	0
2803815	0
40626410	0
6479765	0
38667634	0
25654219	0
39789706	0
827204	0
18080	0
25305700	0
5370060	0
157873	0
5469139	0
2164210	0
6701696	0
6823303	0
4981159	0
43941891	0
21534542	0
22160671	0
1178671	0
1239002	0
36379714	0
24631945	0
22529216	0
33097080	0
6237142	0
4137247	0
5473243	0
23056318	0
34966587	0
33735325	0
15914850	0
31948732	0
6734730	0
1259056	0
37470344	0
39349487	0
3894665	0
5549060	0
17154132	0
12054894	0
2596330	0
35542465	0
46261322	0
23541042	0
49304756	0
3345808	0
2618194	0
883885	0
21676261	0
7118930	0
2586118	0
28773580	0
13927478	0
24201398	0
106327	0
504020	0
3037930	0
3685978	0
1185941	0
6070390	0
4962189	0
4394402	0
6612794	0
485636	0
323301	0
37701959	0
5406084	0
31228853	0
41030305	0
21117286	0
17644286	0
1694357	0
1228401	0
9625282	0
12838109	0
28756118	0
5715830	0
25576819	0
35217329	0
6479979	0
46755245	0
862460	0
3953691	0
1958342	0
19930223	0
17336029	0
768634	0
739078	0
3005588	0
17829557	0
42688240	0
13026308	0
18995149	0
33303658	0
180683	0
1422968	0
7167095	0
34996180	0
4433563	0
5960206	0
9630681	0
5898887	0
6887141	0
361120	0
4351476	0
151094	0
9976414	0
362407	0
29024970	0
3060587	0
6825797	0
17343538	0
8665060	0
2056486	0
1663320	0
16662003	0
2517175	0
32045757	0
2239590	0
11926135	0
1894530	0
17956033	0
7143603	0
2339536	0
1318693	0
7472439	0
5799015	0
8679381	0
17639303	0
483694	0
15998649	0
1439036	0
6707257	0
39924180	0
5194	0
22535688	0
2161	0
156756	0
27874763	0
124326	0
36663446	0
29164703	0
80813	0
2662287	0
606914	0
2073984	0
46955132	0
43433055	0
41999862	0
36814670	0
10123843	0
159633	0
28687476	0
8594992	0
48704433	0
871728	0
5906732	0
96115	0
21722027	0
5483510	0
12254959	0
20908228	0
25694172	0
19064644	0
14754141	0
6178986	0
12164034	0
1164088	0
2309186	0
12307846	0
37133298	0
28812025	0
104716	0
1377825	0
10117687	0
3416800	0
22612604	0
5938559	0
38387087	0
41521194	0
29160942	0
22444931	0
3020794	0
10507126	0
17259064	0
5284869	0
5124535	0
43414943	0
2141232	0
25684756	0
8713023	0
25686118	0
22824005	0
20992168	0
5701427	0
22478012	0
29320463	0
2899885	0
24965649	0
1939628	0
31524491	0
1469888	0
25266317	0
27670670	0
18478342	0
16226736	0
21469113	0
28457861	0
38107501	0
30613649	0
41801540	0
39661271	0
12832587	0
7112325	0
47118510	0
40704892	0
12754630	0
9197914	0
45068375	0
20934417	0
24158140	0
31407913	0
871083	0
358018	0
429663	0
9263621	0
11270455	0
22334480	0
12625612	0
4761500	0
1714195	0
5568251	0
2628594	0
21566324	0
9608189	0
14641377	0
36657978	0
1237273	0
2267813	0
684980	0
429720	0
19008720	0
9087647	0
19651056	0
1763076	0
2327925	0
9469	0
28880170	0
10416620	0
2036694	0
1421124	0
6186841	0
77771	0
2567749	0
31427935	0
3190677	0
4685715	0
2946491	0
3203516	0
2289257	0
2004010	0
1885885	0
32374296	0
11859513	0
31932168	0
32735746	0
4445678	0
6414989	0
7152298	0
1455985	0
4464109	0
33739222	0
9998539	0
27112087	0
728939	0
26194781	0
13034053	0
33074945	0
27877726	0
39765943	0
171170	0
26842169	0
1140191	0
9882157	0
2829718	0
39811758	0
28594112	0
31485462	0
24605168	0
27665515	0
47072556	0
5018757	0
15820662	0
12164628	0
5000147	0
26942919	0
643187	0
4097788	0
655507	0
41721154	0
48425203	0
35797772	0
28580425	0
26353271	0
1317043	0
11860061	0
3117709	0
598756	0
6883687	0
6797515	0
2538563	0
38634556	0
2077935	0
20141901	0
7393462	0
215155	0
2272678	0
26636759	0
1890184	0
41835617	0
34030972	0
38048877	0
27383907	0
12595307	0
11857002	0
29667455	0
4954813	0
3692403	0
41483292	0
7482183	0
99823	0
38140377	0
17118532	0
7034473	0
1477474	0
984462	0
20339084	0
1330470	0
3202637	0
25966607	0
1463014	0
6329156	0
31209228	0
5071481	0
12355729	0
27892489	0
122364	0
17116116	0
2678941	0
3216521	0
7302140	0
4973966	0
4115691	0
23773043	0
17657859	0
11598459	0
32477072	0
559679	0
4655264	0
11467890	0
761605	0
939581	0
309515	0
28332898	0
37577958	0
40064219	0
1090523	0
46389	0
26478905	0
25808670	0
1428034	0
40490180	0
1884470	0
6373906	0
37982627	0
637657	0
17442515	0
7840392	0
674742	0
8159901	0
6240537	0
4556355	0
17796401	0
4003647	0
25582289	0
1242835	0
17629467	0
4353022	0
10536741	0
74098	0
13333874	0
2450144	0
13033930	0
42882594	0
1577091	0
18461293	0
1581488	0
39321668	0
21486576	0
41681549	0
23233814	0
8984320	0
20287129	0
41313106	0
11188264	0
7848254	0
17867730	0
18507496	0
23084674	0
29476035	0
3474922	0
9545624	0
39103676	0
3880006	0
692772	0
33606717	0
59756	0
23955115	0
31571727	0
675921	0
1161711	0
19187697	0
5958359	0
1554464	0
557163	0
13362349	0
17101568	0
3876620	0
8450635	0
11815241	0
78781	0
2259388	0
2630221	0
45346492	0
469609	0
2448674	0
3589898	0
4796062	0
19749540	0
2936758	0
8877424	0
2904105	0
20099765	0
46655902	0
2163921	0
1853659	0
2374712	0
1683515	0
5470226	0
36696906	0
9804547	0
6436064	0
42067189	0
6365410	0
10431427	0
3303965	0
1790969	0
15174571	0
1336924	0
37434243	0
38713543	0
11279707	0
1624502	0
858900	0
19164380	0
4425997	0
3131386	0
41098874	0
31022484	0
6321618	0
19137996	0
31691995	0
43866503	0
24816673	0
4343123	0
9293930	0
10004418	0
18135895	0
2995132	0
19115651	0
