1286808	1
11842072	1
63110	1
6812692	1
3637274	1
1733437	1
40972	1
37973	1
493760	1
38740	1
378009	1
205859	1
38773	1
446216	1
184434	1
1235096	1
17683716	1
1002734	1
753161	1
633305	1
236094	1
1137217	1
503125	1
335872	1
374963	1
27644194	1
2877820	1
213567	1
29238744	1
23543317	1
4332104	1
214942	1
22338117	1
87995	1
19254949	1
2908932	1
55483	1
34444256	1
89633	1
19012	1
53504	1
124979	1
7983056	1
34920909	1
3623072	1
599042	1
4334447	1
64051	1
1445450	1
20433	1
9123961	1
229386	1
4500473	1
26208135	1
935344	1
4076217	1
104574	1
62808	1
83393	1
16142	1
551740	1
61072	1
1131003	1
3439977	1
305384	1
1763590	1
12635	1
3029837	1
3353359	1
455102	1
374515	1
710275	1
1876060	1
297368	1
2004989	1
36768	1
396895	1
818332	1
165567	1
2912785	1
40300326	1
13212529	1
4081828	1
179860	1
5240097	1
2480627	1
80335	1
197394	1
25769987	1
4544202	1
56354	1
3516963	1
2164292	1
61664	1
1538033	1
30900	1
4240	1
1255983	1
1128955	1
77032	1
285605	1
88472	1
2760424	1
293714	1
5378	1
399061	1
7269710	1
204281	1
2887963	1
893196	1
156206	1
1271206	1
150209	1
31475458	1
71299	1
12448	1
151037	1
905362	1
153992	1
13715070	1
718093	1
25817132	1
2611765	1
3231507	1
91245	1
783778	1
267686	1
171090	1
1326606	1
106439	1
25758	1
625067	1
6887308	1
15644512	1
492011	1
3922852	1
31718	1
37832437	1
6494396	1
2464749	1
41050036	1
210413	1
313107	1
739128	1
1464038	1
5279874	1
6752	1
611401	1
1719252	1
53606	1
125525	1
2870102	1
2358035	1
57932	1
917917	1
188505	1
53309	1
3117391	1
167961	1
436113	1
310678	1
125539	1
39606861	1
2807677	1
21031726	1
1992770	1
37589	1
683585	1
2940926	1
586975	1
31342	1
29583571	1
3523483	1
425375	1
261328	1
5881173	1
2020303	1
247710	1
70369	1
39222688	1
7984673	1
25039	1
17143	1
183068	1
147794	1
2584185	1
3310626	1
30545220	1
5063128	1
190424	1
299696	1
8601156	1
682110	1
642704	1
1594157	1
47261927	1
4389624	1
9760136	1
143102	1
36508633	1
1056047	1
646753	1
29522030	1
14374205	1
1941733	1
575501	1
3971920	1
151076	1
8036685	1
22007797	1
703824	1
1994047	1
296266	1
13972946	1
184860	1
1075887	1
18894157	1
4432812	1
2371361	1
1196887	1
1359751	1
8706546	1
24725226	1
8821133	1
1295662	1
488381	1
6689400	1
68378	1
177557	1
44251	1
265521	1
3627696	1
326725	1
369251	1
111024	1
823254	1
6869906	1
481839	1
1203461	1
133470	1
10540965	1
85444	1
1036328	1
10313475	1
9731268	1
125704	1
69495	1
494575	1
212384	1
186364	1
214243	1
5501649	1
849349	1
657812	1
44940	1
588220	1
142258	1
10987063	1
67959	1
19796120	1
235757	1
1348008	1
8527874	1
2040976	1
38260	1
716794	1
5917560	1
93801	1
9542809	1
3692403	1
11042161	1
1211562	1
58819	1
2145377	1
15706514	1
30508	1
8102439	1
319442	1
4202667	1
4550231	1
61843	1
8945	1
4715560	1
308385	1
144706	1
2623154	1
34657	1
15844154	1
292356	1
10245	1
222445	1
334977	1
725719	1
207211	1
5797231	1
58034	1
971252	1
91227	1
882506	1
3598524	1
1030433	1
4940523	1
372787	1
5513808	1
31462698	1
48833	1
27936	1
215903	1
7323932	1
5786002	1
2278554	1
2611207	1
359406	1
34026600	1
267449	1
240204	1
52121	1
89742	1
38866333	1
2628200	1
2654899	1
373857	1
2431770	1
3622193	1
2653154	1
27661588	1
5446724	1
10640559	1
43744212	1
5594766	1
1106217	1
671406	1
645628	1
11401	1
1573	1
6653	1
934113	1
211080	1
2308621	1
41080991	1
24636	1
30873381	1
22228064	1
2093498	1
317992	1
12368470	1
1784524	1
15889058	1
58664	1
1288235	1
1030925	1
49855	1
10685	1
1473628	1
29589285	1
20420	1
94305	1
1138886	1
26598601	1
2002497	1
196206	1
149830	1
70020	1
2154485	1
551711	1
30875393	1
53680	1
180172	1
610639	1
49645	1
10671	1
583246	1
1694830	1
3937537	1
468326	1
4397907	1
2441768	1
314604	1
393129	1
2080174	1
15677368	1
105954	1
5614697	1
69852	1
404707	1
9257001	1
367403	1
530599	1
11359493	1
297861	1
56231	1
2428582	1
298672	1
195149	1
60296	1
28246	1
4723008	1
304995	1
1623663	1
375474	1
108340	1
15926892	1
337595	1
19177590	1
22155345	1
152157	1
1328473	1
62004	1
1631804	1
265948	1
401017	1
1555547	1
11932670	1
29618	1
572438	1
2740780	1
235312	1
611731	1
146045	1
21466444	1
2291631	1
12649450	1
142376	1
7956283	1
563148	1
2802601	1
42206	1
18011	1
14849	1
8540160	1
18950900	1
17926	1
3408553	1
22781621	1
1249520	1
1563060	1
335390	1
277674	1
2255489	1
342667	1
2935379	1
7871502	1
2524935	1
411929	1
1618418	1
1196484	1
31298	1
21864255	1
31251727	1
89529	1
57912	1
750113	1
20315062	1
25318864	1
497087	1
770202	1
68283	1
1082384	1
320830	1
2144166	1
338799	1
1216370	1
5531820	1
10428	1
2449692	1
1967317	1
959007	1
53427	1
2557067	1
46544629	1
9132	1
10531901	1
22826122	1
351266	1
4974784	1
6357447	1
4173	1
300699	1
11790518	1
2553328	1
80462	1
251887	1
85307	1
2669810	1
14109	1
2993890	1
411354	1
144952	1
2157292	1
31574	1
284507	1
480521	1
14535136	1
33942364	1
44740	1
9622028	1
12025	1
60261	1
7024077	1
23048651	1
21781382	0
19022040	0
35584117	0
6823327	0
12821250	0
160426	0
15106963	0
20902412	0
29483724	0
2910627	0
18260142	0
23405556	0
2696937	0
1167413	0
2259378	0
38929935	0
10016109	0
38841769	0
5808997	0
2439264	0
4632411	0
3106796	0
41497074	0
2568684	0
13141529	0
8153427	0
9984506	0
39369157	0
46728817	0
3026781	0
1966574	0
20937332	0
10918325	0
3001232	0
17915440	0
14717967	0
254258	0
12246518	0
48069178	0
12787083	0
7704363	0
26183759	0
13227619	0
1479380	0
3753897	0
1587628	0
18205004	0
28896720	0
29053339	0
4976560	0
38448593	0
7218706	0
14963043	0
6557507	0
15754966	0
935536	0
24635104	0
5099816	0
130635	0
31738530	0
17588191	0
11699249	0
2015711	0
904808	0
14697620	0
8687960	0
39125745	0
5938177	0
14194387	0
34623842	0
247565	0
41537322	0
49407234	0
498944	0
4410763	0
5636156	0
44840153	0
26906776	0
1838677	0
454249	0
33665277	0
14069090	0
26770123	0
6248065	0
30687662	0
5494948	0
29024821	0
318174	0
20835345	0
111491	0
17846449	0
15399123	0
5074143	0
14615765	0
3094338	0
12692864	0
1781281	0
25525208	0
1276650	0
34577470	0
7578799	0
32554157	0
827866	0
5557942	0
871130	0
27142095	0
42520663	0
31636515	0
4401207	0
30099851	0
128250	0
9257823	0
137278	0
23764236	0
6634480	0
3368018	0
19879685	0
4261261	0
32294301	0
889050	0
15079004	0
1970262	0
25381489	0
32714882	0
20454254	0
1840079	0
8107644	0
18501255	0
29056814	0
91836	0
733704	0
7976964	0
651901	0
27861895	0
40833311	0
3555317	0
6126748	0
318699	0
6310159	0
11238649	0
24047675	0
2629199	0
322105	0
41116524	0
15567464	0
560507	0
44740423	0
12559881	0
33608546	0
17886008	0
22489325	0
12483400	0
40206545	0
849999	0
31292988	0
3747590	0
9133551	0
38800015	0
6862314	0
16748825	0
1104490	0
30587229	0
2252397	0
35945243	0
29631969	0
20875714	0
27540718	0
11047345	0
531757	0
17131514	0
16784040	0
403102	0
20781109	0
16768343	0
1232035	0
2661314	0
3259614	0
2152802	0
43973381	0
41334715	0
96739	0
24892602	0
5036578	0
3613558	0
25129349	0
12797641	0
32358002	0
15731817	0
29075267	0
26769878	0
39184456	0
48423246	0
968279	0
117125	0
35248697	0
24760102	0
3837132	0
47543691	0
15966203	0
1785797	0
3053698	0
7687614	0
25416000	0
3245422	0
24006402	0
7772670	0
33545902	0
904736	0
22034743	0
7671397	0
1759052	0
18900236	0
43125268	0
701278	0
5521260	0
1262058	0
6717746	0
605841	0
14738633	0
12823596	0
4362623	0
8610998	0
3385604	0
808850	0
5130713	0
6256086	0
37201556	0
8102330	0
10658271	0
30148295	0
3126090	0
6995475	0
30034942	0
7084567	0
31065855	0
6433559	0
11885068	0
3337292	0
980962	0
38443748	0
25597229	0
4776707	0
2096585	0
622982	0
1791546	0
1210828	0
22040609	0
12989142	0
557034	0
29638342	0
16400326	0
28161302	0
34163535	0
8789480	0
16913688	0
12902283	0
42521952	0
150913	0
454425	0
37979449	0
4209487	0
31921286	0
2819019	0
25919740	0
15859641	0
38803758	0
11221244	0
18343259	0
34682034	0
34489654	0
1546267	0
47964897	0
23981523	0
6169698	0
19070906	0
18826034	0
10980016	0
44816341	0
7132752	0
8670003	0
1810666	0
22158351	0
6001276	0
13344425	0
28753590	0
8101294	0
2428651	0
44282939	0
14387171	0
4628525	0
8106538	0
18935957	0
9821381	0
43775456	0
22963040	0
5520563	0
647517	0
8544556	0
459916	0
7735802	0
10823431	0
2046437	0
18480168	0
24277283	0
9491236	0
23204828	0
14065054	0
31721011	0
31628124	0
170744	0
6053466	0
2741516	0
23000854	0
11222611	0
401469	0
860929	0
5852354	0
526216	0
3907967	0
3722696	0
5368646	0
700460	0
2820324	0
32560840	0
718151	0
1327967	0
2448939	0
25699646	0
928354	0
35565251	0
10480163	0
4560275	0
2356286	0
13314508	0
9656856	0
8421054	0
726860	0
974026	0
4772097	0
28830309	0
11963035	0
6314545	0
11915178	0
3925739	0
34969966	0
7240919	0
31495166	0
16685487	0
299181	0
2493476	0
47883102	0
31748464	0
1965756	0
11642950	0
1556329	0
19009106	0
21432194	0
15652513	0
6013560	0
33461237	0
19831383	0
3687443	0
884142	0
151153	0
8829228	0
29625556	0
12531199	0
35986190	0
41647150	0
19812020	0
7623370	0
36281097	0
165590	0
6360426	0
12960622	0
16476068	0
44906594	0
37256590	0
34147285	0
34274634	0
41276492	0
589026	0
31057562	0
134943	0
9321806	0
19075108	0
23665923	0
516335	0
26754514	0
10794336	0
15353328	0
50820	0
11436115	0
338445	0
11482237	0
2821299	0
713537	0
26173389	0
108680	0
4190232	0
4357081	0
2867891	0
25736850	0
30860343	0
39159793	0
35040815	0
41080837	0
13971516	0
8809498	0
4899418	0
17183188	0
178579	0
36124411	0
5285038	0
314909	0
4715028	0
2704929	0
3891379	0
1902797	0
32906306	0
2632117	0
31627656	0
5633520	0
985188	0
1816903	0
8819161	0
30878775	0
18415317	0
17488713	0
15440700	0
382038	0
20560492	0
12148285	0
5802271	0
9514450	0
18426462	0
10126201	0
2347332	0
3947899	0
15126590	0
19902955	0
20210179	0
11948944	0
48174415	0
2074343	0
6055195	0
5000577	0
39522014	0
121830	0
17458201	0
650145	0
2393509	0
35495011	0
41807115	0
3071982	0
33832800	0
838873	0
12261772	0
1878922	0
36115735	0
21487621	0
16911850	0
44436276	0
28728340	0
3513899	0
2350088	0
748131	0
4698467	0
24709688	0
1738648	0
19998590	0
4487436	0
18106602	0
566125	0
32412748	0
21579409	0
20890757	0
758390	0
23582006	0
34712870	0
23276170	0
20600357	0
119327	0
33610832	0
44223758	0
137617	0
20103171	0
25035697	0
42939254	0
1453751	0
21307852	0
14493335	0
3778636	0
2568794	0
13290019	0
134138	0
40521624	0
23950339	0
18551994	0
7701154	0
