1049491	1
925507	1
953669	1
1201006	1
8238720	1
995769	1
32203	1
3528591	1
64951	1
533816	1
336922	1
6154894	1
5760640	1
6386084	1
20669832	1
19706670	1
1889027	1
8177904	1
472361	1
4157	1
30733	1
15525072	1
1466085	1
30662782	1
1208225	1
95623	1
607771	1
11759727	1
2879901	1
501983	1
29551436	1
1935592	1
30876330	1
368581	1
8838484	1
5223970	1
31588544	1
37915590	1
293805	1
264289	1
7275566	1
17005283	1
6834294	1
7293946	1
3092721	1
1188347	1
21994652	1
11455336	1
3625791	1
3222170	1
12138784	1
1891183	1
232186	1
709169	1
3116364	1
2815337	1
341489	1
2810598	1
11620122	1
20302	1
41417113	1
51695	1
350215	1
262466	1
16528237	1
6932324	1
25458	1
862679	1
9581	1
1570999	1
258986	1
46232239	1
8270204	1
2597066	1
2065003	1
30859670	1
6933	1
27120	1
1658773	1
18981244	1
21628678	1
20837	1
1220565	1
531242	1
4457401	1
9018532	1
484105	1
6781545	1
2879803	1
3730186	1
507002	1
19097669	1
345637	1
1562774	1
861000	1
24758819	1
13780312	1
28418	1
6521507	1
881423	1
10864178	1
1875895	1
8060500	1
37269737	1
1696821	1
1674890	1
1816339	1
1059688	1
1732019	1
724931	1
882120	1
2307477	1
222186	1
25440022	1
20982553	1
30635	1
3788418	1
3166682	1
29260845	1
3825228	1
444649	1
4542174	1
6098122	1
520583	1
35173545	1
8916771	1
457154	1
4825	1
24943212	1
33087130	1
13007	1
473855	1
2245546	1
2794765	1
3845245	1
1922959	1
8217427	1
5169996	1
853048	1
10151932	1
35405752	1
30664535	1
3125161	1
3828424	1
369661	1
1100552	1
36061572	1
3130504	1
44533122	1
18117877	1
18101227	1
5286917	1
838177	1
3547672	1
14361	1
3348634	1
13090039	1
8903881	1
8917253	1
294185	1
48444895	1
217548	1
32627525	1
427752	1
827777	1
2863786	1
6878191	1
266894	1
881804	1
8204918	1
1328834	1
30335846	1
10587926	1
21809941	1
3368053	1
550055	1
20771216	1
23850755	1
158177	1
4994577	1
3129315	1
48260	1
42338182	1
1427957	1
334685	1
2321717	1
3886351	1
5843495	1
233249	1
11474122	1
19581813	1
1178429	1
5633848	1
32318839	1
367441	1
353197	1
4777599	1
546553	1
143117	1
1712714	1
1572370	1
5770926	1
18933277	1
24538089	1
229168	1
2843798	1
8272476	1
191992	1
29759479	1
216770	1
25897	1
4706	1
17999364	1
7067250	1
44670014	1
181846	1
26197971	1
4101403	1
449899	1
25918889	1
6125025	1
1211238	1
5146607	1
35126331	1
7870670	1
1455437	1
847262	1
216958	1
698194	1
1634944	1
8872106	1
42081442	1
32532531	1
3136974	1
2117136	1
243685	1
1635486	1
16001	1
295562	1
25482316	1
11169247	1
7428705	1
2174755	1
2623187	1
24297191	1
3378234	1
20044001	1
6292117	1
25776534	1
1813731	1
26980616	1
13299924	1
38678906	1
21600887	1
8851161	1
1041133	1
26553295	1
946625	1
11788092	1
5416588	1
563078	1
2002013	1
557694	1
13251570	1
461698	1
19441899	1
12305258	1
8804849	1
18166211	1
8021815	1
20594506	1
743173	1
4927305	1
18471049	1
11287086	1
22943	1
467283	1
1019612	1
11015826	1
1585513	1
2869097	1
8894758	1
5824259	1
3181523	1
142030	1
11307818	1
46413	1
42106513	1
8678132	1
7487119	1
18920459	1
1047519	1
3042173	1
1691579	1
4377478	1
925718	1
2757927	1
1816392	1
592136	1
23964	1
201460	1
45622503	1
2095922	1
4398885	1
6146972	1
27852190	1
42514136	1
10993574	1
42314	1
3858080	1
5305869	1
2936142	1
26849954	1
874376	1
612239	1
4242180	1
8821039	1
5852946	1
3092206	1
1332763	1
663997	1
547821	1
29459224	1
300561	1
35158866	1
2888949	1
4069043	1
1418878	1
8827551	1
5990097	1
296108	1
1753322	1
17857512	1
14019	1
1930	1
1194773	1
473865	1
45413207	1
472333	1
343187	1
1157474	1
13918456	1
28312116	1
1850134	1
31502	1
8917087	1
2809574	1
43317259	1
350020	1
277404	1
73105	1
340086	1
17329600	1
1424360	1
3163225	1
612266	1
7456743	1
858341	1
10186	1
4110285	1
27097676	1
15254281	1
6715442	1
6209090	1
1706832	1
584346	1
2780	1
1040489	1
21933579	1
1059474	1
1933287	1
47173219	1
490627	1
6477091	1
3043386	1
9642062	1
325714	1
473803	1
1480584	1
5977173	1
438819	1
3917974	1
38387764	1
684859	1
1107958	1
28485651	1
5623736	1
2706512	1
28287473	1
7662204	1
1321703	1
3602324	1
2315503	1
7194154	1
3850621	1
1412562	1
1060386	1
3959	1
959544	1
5203971	1
2234641	1
25587444	1
10792098	1
3735097	1
10335484	1
4561870	1
1193676	1
320781	1
21583	1
206965	1
3070193	1
19046423	1
18426501	1
9284105	1
222346	1
8818691	1
675776	1
1460121	1
19962399	1
871870	1
1025059	1
18404134	1
340081	1
146950	1
4200288	1
561444	1
20463938	1
12853374	1
967213	1
26825275	1
18952889	1
37988	1
7200539	1
405044	1
11948136	1
752701	1
35483592	1
21371928	1
4704229	1
8217126	1
1844212	1
879554	1
262462	1
1047416	1
82417	1
473809	1
34457079	1
8215634	1
604962	1
176400	1
2411002	1
8818342	1
32923380	1
472341	1
20903427	1
10477034	1
1982308	1
15443408	1
22112912	1
1939516	1
2458302	1
30157464	1
1971714	1
569669	1
728954	1
118021	1
14111725	1
55268	1
821604	1
22559859	1
23049091	1
6729928	1
27853303	1
1839078	1
213380	1
22148480	1
3705048	1
4064546	1
29386981	1
1905340	1
1600253	1
995808	1
4384473	1
13802397	1
531233	1
3456739	1
540732	1
15454	1
1512940	1
5415964	1
153914	1
3295146	1
679512	1
236940	1
21676245	1
2001324	1
3458961	1
962731	1
729240	1
2188387	1
60912	0
12987971	0
7124637	0
4735120	0
16096176	0
10165708	0
912945	0
25122143	0
7011664	0
40696262	0
2624860	0
1566134	0
16187680	0
921672	0
28278331	0
25016098	0
8930998	0
13178470	0
12181546	0
37982091	0
2396	0
46157	0
501168	0
3738	0
17980276	0
40018731	0
36530417	0
2077944	0
41781944	0
14772947	0
33209617	0
8646123	0
475284	0
418544	0
13859711	0
7617881	0
6515653	0
482918	0
46875661	0
12751829	0
7672567	0
1429557	0
7926022	0
3775785	0
19593015	0
12319634	0
4243314	0
224493	0
1160678	0
1654639	0
7244806	0
1400509	0
5166257	0
1980547	0
15996217	0
29278698	0
7839389	0
22614	0
1054961	0
4686343	0
13171843	0
2219095	0
1029326	0
1540142	0
8828992	0
3664750	0
16617003	0
4812482	0
6468793	0
17137292	0
4346558	0
3820010	0
27309984	0
39791100	0
13771804	0
4710795	0
5725636	0
4961199	0
2140462	0
33071622	0
14891113	0
536107	0
25798673	0
2819622	0
15559241	0
402085	0
14965818	0
5955359	0
93652	0
859535	0
7158718	0
9290743	0
3193071	0
35841867	0
303324	0
486934	0
32336258	0
382755	0
114401	0
24110224	0
3557640	0
15888210	0
17935643	0
25956223	0
24449519	0
6061647	0
46381335	0
3417490	0
15961118	0
3698037	0
37512440	0
6168309	0
23745455	0
36567620	0
8032151	0
6962295	0
4498912	0
824	0
15022714	0
1482800	0
21901706	0
16158633	0
4827055	0
25991820	0
4953908	0
114844	0
3539462	0
9027363	0
138491	0
7542470	0
15858242	0
601849	0
11559365	0
25746716	0
1743880	0
7599952	0
10773065	0
42399532	0
12298605	0
1265989	0
5470907	0
44538412	0
10952133	0
32716612	0
16641164	0
22734452	0
16198418	0
5958893	0
33331803	0
43930022	0
7571558	0
556442	0
2705671	0
43283319	0
8499026	0
42003757	0
3365240	0
13557372	0
6014093	0
1000340	0
38997095	0
43728796	0
39581980	0
27067711	0
130796	0
11301290	0
662948	0
15695552	0
21286010	0
10000161	0
9715312	0
174002	0
1627601	0
30870472	0
1695936	0
17084043	0
11695817	0
16980274	0
9480145	0
41768149	0
2305424	0
22269291	0
3579981	0
26261634	0
5059343	0
11680581	0
6438239	0
25579170	0
5656246	0
10738399	0
16628950	0
7068584	0
1105458	0
611587	0
1048151	0
32808	0
3256065	0
13222299	0
15973857	0
35096288	0
4941609	0
2935841	0
320533	0
39133572	0
551690	0
7109855	0
27275809	0
1400311	0
3300146	0
28353730	0
9738528	0
11787287	0
899165	0
5193384	0
6552142	0
1359792	0
1813388	0
74552	0
3267195	0
11451395	0
22318753	0
36240944	0
4434923	0
1963036	0
7900234	0
22355029	0
4033124	0
25423282	0
6140035	0
1452589	0
13714120	0
1012032	0
35809867	0
11081274	0
1046471	0
19861726	0
12869240	0
45355596	0
4251622	0
1548934	0
3533055	0
2635402	0
1071385	0
10913880	0
21417757	0
5696609	0
12458769	0
19714717	0
14300292	0
5725411	0
2193227	0
22450358	0
12048038	0
1459019	0
1201336	0
1092039	0
231894	0
22712592	0
2176802	0
108838	0
5823015	0
13079934	0
4554263	0
4405718	0
32658054	0
125774	0
1812232	0
1726462	0
9205028	0
4607389	0
1996804	0
3674934	0
408254	0
1751861	0
2373041	0
14936600	0
1991470	0
22192358	0
16385234	0
2315806	0
17622204	0
42090023	0
12686639	0
4620958	0
11961461	0
7111542	0
14120328	0
7435804	0
19187	0
15939336	0
6120799	0
9544520	0
26104614	0
1751168	0
18409652	0
22900915	0
10142520	0
21613997	0
21643575	0
48030682	0
1269309	0
7013859	0
4611998	0
1226967	0
1683882	0
29484180	0
4871458	0
13605234	0
28675506	0
10087037	0
598153	0
6162338	0
32446498	0
15872795	0
4141989	0
1751331	0
1977664	0
16512408	0
979890	0
17513908	0
206216	0
7987387	0
119946	0
23536282	0
339	0
20589809	0
47863311	0
11318356	0
1164071	0
43598546	0
4888055	0
219527	0
11322218	0
248244	0
597903	0
20827557	0
46569979	0
1544297	0
30385795	0
148190	0
652685	0
252421	0
1473778	0
29768287	0
6508685	0
6361028	0
2171598	0
3638845	0
7121154	0
30857346	0
714521	0
4936983	0
381177	0
33316771	0
28687855	0
1711438	0
9097409	0
5896114	0
29049663	0
8368150	0
3193295	0
2928283	0
12739189	0
5812203	0
6769015	0
1584978	0
60135	0
6851899	0
19036833	0
8808695	0
3747403	0
22323510	0
9212912	0
11297668	0
1290489	0
5379742	0
30969417	0
11630673	0
7039969	0
7829369	0
19591064	0
383564	0
465784	0
43577375	0
3552556	0
10082274	0
25776684	0
1763249	0
30673485	0
1586837	0
7198862	0
160729	0
463245	0
492204	0
21606540	0
3744027	0
37250986	0
4163797	0
28771075	0
29470672	0
18716938	0
23330303	0
45332966	0
43404643	0
365171	0
7793432	0
2407444	0
47625502	0
897066	0
11149275	0
1401714	0
5796460	0
3189670	0
658268	0
194960	0
653422	0
20137456	0
22298228	0
6696770	0
2920392	0
17920	0
352249	0
44764073	0
41808020	0
3217067	0
34327454	0
23936269	0
40144918	0
324872	0
123127	0
128558	0
564780	0
7507239	0
1681761	0
2950527	0
20882010	0
11784093	0
27999827	0
21780429	0
1959693	0
4620880	0
535033	0
35751835	0
6615152	0
25862422	0
17742813	0
11387252	0
2657759	0
22473842	0
1987889	0
36909917	0
239898	0
19457779	0
8660966	0
28164727	0
5693912	0
9553850	0
14161974	0
2650810	0
36524590	0
2572818	0
24937031	0
26953827	0
707780	0
5800032	0
2049190	0
1169618	0
9719151	0
8399811	0
32613635	0
34452601	0
973595	0
17822938	0
6388903	0
14650272	0
11212097	0
6337423	0
8752187	0
41261203	0
28638152	0
2275018	0
11432574	0
2389084	0
2292771	0
4129178	0
40059939	0
6793486	0
6478683	0
9179013	0
34176080	0
696458	0
28237576	0
11613107	0
9225378	0
6312971	0
33384563	0
1428501	0
1070873	0
20338902	0
12528575	0
