575245	1
5551839	1
29534104	1
5207510	1
7670389	1
9527554	1
353535	1
33458204	1
974136	1
14925770	1
8840098	1
26544580	1
1064863	1
756910	1
718710	1
467119	1
160126	1
26970	1
28353005	1
351224	1
20756967	1
29566559	1
701877	1
19769681	1
96775	1
7918930	1
324853	1
33409740	1
56989	1
253876	1
16643103	1
4401933	1
32977	1
2964116	1
1930076	1
41831	1
55199	1
3909365	1
255133	1
191094	1
881586	1
348229	1
1862320	1
171136	1
1753967	1
175470	1
13066777	1
454746	1
5464202	1
4374584	1
246160	1
3466773	1
10806186	1
4202761	1
605310	1
2290129	1
82323	1
4026647	1
3296094	1
1420277	1
44634	1
279240	1
4913027	1
925575	1
2446301	1
13940089	1
2269463	1
3619169	1
42541096	1
2669172	1
32569504	1
595344	1
12578245	1
494540	1
49090	1
700160	1
1104849	1
360000	1
627358	1
3951105	1
7184	1
794761	1
251250	1
207347	1
926219	1
173283	1
156541	1
6112522	1
32479091	1
2194001	1
7289051	1
3929695	1
24880000	1
34612	1
4064	1
11543090	1
2802207	1
9037411	1
406259	1
286363	1
3881631	1
572071	1
1017713	1
1229635	1
6729882	1
11670255	1
6370261	1
6953049	1
30364	1
1600790	1
5944924	1
318172	1
64716	1
10937	1
244924	1
1622398	1
2569353	1
631179	1
213197	1
146728	1
2303442	1
8641982	1
372088	1
1176048	1
3498555	1
6461120	1
218165	1
4348089	1
417785	1
3878926	1
34768842	1
33279458	1
2255163	1
637614	1
6682935	1
14056005	1
54586	1
8297742	1
32061846	1
210423	1
2629149	1
3545940	1
56526	1
1047286	1
4382623	1
18220755	1
961703	1
162435	1
4563813	1
39262	1
52634	1
56483	1
18739286	1
525767	1
7913546	1
2200405	1
30049171	1
854294	1
12741677	1
479154	1
1515679	1
6749015	1
4640346	1
399187	1
11976637	1
566036	1
324949	1
1614708	1
26553295	1
3913107	1
22126504	1
33544108	1
4938243	1
569171	1
35611788	1
5104474	1
48395	1
18985263	1
3745310	1
20762	1
1401053	1
4196755	1
12598683	1
6229129	1
1954244	1
377143	1
6585780	1
239497	1
964172	1
1891038	1
49571	1
30283959	1
30875479	1
12647743	1
2570539	1
1347759	1
4789678	1
1226109	1
38866302	1
2528182	1
31513304	1
19008673	1
24977717	1
171628	1
39359616	1
372487	1
166163	1
10596170	1
4345305	1
22452362	1
38054869	1
697150	1
30746	1
75433	1
65787	1
137986	1
29702055	1
2556515	1
1348808	1
30985998	1
276779	1
253227	1
2487140	1
5481919	1
176307	1
428437	1
111053	1
143678	1
541567	1
351769	1
618552	1
34779339	1
302167	1
5172349	1
21871	1
31875876	1
182551	1
5434703	1
2243769	1
2437670	1
266317	1
1304742	1
4379453	1
47862299	1
320709	1
45610	1
18667031	1
5686387	1
1339618	1
2306978	1
2784711	1
43519079	1
5683290	1
32841091	1
671926	1
26866	1
5618574	1
39374802	1
28791	1
5613578	1
9416491	1
1864718	1
17599588	1
224301	1
6140	1
18010509	1
320753	1
464831	1
8797478	1
508647	1
860876	1
16267	1
39070	1
1246843	1
5530848	1
4466270	1
47017	1
141023	1
14610505	1
1356414	1
42717264	1
338169	1
1873563	1
5858801	1
413180	1
82430	1
37898732	1
57871	1
912160	1
5635	1
16625	1
8931454	1
49764	1
127070	1
166633	1
675725	1
1813310	1
477945	1
26893018	1
2011434	1
72032	1
24536543	1
88923	1
397608	1
265582	1
24713950	1
24051596	1
10960535	1
23401520	1
21467370	1
37674	1
47431	1
7967636	1
5208790	1
3244067	1
4331439	1
53179	1
772629	1
1705576	1
23404874	1
100422	1
47923	1
173312	1
214296	1
3500360	1
196318	1
12183996	1
352169	1
864368	1
6017326	1
11524701	1
49855	1
1318047	1
13663892	1
1156447	1
5501853	1
6048617	1
156215	1
3149293	1
17163024	1
691927	1
189254	1
1175476	1
20617	1
18598148	1
104784	1
166789	1
23844652	1
26301474	1
24573	1
1276759	1
270469	1
1464931	1
18762498	1
16585007	1
412232	1
3485754	1
827691	1
4782398	1
7277773	1
2045792	1
182896	1
3729941	1
1790812	1
795554	1
36393507	1
411159	1
5460470	1
175905	1
1886954	1
32620985	1
29021460	1
42734	1
2183177	1
695875	1
6754505	1
421025	1
10448896	1
3431632	1
10610043	1
6231032	1
1393764	1
23484527	1
883432	1
769680	1
20546479	1
1297768	1
6746645	1
2593710	1
25759981	1
543503	1
26444	1
2909487	1
42172	1
44314951	1
287007	1
1101558	1
316393	1
290181	1
422481	1
9505820	1
217548	1
1136348	1
3525871	1
707390	1
1484751	1
384849	1
4463773	1
27160913	1
14109	1
2299790	1
995574	1
605309	1
47607	1
219353	1
1590618	1
9978737	1
1779806	1
215740	1
1161823	1
217289	1
1469424	1
752155	1
722949	1
15821616	1
417393	1
605272	1
990298	1
84022	1
23558775	1
3119817	1
1338017	1
37186317	1
204299	1
3054439	1
854003	1
153568	1
1555100	1
10213087	1
3576984	1
325181	1
4828849	1
13751399	1
666574	1
10174	1
19059248	1
230560	1
743265	1
116868	1
7861152	1
1118721	1
3562160	1
27699595	1
3643740	1
24167685	1
807936	1
5882	1
17541	1
407755	1
365242	1
245990	1
443584	1
1834663	1
761025	1
4606480	1
326982	1
852675	1
493423	1
234657	1
116731	1
485044	1
932387	1
479798	1
18949347	1
33316771	1
24637333	1
7565899	1
56228	1
1219853	1
199657	1
33821	1
2001577	1
32839777	1
157481	1
42529294	1
1132677	1
5242635	1
44010045	1
131393	1
1582683	1
18376270	1
255521	1
10166400	1
228080	1
1742972	1
313216	1
6445326	1
20691749	1
733993	1
22779050	1
874872	0
15859506	0
3827122	0
6202712	0
1874210	0
182433	0
10968048	0
27672655	0
24425411	0
312535	0
5089255	0
27786260	0
1261718	0
131299	0
15439315	0
37506772	0
2666581	0
43271299	0
3955330	0
29112509	0
6564411	0
30673886	0
24074988	0
2103196	0
1491308	0
21007686	0
210799	0
12490710	0
19372369	0
282541	0
215430	0
24059640	0
9467011	0
7077933	0
21263964	0
9320953	0
44912801	0
2680818	0
7467873	0
28407604	0
225110	0
7348658	0
5956302	0
37912386	0
20195875	0
11328428	0
8410545	0
5397	0
44257308	0
2291643	0
44168625	0
29825098	0
11492794	0
21666216	0
656518	0
25478324	0
41415888	0
3510976	0
9943201	0
19931966	0
10996505	0
9859087	0
15526621	0
134519	0
4541546	0
7749052	0
6949341	0
1086090	0
33952075	0
43494282	0
17817877	0
2505721	0
17021115	0
33495399	0
391088	0
847565	0
7002883	0
25183600	0
12617401	0
61899	0
1944883	0
39304265	0
2556370	0
43843964	0
34474541	0
17673412	0
3546599	0
708355	0
6709743	0
47233735	0
34545052	0
1650365	0
17965174	0
1061797	0
24534418	0
96113	0
6826443	0
39574667	0
11110907	0
16887796	0
22115512	0
3463965	0
10305442	0
8008096	0
16999674	0
44062646	0
11750071	0
5195254	0
34760541	0
1723249	0
12519994	0
33595035	0
842695	0
2867302	0
1760479	0
17670581	0
47154110	0
13555867	0
44866575	0
2504310	0
21990456	0
6367875	0
22785012	0
19418721	0
356825	0
5505230	0
2919973	0
14529347	0
2583704	0
39744628	0
31799560	0
35242479	0
41241760	0
1754224	0
4535806	0
29018317	0
12975527	0
33176482	0
10370894	0
41392746	0
2735367	0
12405229	0
18447096	0
939261	0
18922189	0
4046574	0
2134851	0
9116973	0
2909433	0
304253	0
13572885	0
6097747	0
39881111	0
2068467	0
1681043	0
23557262	0
22280891	0
19586734	0
43898224	0
1986982	0
991709	0
27708210	0
35018136	0
22166122	0
26305767	0
11356093	0
22667032	0
584217	0
19181007	0
12798851	0
28888825	0
2904011	0
414804	0
6921378	0
3680006	0
5981890	0
4676159	0
45175770	0
23445892	0
15343857	0
112701	0
5966828	0
3762615	0
1041330	0
25472675	0
24882395	0
25186051	0
9856317	0
4824162	0
29904681	0
45676133	0
11786617	0
10550200	0
11391738	0
26045773	0
2887186	0
1766916	0
34323410	0
39956989	0
45699443	0
4700728	0
10737903	0
5968456	0
18211203	0
16376635	0
10174562	0
12417087	0
23330303	0
11152599	0
126255	0
209271	0
199799	0
894674	0
6792986	0
6148413	0
26221208	0
37016762	0
3732394	0
3594845	0
7955439	0
965388	0
1493074	0
798361	0
27023791	0
37524570	0
16337183	0
10567534	0
106912	0
31595655	0
54088	0
12206638	0
115398	0
147722	0
12424929	0
4330628	0
12309462	0
11483204	0
25201420	0
2372779	0
5547024	0
5916228	0
1993451	0
3450966	0
533891	0
5353899	0
288300	0
11109398	0
14524554	0
7479674	0
2288263	0
36183585	0
28723963	0
12473219	0
15772735	0
13218931	0
11975238	0
3622327	0
35121772	0
41595749	0
1663912	0
12234858	0
27210223	0
93123	0
31270492	0
35757665	0
36838578	0
8838721	0
47415035	0
9392704	0
136419	0
389818	0
4503816	0
5050512	0
25734910	0
2465946	0
17035391	0
15794479	0
13401841	0
5992682	0
13745029	0
1297199	0
32206413	0
4554079	0
4963376	0
19714349	0
21333292	0
35229702	0
6170311	0
36066847	0
23453414	0
38932106	0
12179432	0
6717905	0
2479599	0
28250754	0
924338	0
32551386	0
3153913	0
265422	0
31966324	0
38193617	0
19217319	0
24540413	0
16166694	0
32637288	0
7627052	0
20010834	0
8899186	0
27897295	0
10230624	0
2954486	0
12090508	0
40651435	0
26383796	0
19483310	0
25801568	0
477736	0
877642	0
2618658	0
12308209	0
5821081	0
43075107	0
6700528	0
2260328	0
2024757	0
29213816	0
23230630	0
38130263	0
827707	0
3321282	0
23315331	0
904941	0
5289794	0
26178698	0
33484043	0
4499835	0
17032988	0
32014531	0
12562289	0
28603210	0
37666985	0
8174681	0
4897068	0
12939087	0
2840944	0
39190240	0
39454922	0
1719642	0
40082474	0
5864912	0
11919367	0
41804633	0
26358018	0
29614581	0
1916104	0
21806000	0
22264880	0
34467696	0
13069204	0
14416620	0
6831434	0
2776311	0
10048878	0
7737601	0
44314909	0
440244	0
17147099	0
2432711	0
10720165	0
1236606	0
12768359	0
6730584	0
38358439	0
3386472	0
10480264	0
7994438	0
22588200	0
16472521	0
1232293	0
10879941	0
2586965	0
1300568	0
1296097	0
18904912	0
242746	0
6827664	0
9563245	0
18403517	0
42229142	0
13737513	0
2461860	0
7960501	0
10547330	0
20981848	0
30871204	0
601774	0
10716868	0
36498122	0
14832630	0
10431316	0
15760981	0
2829385	0
34104148	0
25399149	0
36020451	0
34358526	0
25861225	0
962799	0
453017	0
28503531	0
11311275	0
328620	0
29164946	0
69870	0
832476	0
5912685	0
3568694	0
10396496	0
6760987	0
48705535	0
481818	0
35533341	0
43718925	0
5761812	0
26256557	0
34925125	0
33278335	0
6225602	0
8078064	0
341984	0
25125165	0
29292317	0
23101034	0
44608310	0
31578018	0
3285233	0
9484231	0
15685400	0
21942155	0
22465290	0
4324562	0
24793278	0
43395157	0
13195996	0
35660513	0
21201515	0
13791907	0
29431454	0
27460992	0
22441040	0
26295625	0
39547975	0
28991911	0
9286315	0
4395605	0
47216519	0
1760055	0
29042544	0
11571666	0
15837667	0
1219344	0
49056456	0
42345808	0
5591346	0
20149578	0
2918178	0
274572	0
39386494	0
17247463	0
11685710	0
12719933	0
14504494	0
8438515	0
47335397	0
7157678	0
2463407	0
31779110	0
3030582	0
192199	0
10410235	0
5346538	0
41211471	0
178382	0
22467804	0
2194790	0
12002388	0
34598062	0
31028016	0
6125304	0
9084375	0
125955	0
18622555	0
5165622	0
4997513	0
35574848	0
26832345	0
40249652	0
23986448	0
46433021	0
14471179	0
