1486817	1
36827867	1
5302486	1
2452325	1
360739	1
246228	1
16778908	1
1725064	1
5272489	1
5525588	1
10096936	1
209404	1
75024	1
2278897	1
12085136	1
107655	1
338821	1
44948963	1
1054458	1
35852267	1
34272	1
4700891	1
5712105	1
2336246	1
41960	1
916639	1
32340610	1
61915	1
5562684	1
91104	1
3859318	1
2850681	1
1419699	1
4393438	1
2626452	1
946004	1
1049167	1
39389	1
187904	1
320634	1
62931	1
364916	1
40112	1
22425059	1
2522162	1
17665635	1
314465	1
204971	1
3296153	1
2928904	1
26484	1
297078	1
484247	1
1458629	1
28685	1
13029446	1
19583036	1
206682	1
548889	1
1743486	1
28460254	1
60031	1
89289	1
256268	1
956656	1
1781075	1
35457842	1
25435231	1
4012486	1
76907	1
173272	1
446134	1
12301	1
28319	1
457820	1
593499	1
14724	1
36109586	1
3073124	1
13473149	1
5043742	1
956677	1
1799517	1
1393859	1
23661021	1
2601176	1
22114866	1
352795	1
28890342	1
529138	1
300200	1
5572517	1
724596	1
249084	1
606295	1
28869	1
24599548	1
40465606	1
17258806	1
239428	1
6711465	1
1165221	1
1333250	1
23410414	1
202392	1
682596	1
1367536	1
350568	1
1022756	1
692374	1
8784005	1
50785	1
25	1
22230298	1
7625694	1
38844046	1
239160	1
13274	1
378232	1
3744292	1
1939628	1
27600370	1
101358	1
4346627	1
1434556	1
2957535	1
23716	1
123580	1
13033790	1
9633152	1
15747837	1
29941006	1
14605199	1
30030242	1
10440831	1
842468	1
12740248	1
6231032	1
69980	1
1166	1
26590083	1
322689	1
16869	1
1729733	1
2511501	1
39626	1
5708899	1
7763816	1
60598	1
4665754	1
59742	1
784425	1
2697717	1
359590	1
16135712	1
150200	1
5417389	1
1689982	1
1697938	1
603166	1
4143506	1
832954	1
27363061	1
105329	1
641118	1
474512	1
1066457	1
30747	1
292461	1
501548	1
12545216	1
145439	1
38499562	1
30605803	1
917623	1
23608452	1
408265	1
23807	1
2780585	1
1796075	1
2032	1
1383587	1
300664	1
13209093	1
454347	1
340539	1
28122	1
202107	1
1347984	1
173688	1
2485779	1
761753	1
4142591	1
981069	1
195552	1
159945	1
2953967	1
2558147	1
582519	1
731539	1
9806	1
186319	1
25117749	1
7274111	1
57580	1
3294257	1
13121768	1
2529130	1
2667360	1
354015	1
63317	1
586540	1
6928230	1
38393	1
21159153	1
1936074	1
863252	1
212409	1
2983910	1
16792080	1
2455462	1
18566148	1
12094479	1
2832753	1
1218553	1
849758	1
763013	1
17740	1
145306	1
964464	1
1339241	1
603971	1
1124810	1
211453	1
677931	1
16547	1
698662	1
3638498	1
756772	1
102354	1
2855494	1
5201208	1
155667	1
424253	1
154943	1
32358912	1
31623876	1
2358379	1
26266796	1
1588837	1
362515	1
15414	1
2357952	1
25222200	1
3108978	1
21967345	1
286905	1
13650478	1
33451094	1
9313589	1
15621902	1
1847199	1
43215830	1
173575	1
345728	1
1177238	1
150497	1
339990	1
4836572	1
6322017	1
24203	1
22799653	1
1910027	1
1133081	1
6875642	1
382786	1
12490290	1
356907	1
16329	1
2898868	1
610834	1
1397081	1
78298	1
46850350	1
31669131	1
8248963	1
35894206	1
65524	1
10085150	1
2057234	1
295757	1
64985	1
8069133	1
1899794	1
1584338	1
39123067	1
4416108	1
2388933	1
143160	1
2328646	1
38472636	1
375359	1
2152506	1
97713	1
152827	1
1683635	1
151786	1
7945281	1
5121243	1
23933638	1
86740	1
315043	1
5416	1
412667	1
3654794	1
1374327	1
299878	1
424122	1
4484320	1
6027217	1
185130	1
2243833	1
90815	1
669680	1
1924703	1
846184	1
1710954	1
98564	1
179661	1
23738141	1
3571923	1
1056621	1
5683001	1
3989926	1
194819	1
1105739	1
495809	1
356299	1
82225	1
33272875	1
2009262	1
673409	1
155974	1
660618	1
379898	1
36953376	1
33821681	1
2945494	1
22359113	1
24378772	1
9049442	1
66064	1
3743280	1
21177686	1
574596	1
1630384	1
21113	1
2850207	1
3005471	1
4228378	1
18408	1
6087289	1
192746	1
38145885	1
5542149	1
6399368	1
19482262	1
107618	1
404052	1
25826476	1
524271	1
87900	1
37631669	1
456769	1
1135707	1
57169	1
2618457	1
233656	1
91361	1
374422	1
523975	1
365688	1
1625590	1
28783615	1
2346152	1
351953	1
5616804	1
29361885	1
709287	1
27122	1
2392487	1
6097297	1
683441	1
1552813	1
48120932	1
4755246	1
156576	1
34271255	1
83529	1
969960	1
20810	1
42001	1
1303547	1
13070	1
220272	1
21597228	1
2287280	1
379555	1
2805256	1
1081556	1
12963391	1
1974687	1
18813496	1
11133104	1
156261	1
584096	1
4891192	1
30412171	1
180464	1
2917251	1
1302646	1
313027	1
10815	1
972107	1
8346050	1
50338	1
6263360	1
12442859	1
3833	1
222243	1
2967775	1
410517	1
573188	1
598128	1
321059	1
1069951	1
10785996	1
306727	1
2049748	1
1783987	1
5290531	1
21401843	1
144921	1
8724591	1
8018057	1
429099	1
19008577	1
1211193	1
45303	1
277663	1
1152273	1
33502723	1
3253299	1
9140389	1
2602096	1
49557202	1
1105029	1
639104	1
2270751	1
15881	1
162435	1
12870661	1
666158	1
170666	1
604531	1
641002	1
93994	1
85436	1
1486022	1
198099	1
3619193	1
427097	1
422269	1
7223301	1
633635	1
640693	1
15163558	1
307592	1
3103077	1
477342	1
10186	1
2323962	1
855708	1
130081	1
155547	1
461771	1
2945034	1
1076875	1
102459	1
102087	1
3179626	1
2623642	1
4826125	1
2156735	1
4286317	1
4481131	1
932797	1
12091709	1
1581	1
4383374	1
1405257	0
34554192	0
5339200	0
11882223	0
27261682	0
1994970	0
1305552	0
36039786	0
4383188	0
13897665	0
40122152	0
4127349	0
8367998	0
8486830	0
36207673	0
27236381	0
1552105	0
43210854	0
5514887	0
2322813	0
2714931	0
135463	0
199352	0
7688307	0
28197101	0
17125989	0
6525384	0
40820395	0
35837677	0
105604	0
443326	0
25589553	0
42549287	0
12091875	0
3517654	0
1621822	0
32686020	0
9644095	0
10750738	0
9374539	0
44346053	0
5215070	0
46615307	0
365288	0
3852894	0
739184	0
310852	0
27267422	0
2278804	0
23113875	0
37462119	0
5736715	0
17950116	0
22460644	0
5771378	0
16714097	0
11464707	0
24019954	0
4207368	0
1339415	0
192785	0
44328303	0
15538845	0
8325280	0
203047	0
1129076	0
28983527	0
31620518	0
24729144	0
17259473	0
1672755	0
16731327	0
1494841	0
24748125	0
39886668	0
31319751	0
5818472	0
10357313	0
13636769	0
45152198	0
47211732	0
35643461	0
23862709	0
39586291	0
37297939	0
35512355	0
4368546	0
13490417	0
43390143	0
13070285	0
2532296	0
929082	0
12411206	0
1321259	0
27507413	0
5674133	0
33396541	0
10525894	0
30652065	0
10381460	0
12427753	0
35916354	0
17938761	0
46478584	0
46703097	0
14005308	0
1810156	0
16190197	0
3706345	0
11930237	0
46512458	0
11058878	0
23612083	0
31309745	0
7561408	0
95681	0
26383322	0
16047456	0
40175481	0
11083987	0
21917116	0
17008305	0
49520491	0
669254	0
32251999	0
2661072	0
3721580	0
6723513	0
5311427	0
15725337	0
22240111	0
43654222	0
36478170	0
10439707	0
20995549	0
32318973	0
34263609	0
25220785	0
6028257	0
3306674	0
44969763	0
20948016	0
6972193	0
101171	0
41371101	0
8225408	0
2600116	0
3736227	0
11164893	0
35809761	0
3202594	0
9752445	0
1193726	0
19089372	0
5212444	0
8002583	0
26446604	0
17531956	0
28094731	0
42502854	0
38900996	0
5470107	0
2994623	0
7420645	0
8317764	0
6169082	0
4322913	0
11030553	0
21821822	0
3723174	0
858612	0
95705	0
13784343	0
37485441	0
4676371	0
48858982	0
1196960	0
3824857	0
7053170	0
19298738	0
45712489	0
5621742	0
1519726	0
26914759	0
30800407	0
1499547	0
7029833	0
38537764	0
30776972	0
1017689	0
17034448	0
1476126	0
29006092	0
309603	0
16277502	0
2692306	0
11033675	0
2532140	0
3018883	0
2216777	0
2908787	0
43850207	0
8074625	0
33561617	0
143435	0
12793914	0
10776415	0
22026016	0
11607282	0
477095	0
1532796	0
32301113	0
5308236	0
1178726	0
2734110	0
36045482	0
17920942	0
47004120	0
33473615	0
15557536	0
31602422	0
20940621	0
758556	0
26163432	0
6691715	0
2237840	0
42153376	0
14329055	0
7899982	0
20131078	0
16178932	0
38477377	0
10724272	0
4167617	0
3753214	0
11925965	0
28249332	0
1135123	0
31867903	0
1723963	0
47024718	0
43386082	0
23712013	0
4439840	0
5397705	0
18286891	0
137838	0
862871	0
8680627	0
296614	0
38753003	0
5824056	0
41326222	0
2044253	0
43440457	0
7444736	0
38611875	0
17437066	0
38360078	0
1455366	0
2107991	0
13784144	0
41739585	0
15039951	0
4726961	0
18483003	0
9690128	0
19243372	0
14845248	0
12310817	0
3803825	0
12779723	0
2232415	0
6561135	0
2340343	0
6745560	0
21304582	0
47325142	0
17133869	0
1052368	0
19115765	0
19664801	0
2059268	0
1534089	0
17604639	0
6133707	0
34773541	0
10553733	0
2619302	0
3084284	0
5165504	0
19541601	0
898047	0
48856220	0
32405044	0
16164833	0
30170125	0
26969370	0
22967440	0
36255370	0
3904824	0
2402864	0
34607481	0
2423701	0
645136	0
6439691	0
1369507	0
22059274	0
44044009	0
5718227	0
28769715	0
21141239	0
5482619	0
40891165	0
1628353	0
1444844	0
17060891	0
28157555	0
19178528	0
2906138	0
42716446	0
9495541	0
8115593	0
1011348	0
21162987	0
3577034	0
9777300	0
2106930	0
516521	0
11772548	0
14512465	0
18967090	0
2608730	0
10395552	0
9123705	0
25524234	0
10296498	0
644567	0
6812535	0
11382444	0
5270656	0
11506348	0
41257955	0
783312	0
16058720	0
18350632	0
26553682	0
192154	0
9363107	0
2463615	0
108133	0
4534744	0
9974682	0
27144614	0
38349252	0
37108612	0
33633630	0
24908865	0
1744792	0
28463749	0
14153208	0
7178221	0
2331462	0
25088169	0
8132046	0
14526897	0
1634848	0
26285767	0
19352343	0
126608	0
21169487	0
5113395	0
38117278	0
13375550	0
13114982	0
12889708	0
24915649	0
32638	0
9082438	0
15284420	0
1756223	0
283883	0
2295383	0
5864997	0
10992005	0
38687689	0
27168879	0
9449024	0
14543768	0
20970866	0
2163719	0
1055898	0
39104317	0
2056630	0
43776138	0
2808108	0
1076126	0
12652721	0
155059	0
28560151	0
3028191	0
3318842	0
1601551	0
4490084	0
18946810	0
5900683	0
609006	0
1928481	0
304707	0
13843961	0
9426152	0
4917438	0
16869710	0
4239700	0
25714935	0
3021475	0
697887	0
23878652	0
17926757	0
33764068	0
3609733	0
1802997	0
5408178	0
37327581	0
25477716	0
4001329	0
48758522	0
29476115	0
6629405	0
3497288	0
134110	0
30481901	0
10628955	0
31440660	0
11954502	0
1027588	0
13975194	0
36485365	0
8512450	0
17242338	0
17688196	0
18317836	0
9513717	0
17608224	0
3391316	0
32299597	0
5600311	0
6589714	0
5656621	0
19116759	0
17676089	0
4052914	0
23732320	0
14455283	0
3149200	0
45285105	0
12181584	0
7090501	0
46927056	0
24219335	0
31788658	0
17622292	0
17120588	0
19826937	0
3428200	0
6716923	0
3309347	0
627123	0
2295275	0
28625263	0
788925	0
2916369	0
3461469	0
7444185	0
115514	0
4057758	0
45568265	0
3841073	0
13211112	0
664861	0
31329141	0
22827208	0
14648690	0
3448890	0
40227328	0
37907805	0
5845860	0
1962836	0
2350626	0
25602920	0
19410524	0
136690	0
43730544	0
23316308	0
42461506	0
1891139	0
20192194	0
24911309	0
28810589	0
3554548	0
