3724219	1
23035	1
544571	1
445587	1
761136	1
38443462	1
974131	1
14174729	1
11115668	1
32645186	1
38667928	1
3368577	1
29035	1
42707155	1
264458	1
4375912	1
8273780	1
43460	1
1166091	1
30696	1
454031	1
44642	1
34399	1
31596	1
151373	1
1511704	1
1079264	1
267660	1
26012959	1
7211	1
7775222	1
17843642	1
318500	1
464043	1
2235398	1
3740888	1
8588509	1
1551497	1
868430	1
4887	1
14006245	1
15137735	1
34415	1
9872517	1
1554041	1
39786051	1
2844350	1
12478	1
32639369	1
1176679	1
46720	1
380151	1
289907	1
3809165	1
242026	1
279898	1
7065479	1
36579	1
5438665	1
26806563	1
308084	1
333603	1
23900446	1
3231476	1
8261167	1
1916598	1
3163691	1
304460	1
29623369	1
23540092	1
1544548	1
573177	1
438600	1
332317	1
883623	1
305339	1
6191450	1
157365	1
2454625	1
9603402	1
59642	1
6746	1
23671232	1
14432540	1
20372689	1
1362611	1
677430	1
12976124	1
1501860	1
48274093	1
268869	1
30236979	1
336809	1
23707915	1
218864	1
21378255	1
162249	1
18988176	1
9176406	1
5682276	1
15824799	1
25809655	1
1958400	1
7610679	1
867492	1
6886136	1
360387	1
18835454	1
2346272	1
4412145	1
8970153	1
13383601	1
26194781	1
3356	1
277563	1
1405894	1
27199111	1
29649056	1
3915789	1
3891002	1
871713	1
336539	1
2384429	1
40606	1
756405	1
25602209	1
13489945	1
10769179	1
60857	1
1251101	1
29498941	1
2071836	1
1217547	1
1392092	1
55959	1
5028495	1
929882	1
6328968	1
368393	1
1349908	1
21063338	1
18836	1
2839990	1
2814188	1
332581	1
18449273	1
235719	1
189095	1
368552	1
2348156	1
8616149	1
961757	1
965798	1
30862858	1
43456	1
31024173	1
1137648	1
719474	1
21091866	1
25047739	1
2296748	1
542366	1
335936	1
3526319	1
193687	1
451914	1
11823525	1
2826272	1
1818864	1
370701	1
171473	1
171629	1
75831	1
161022	1
55837	1
155730	1
762752	1
19826	1
1374998	1
1094468	1
805304	1
5630038	1
5406386	1
23487074	1
16538518	1
1981994	1
981067	1
355648	1
2213751	1
5999043	1
226080	1
730658	1
10280220	1
928959	1
355603	1
1904353	1
21418258	1
790206	1
24316539	1
444948	1
1409375	1
22972564	1
15626188	1
12688688	1
44250756	1
17349325	1
33511376	1
6452	1
1813703	1
18186703	1
3110081	1
757334	1
19512683	1
2994119	1
1511647	1
11714761	1
330199	1
2610304	1
24186898	1
12141950	1
21899139	1
12581035	1
34616456	1
7612766	1
15691345	1
6253343	1
4584893	1
1086479	1
932493	1
966167	1
1199200	1
761462	1
709196	1
52975	1
303628	1
42029781	1
137549	1
559961	1
483474	1
25227996	1
68069	1
2338903	1
33341650	1
16376	1
21220282	1
28887	1
27164	1
2564737	1
2331583	1
24478520	1
13295044	1
13048148	1
1606	1
21476708	1
13259571	1
299227	1
3818837	1
1519128	1
32384	1
3296491	1
293322	1
72206	1
19656637	1
6968	1
30980	1
74206	1
292602	1
1215837	1
99598	1
41653850	1
1397486	1
917917	1
3788418	1
8760261	1
47420882	1
266982	1
252772	1
336362	1
60026	1
14228647	1
20569018	1
224593	1
28222445	1
26561880	1
1221644	1
159204	1
1680759	1
1977596	1
651860	1
14226711	1
43472976	1
44356	1
31931558	1
38999	1
3342906	1
3105120	1
697616	1
950288	1
47072	1
218684	1
52036	1
44848	1
34319676	1
404373	1
1591777	1
55804	1
7143337	1
1010604	1
31815548	1
1129826	1
197406	1
1469380	1
519775	1
40628105	1
168715	1
638665	1
48686	1
39826044	1
157366	1
8156678	1
1037989	1
164286	1
45379814	1
11431753	1
2938625	1
4853287	1
19288582	1
4332104	1
1119953	1
562941	1
15531054	1
29483	1
5256597	1
582831	1
291174	1
6572888	1
2306352	1
26937919	1
5784674	1
472904	1
455476	1
2843766	1
11484875	1
428291	1
313147	1
168932	1
204381	1
104944	1
229865	1
3783094	1
53451	1
609192	1
19886971	1
5553868	1
25501372	1
850170	1
972447	1
14235736	1
2211982	1
966195	1
325329	1
238487	1
48159535	1
27533942	1
4059825	1
11607705	1
343949	1
167148	1
851429	1
8887430	1
1637057	1
926927	1
61403	1
1549903	1
841947	1
158145	1
26147978	1
195777	1
1429354	1
46373	1
30031855	1
218883	1
4560637	1
1779568	1
15108068	1
2085	1
30536	1
80140	1
30865768	1
23047483	1
15525934	1
41819527	1
457455	1
101646	1
156881	1
56980	1
110805	1
14131	1
18778180	1
5819306	1
84075	1
11991626	1
972462	1
2799982	1
705687	1
531861	1
2784648	1
521360	1
19527	1
27939294	1
42451459	1
23933947	1
21143731	1
10113509	1
7955581	1
2530755	1
23453940	1
3908693	1
841	1
2905507	1
5921354	1
145971	1
953371	1
15077993	1
16044	1
25669925	1
33265	1
3762523	1
213137	1
358109	1
49392	1
11188	1
58495	1
153023	1
38260	1
7236	1
78019	1
5765744	1
299257	1
46185063	1
1464983	1
263101	1
2938305	1
1888708	1
30083214	1
2925581	1
874767	1
20895301	1
536709	1
363350	1
350074	1
1514382	1
926931	1
203908	1
23444125	1
935068	1
882887	1
1890240	1
1348068	1
16453017	1
68517	1
7821802	1
28754698	1
286318	1
102485	1
40678568	1
727364	1
440815	1
10333265	1
133250	1
9830345	1
34488	1
10384511	1
1242659	1
203959	1
207992	1
25758308	1
7254885	1
64683	1
441856	1
23169192	1
37600900	1
48076805	1
194814	1
10834159	1
889531	1
2304239	1
1519275	1
483246	1
11702939	1
49338673	1
4580986	1
378109	1
73841	1
2098888	1
206996	1
44212899	1
2142325	1
1873649	1
147301	1
563490	0
13100762	0
40517462	0
995318	0
27534419	0
11595893	0
17634518	0
15236007	0
4368386	0
22279560	0
2218963	0
632807	0
18062111	0
1829316	0
35594486	0
4219441	0
4053652	0
339053	0
7065527	0
33847272	0
3487166	0
1830725	0
48433940	0
5468738	0
30464638	0
409359	0
11983951	0
1648095	0
32374973	0
23351095	0
7484714	0
45650009	0
18767084	0
38140377	0
838254	0
7665510	0
34046340	0
3154533	0
22084027	0
20027978	0
43572861	0
10868543	0
2820025	0
2572101	0
31385233	0
438527	0
2012428	0
19648198	0
3863869	0
5641035	0
481600	0
31658515	0
6384129	0
3627044	0
4226213	0
22859497	0
8154138	0
42444379	0
7159144	0
15039494	0
6702692	0
37328103	0
30266268	0
46459697	0
18043	0
32309014	0
21610773	0
88124	0
47776889	0
1499982	0
43304061	0
48869378	0
8357480	0
4108185	0
2496578	0
2905325	0
46316615	0
22869520	0
41687303	0
18314501	0
2566792	0
25280313	0
23766942	0
48804	0
6981645	0
19082594	0
46319445	0
4978668	0
11004462	0
17219908	0
1469331	0
36152668	0
1201273	0
15597346	0
14001325	0
11097865	0
1409349	0
7777332	0
2759912	0
3843246	0
2749295	0
6426732	0
21716403	0
15562411	0
44481352	0
23535310	0
6391996	0
37122607	0
30505730	0
10088153	0
2316030	0
2974069	0
1275877	0
14963335	0
2819861	0
1924342	0
24340086	0
6825882	0
18856548	0
10380537	0
13421911	0
4843717	0
37479710	0
1820893	0
1704061	0
12123235	0
21986516	0
4499273	0
3359116	0
391793	0
435040	0
30982868	0
456611	0
4551427	0
1189880	0
22576491	0
2884548	0
591134	0
27293001	0
797112	0
32398883	0
35000894	0
27452485	0
6569870	0
3017	0
31614019	0
1563790	0
10160392	0
2717022	0
6906060	0
14713624	0
39458215	0
2031446	0
2308782	0
17280525	0
27023763	0
13585282	0
6715435	0
4818312	0
28489375	0
6975599	0
31993568	0
32317720	0
38474741	0
2201752	0
32887163	0
12262912	0
32790377	0
10392961	0
3146515	0
354951	0
12590702	0
118779	0
16780238	0
9979380	0
12427276	0
42480017	0
131545	0
29841300	0
32530024	0
63021	0
6248151	0
229917	0
2058882	0
18399377	0
22259248	0
193074	0
2856074	0
68222	0
2824430	0
17784595	0
20992168	0
14791342	0
11707964	0
928268	0
7890932	0
4018666	0
1894893	0
20679363	0
914735	0
31985522	0
5412184	0
2080984	0
12785650	0
6797087	0
17928394	0
20014949	0
19369220	0
46980084	0
47786262	0
3675395	0
491981	0
4304696	0
2878084	0
2606477	0
10066403	0
2259599	0
765971	0
9608733	0
42896319	0
33125798	0
261075	0
568370	0
663614	0
20818671	0
1402491	0
16556083	0
30234023	0
44473808	0
41484430	0
39499180	0
43783867	0
8717093	0
616758	0
9414534	0
37838992	0
31775165	0
34162671	0
3599396	0
11749597	0
944085	0
2445888	0
5853039	0
35515156	0
40492496	0
113899	0
928590	0
2995127	0
757221	0
1769759	0
2968828	0
1907903	0
8388686	0
3316655	0
42736966	0
9276391	0
3172085	0
23479915	0
2684472	0
28502783	0
3495135	0
36694957	0
2422335	0
5016298	0
13562423	0
2159902	0
46400244	0
8763895	0
43507553	0
62216	0
2734852	0
2054560	0
34423578	0
1403425	0
109820	0
13965803	0
4089762	0
11420824	0
219009	0
3002876	0
35676031	0
7592	0
29303021	0
6701376	0
3248790	0
2763741	0
77880	0
32400046	0
1214416	0
14034828	0
24858709	0
14087852	0
5820766	0
10487396	0
19375361	0
26593340	0
2858887	0
6105152	0
16925872	0
2363203	0
82776	0
7119159	0
37339718	0
24086521	0
1816611	0
122978	0
582855	0
3849433	0
2226757	0
40407137	0
114755	0
1293302	0
47678537	0
2060813	0
626623	0
12846729	0
115006	0
2496747	0
34910962	0
21308989	0
3721609	0
1669676	0
28183011	0
10148749	0
73421	0
2687065	0
3881157	0
5802615	0
186147	0
47126937	0
46182601	0
31172243	0
22981577	0
1108415	0
5314081	0
5916216	0
1149584	0
22929607	0
9500991	0
28116404	0
30794158	0
15114087	0
33043697	0
1460434	0
11718158	0
12081338	0
18474334	0
9874282	0
34909024	0
12710355	0
7641676	0
3018152	0
2518631	0
8513149	0
44267815	0
610420	0
48522135	0
4368225	0
25199521	0
630603	0
39989873	0
29169994	0
22820859	0
26737103	0
38316138	0
6668778	0
10818149	0
5991244	0
19615207	0
1913275	0
3557747	0
9234347	0
20281726	0
26332905	0
28171755	0
1963198	0
822074	0
47396767	0
318272	0
913300	0
2839069	0
27090149	0
759368	0
18621544	0
12768342	0
10044891	0
5333744	0
43933271	0
1858252	0
1003859	0
2391126	0
14049732	0
18124888	0
719535	0
23605211	0
610426	0
8844	0
1113681	0
2555035	0
478964	0
82789	0
9511923	0
1605411	0
31954721	0
18036898	0
3227731	0
178613	0
589307	0
14619083	0
295341	0
40658414	0
1822223	0
536787	0
40073529	0
8300917	0
22562047	0
477591	0
49592530	0
222679	0
33399306	0
11791795	0
4487281	0
10536010	0
34547334	0
42316360	0
5508711	0
17999317	0
8233092	0
13813818	0
20372930	0
4821544	0
9131858	0
26564541	0
6886199	0
24764811	0
44760	0
1617427	0
2236187	0
20862826	0
243031	0
32502426	0
6230152	0
3509143	0
3783024	0
10455027	0
1683570	0
6551871	0
4226318	0
27382646	0
462156	0
20609133	0
5194646	0
3946949	0
1816168	0
37859179	0
15004329	0
48704058	0
34600132	0
4620794	0
19561606	0
24620941	0
740412	0
44044239	0
26149585	0
3771765	0
100636	0
31493965	0
49411040	0
7277349	0
6397787	0
5503762	0
31786551	0
31771116	0
26633637	0
1512776	0
2560865	0
538880	0
3995236	0
4501785	0
27936859	0
23848950	0
11714453	0
39592224	0
375260	0
3186570	0
1190731	0
5900177	0
2023125	0
6644522	0
6936498	0
340539	0
1254281	0
28518150	0
47068042	0
7725873	0
40543447	0
25740543	0
15470438	0
1556892	0
11822512	0
