21981052	1
613380	1
2649402	1
8118307	1
40389	1
9555600	1
393391	1
1522655	1
7828031	1
1382524	1
564514	1
14634321	1
14789974	1
622353	1
851594	1
3150843	1
830777	1
3089938	1
3007421	1
159649	1
102497	1
7512223	1
26983	1
5601530	1
26569044	1
1539531	1
559536	1
7945982	1
2247819	1
2339177	1
588250	1
3576904	1
9756898	1
2091374	1
3890225	1
13443379	1
681451	1
1129796	1
787873	1
772639	1
8672679	1
2746089	1
1543576	1
588693	1
2305205	1
772642	1
6254878	1
30861477	1
1088738	1
1584978	1
331785	1
26470272	1
862380	1
11315973	1
19428460	1
230757	1
19444543	1
664282	1
32611	1
16295464	1
18021029	1
895671	1
4401403	1
30889779	1
1441175	1
4361230	1
134274	1
40594617	1
23578761	1
21161870	1
8718782	1
492132	1
183165	1
5383895	1
41706209	1
22052865	1
2214044	1
608043	1
205590	1
84804	1
613934	1
30244538	1
2389910	1
36389605	1
26968	1
10269131	1
4042755	1
719474	1
32623045	1
1182121	1
6739361	1
4250744	1
23407868	1
1292667	1
218786	1
177948	1
25437536	1
30578126	1
17746481	1
619115	1
875722	1
51111	1
20324989	1
9053589	1
6770759	1
107414	1
523876	1
494665	1
1202882	1
210074	1
126247	1
3828431	1
2854197	1
716685	1
4703110	1
55832	1
5521877	1
1276399	1
4570088	1
1030454	1
336257	1
233512	1
1659117	1
2424910	1
13954499	1
969734	1
55074	1
319659	1
15575785	1
1450725	1
33382656	1
5692244	1
57212	1
2860381	1
38743	1
2502220	1
147313	1
29352699	1
24247	1
2248720	1
303563	1
1372970	1
1397	1
116187	1
10147486	1
319793	1
1168199	1
24241991	1
874376	1
584705	1
3124675	1
1177919	1
41593355	1
660767	1
8566999	1
365616	1
273239	1
1151511	1
75478	1
20936367	1
24770329	1
6873794	1
1262581	1
7952	1
27483237	1
349150	1
95955	1
3120159	1
329039	1
33065874	1
9026689	1
2752710	1
747524	1
236455	1
7992380	1
3548213	1
341974	1
38243341	1
1243619	1
8784144	1
13206426	1
2015999	1
21240	1
1127589	1
101359	1
1048206	1
7557341	1
932126	1
961522	1
463005	1
1175543	1
14359837	1
14834962	1
6364122	1
16247839	1
22182709	1
17281632	1
4813120	1
10144738	1
259683	1
332681	1
1759889	1
1239512	1
25475022	1
7394527	1
1121234	1
834256	1
339881	1
6433331	1
182077	1
2302341	1
1095792	1
18933037	1
2461317	1
534811	1
5895749	1
6900179	1
1492281	1
504020	1
110437	1
7994	1
24067804	1
8217313	1
18944554	1
1054296	1
36891040	1
223524	1
36363338	1
1155046	1
19372810	1
360283	1
6133918	1
23313	1
18951386	1
24234667	1
3381230	1
1297462	1
670152	1
43297298	1
1058163	1
611430	1
36573113	1
242367	1
31376362	1
311192	1
1312295	1
21035534	1
40062729	1
1161456	1
209901	1
26780275	1
31064835	1
201655	1
29653510	1
99185	1
1187013	1
5895763	1
622670	1
463945	1
33734230	1
6273659	1
1455531	1
2298329	1
40003213	1
7125947	1
834726	1
21998954	1
28134400	1
81572	1
2555282	1
1305517	1
670666	1
110427	1
713084	1
1323823	1
11189188	1
26520620	1
148869	1
983	1
463372	1
29909958	1
579434	1
10629125	1
4182841	1
18979371	1
44468942	1
204276	1
2921783	1
3230701	1
1172873	1
2012226	1
2676421	1
5114857	1
18471049	1
2827486	1
14692784	1
25835482	1
18049003	1
3811903	1
426270	1
3498051	1
1077133	1
93759	1
197425	1
126033	1
19519828	1
3808429	1
21347364	1
2104093	1
125642	1
3880265	1
287636	1
925661	1
6513604	1
454544	1
10186307	1
13163054	1
16901609	1
2699925	1
20854687	1
936620	1
15641682	1
293394	1
10922234	1
3666176	1
15892189	1
30874281	1
2630456	1
71717	1
571368	1
17507340	1
25079659	1
740837	1
7945943	1
46752072	1
499139	1
11196625	1
514795	1
5566779	1
32326214	1
3348754	1
10157023	1
37512597	1
236584	1
2263644	1
2319234	1
516295	1
3077386	1
9351184	1
641642	1
521550	1
2344754	1
144672	1
26390196	1
5658118	1
49686	1
22456347	1
96643	1
7152846	1
8745817	1
705068	1
2179285	1
1730066	1
7107310	1
514131	1
22648550	1
873083	1
87009	1
3807786	1
1073267	1
18517779	1
2868997	1
151267	1
5754160	1
111393	1
2012512	1
44808648	1
649488	1
35014995	1
57834	1
417761	1
30820100	1
31597914	1
1698146	1
3013972	1
5653035	1
2309136	1
57520	1
6155258	1
471672	1
1219881	1
108353	1
3676154	1
876618	1
637374	1
4166086	1
2002091	1
6927495	1
393152	1
39852626	1
1928349	1
1054287	1
3217674	1
11902990	1
47083430	1
30871712	1
11633327	1
739547	1
8550976	1
3313737	1
9838015	1
1135870	1
460615	1
1055073	1
18881881	1
91333	1
2873520	1
20891303	1
461271	1
2920703	1
6033379	1
1351906	1
2053009	1
4377174	1
36950844	1
15744	1
1506854	1
1687817	1
8334360	1
1170027	1
2448427	1
1933658	1
16963069	1
32028799	1
16126717	1
198524	1
396733	1
3603250	1
4889978	1
1871542	1
21054852	1
2049638	1
3141273	1
2654679	1
54675	1
235526	1
2639629	1
91418	1
2631153	1
2001877	1
151082	1
1683087	1
1407853	1
14450638	1
196034	1
902086	1
14219765	1
259543	1
10796709	1
2371949	1
8799464	1
1901897	1
2183567	1
164634	1
3995321	1
261985	1
4703308	1
229212	1
1036386	1
1604677	1
44484413	1
22230736	1
2971083	1
25819597	1
918926	1
508960	1
1342371	1
1514549	1
37617348	1
21851731	1
1634937	1
12044381	1
1978731	1
34394214	1
754455	1
2384151	1
74656	1
320751	1
7085711	1
4425349	1
1120158	1
289724	1
2965737	1
3778472	1
31874620	1
3206370	1
227111	1
39533386	1
3653101	1
994743	1
11081747	0
33233799	0
109664	0
46236684	0
16895209	0
7532244	0
3095851	0
6459953	0
1349842	0
5616082	0
2336712	0
11970732	0
4656021	0
24627111	0
2846065	0
1340954	0
6183546	0
209115	0
40862080	0
15298374	0
22459108	0
7285573	0
468307	0
439436	0
1449984	0
48415084	0
40158545	0
27267137	0
3097268	0
494482	0
15234864	0
21952026	0
582038	0
6013013	0
11493639	0
2383	0
34859001	0
19752930	0
958249	0
46535410	0
2782489	0
489823	0
43311100	0
28454742	0
15397733	0
104720	0
5102840	0
3936258	0
36225667	0
10767793	0
3606213	0
32191424	0
654142	0
2995876	0
33705368	0
9419778	0
6162383	0
20744197	0
5962384	0
3837477	0
18802290	0
16513686	0
16189701	0
16937156	0
37665597	0
40036360	0
39791213	0
27074609	0
41842163	0
38271681	0
31599976	0
36668	0
241615	0
990119	0
853133	0
2552683	0
14848297	0
755350	0
38626553	0
1444452	0
7073005	0
6800679	0
12029420	0
10292875	0
28572034	0
19207601	0
13984784	0
10653190	0
6176032	0
14600060	0
4781052	0
24251786	0
1954206	0
41120242	0
97582	0
36465434	0
137510	0
6639602	0
20748664	0
1754900	0
9527385	0
119160	0
10216852	0
5640962	0
24631151	0
43992954	0
123856	0
29359472	0
6755869	0
19453476	0
40277722	0
9422820	0
22752678	0
1548422	0
23628487	0
10406205	0
6806720	0
30605518	0
4878740	0
10942577	0
13014931	0
35328447	0
20817418	0
3526319	0
15960782	0
826800	0
1422893	0
1415007	0
46605284	0
1122276	0
6720589	0
30874713	0
40959400	0
23888190	0
9347335	0
23085092	0
16716709	0
2351920	0
8844206	0
5377202	0
22688074	0
16732858	0
398413	0
2760996	0
1115923	0
12290807	0
16348961	0
11367006	0
124994	0
576200	0
3628749	0
10792767	0
3445719	0
29559166	0
34093398	0
2890644	0
1497330	0
1667215	0
13019199	0
39010920	0
18493907	0
43481231	0
39176839	0
1404049	0
40809933	0
49445759	0
19275415	0
517638	0
14436033	0
20981043	0
27884837	0
5160757	0
32480559	0
3119545	0
3462165	0
43283771	0
6754550	0
2068703	0
3782641	0
46918779	0
23580278	0
9503582	0
14290280	0
234591	0
5572482	0
42708737	0
5549969	0
20957905	0
4570576	0
21381864	0
30626621	0
27159688	0
24650157	0
48873362	0
19350660	0
16489522	0
41677599	0
26745434	0
17045843	0
1965221	0
11028416	0
1859047	0
16090309	0
7351666	0
18925963	0
15086067	0
5530848	0
9864188	0
15004257	0
36824711	0
33650874	0
5592415	0
14837908	0
11185808	0
2076806	0
2012172	0
23840769	0
27484104	0
18068520	0
216964	0
43290319	0
10224562	0
581424	0
29333173	0
24608275	0
28007814	0
12466003	0
40689948	0
12913029	0
10939	0
19196440	0
1359789	0
6193745	0
12326431	0
503456	0
1169867	0
23520203	0
22947344	0
6329284	0
11984622	0
115217	0
6265228	0
46256740	0
429691	0
15941133	0
13902650	0
24484325	0
9429866	0
8110691	0
5409681	0
4129885	0
627370	0
12313349	0
37656142	0
24618699	0
46566544	0
6555146	0
10197415	0
27897837	0
9021166	0
4566247	0
26552136	0
2461430	0
9275385	0
21283107	0
6321641	0
8743877	0
17144057	0
151111	0
28708281	0
35777967	0
1163115	0
27221514	0
2912229	0
345248	0
143261	0
38471112	0
16071657	0
41783223	0
1405626	0
25014366	0
1659499	0
46459682	0
32053339	0
1138135	0
390495	0
14986121	0
18610764	0
22071734	0
2699317	0
2429985	0
6754402	0
3956756	0
14132268	0
6149955	0
17086741	0
157117	0
29589952	0
2862601	0
48790185	0
24888167	0
16768260	0
2645562	0
5953123	0
132107	0
543825	0
5901186	0
5928084	0
26241416	0
23987258	0
38708808	0
23924804	0
802066	0
22800448	0
39994471	0
3601893	0
4218698	0
41191174	0
3075754	0
8671037	0
2190157	0
2859664	0
7930934	0
4847359	0
30811660	0
15627115	0
28759672	0
14891445	0
9251395	0
2446433	0
6170501	0
4156586	0
3984262	0
9589636	0
5949069	0
2821289	0
107490	0
20822625	0
7411686	0
2526816	0
378862	0
1060737	0
26467376	0
32612834	0
28539637	0
13032943	0
1348572	0
2870873	0
428263	0
21244481	0
4178558	0
3957449	0
23212133	0
18912548	0
9424565	0
30307952	0
41593622	0
6194141	0
1223159	0
29218388	0
12457777	0
2728141	0
740633	0
8128926	0
25864479	0
4422831	0
28412946	0
992997	0
5827982	0
67079	0
8750444	0
5938271	0
793667	0
19615950	0
19140843	0
1922046	0
2181578	0
641742	0
32438334	0
11063523	0
235054	0
7308073	0
127542	0
10933095	0
47193029	0
1363420	0
20873047	0
7564373	0
302100	0
907201	0
6162074	0
3437889	0
3462386	0
48328581	0
7724743	0
28483859	0
2513983	0
3776654	0
23491723	0
6038504	0
4304973	0
50678	0
2391932	0
14869015	0
34244063	0
21304702	0
9057875	0
6815517	0
4316455	0
18422390	0
808696	0
4649398	0
10852309	0
432513	0
6518933	0
128376	0
28090429	0
5146817	0
2425614	0
24901578	0
12237805	0
2881811	0
9703782	0
40301111	0
1674415	0
28155349	0
21124157	0
34639051	0
155673	0
2207892	0
27848441	0
511185	0
29526566	0
7406038	0
1502916	0
3964581	0
11778463	0
34430743	0
8695655	0
10759217	0
1923262	0
1207924	0
2837589	0
37815807	0
38200342	0
474901	0
1720700	0
23392653	0
31841344	0
8873169	0
4109099	0
2570569	0
35301355	0
139520	0
9730747	0
895122	0
31456659	0
5236628	0
29543155	0
6914181	0
24889437	0
4301101	0
30256140	0
3029372	0
13792063	0
41502459	0
34629754	0
29279665	0
1156876	0
47301670	0
20602515	0
6211394	0
11445727	0
43099308	0
5313558	0
4542524	0
5715768	0
26555749	0
18547719	0
6688884	0
22345962	0
11628181	0
2323241	0
6530514	0
14835398	0
44536462	0
10724821	0
32149895	0
30789512	0
253564	0
8999724	0
3825523	0
42074583	0
18894529	0
44830828	0
7411045	0
7736526	0
18557001	0
8218890	0
26160710	0
