30766730	1
8753336	1
5854965	1
31374336	1
28607	1
1603487	1
469304	1
852762	1
2526200	1
35159251	1
9114455	1
1873388	1
961068	1
36646165	1
2677828	1
21711	1
7895073	1
221725	1
676306	1
3406801	1
7130194	1
39368077	1
1731668	1
4379553	1
4997168	1
89607	1
12954011	1
456405	1
9412167	1
6475659	1
1679995	1
2581581	1
14866077	1
572518	1
6313262	1
83532	1
5330369	1
12234415	1
13581593	1
29079065	1
599936	1
12351101	1
11865654	1
15336664	1
13476697	1
546339	1
2114226	1
2282994	1
1202168	1
196470	1
1477692	1
19357151	1
277003	1
599838	1
16366185	1
44136912	1
173058	1
433125	1
3160277	1
709222	1
1106778	1
2066407	1
1120591	1
22272301	1
2434041	1
11339718	1
857262	1
3418844	1
973991	1
543503	1
7877271	1
1975961	1
1563879	1
76793	1
935048	1
13110319	1
164149	1
41375195	1
2725072	1
36909	1
18693304	1
1261522	1
301237	1
4953224	1
5638149	1
847626	1
9480211	1
41750236	1
26862	1
10467505	1
17549821	1
6537196	1
548901	1
598813	1
1303722	1
2890605	1
23557101	1
16927896	1
39584774	1
2722438	1
2235625	1
45145721	1
29785652	1
235455	1
5200967	1
355148	1
2323494	1
512315	1
30608841	1
1107241	1
14346303	1
2105540	1
3894045	1
44635	1
3649927	1
1601743	1
3475222	1
2003816	1
10159631	1
31398999	1
18792115	1
867770	1
18780574	1
19078060	1
25640069	1
2007787	1
15446472	1
40629980	1
32640177	1
38060068	1
355852	1
15143875	1
2361909	1
1507837	1
16897	1
15872963	1
2734548	1
5758201	1
7946764	1
3214213	1
19647887	1
4816564	1
26106383	1
15871598	1
5796719	1
6855352	1
33031943	1
55467	1
769774	1
12108718	1
33121277	1
16314408	1
8705320	1
13496583	1
21347364	1
23995	1
37759538	1
38740582	1
4811526	1
2327178	1
2445811	1
1365545	1
7224803	1
209943	1
547603	1
4541765	1
19638594	1
111675	1
1167419	1
23686263	1
645178	1
224328	1
1207834	1
31852479	1
8826532	1
873291	1
3499593	1
11443228	1
12070507	1
23402533	1
227230	1
294515	1
2427223	1
23633130	1
44114643	1
18740872	1
4149422	1
129405	1
3218324	1
16198731	1
3740	1
1126988	1
218985	1
443817	1
1791705	1
539670	1
16775683	1
5931	1
7999154	1
155390	1
305226	1
12040416	1
26402624	1
5142490	1
18934863	1
40726942	1
16981470	1
2932451	1
416434	1
2051125	1
26354688	1
34237035	1
1617027	1
7856579	1
292266	1
43252033	1
27661865	1
5227437	1
38795355	1
4358082	1
817441	1
13689162	1
54751	1
302509	1
18785808	1
3619183	1
182778	1
443150	1
938951	1
1118753	1
3277099	1
39851595	1
2910415	1
3850238	1
24557040	1
326470	1
2055706	1
1636296	1
2723616	1
34002043	1
2184045	1
3697650	1
2064163	1
5308985	1
1159161	1
6983367	1
2323747	1
3501265	1
288354	1
582215	1
423155	1
1656203	1
931331	1
27114550	1
3177982	1
949597	1
375967	1
116041	1
776713	1
372983	1
3154365	1
635151	1
489466	1
864041	1
653643	1
10086294	1
19946753	1
207462	1
37756	1
29643322	1
40059319	1
2572717	1
4167503	1
176750	1
1274598	1
3628742	1
184539	1
150343	1
26547932	1
8538478	1
12331655	1
18495171	1
22137180	1
1867252	1
7082486	1
6034691	1
8839138	1
2979291	1
1637448	1
27619007	1
617939	1
7476562	1
2198261	1
28970977	1
1128030	1
795964	1
407995	1
2386953	1
3326429	1
1857299	1
48934	1
169709	1
301876	1
192277	1
73425	1
9911657	1
35571488	1
25141734	1
2949551	1
1212523	1
335967	1
211456	1
28744333	1
19725260	1
6011937	1
291592	1
17100023	1
40385531	1
8803669	1
1170565	1
31522883	1
155410	1
13071651	1
16731098	1
11760718	1
7188720	1
34520258	1
944960	1
71496	1
786408	1
447259	1
1419520	1
36815192	1
75289	1
4475147	1
940024	1
164394	1
35987446	1
853173	1
13351653	1
527391	1
373425	1
7771960	1
52245	1
2025920	1
8462917	1
47100536	1
48528873	1
16620747	1
10603982	1
21120	1
157222	1
3527105	1
341911	1
544281	1
3233540	1
401010	1
393824	1
474231	1
4849427	1
28408694	1
138150	1
26282410	1
5235073	1
2178265	1
562132	1
113515	1
297211	1
84562	1
736814	1
26851152	1
1215250	1
446012	1
8254	1
45521158	1
16743274	1
195594	1
250230	1
405251	1
49072013	1
40898	1
195513	1
11992068	1
14561	1
26821306	1
1335686	1
23489383	1
1355024	1
22312354	1
170721	1
601201	1
1595146	1
27171324	1
624333	1
11344378	1
1210913	1
26293927	1
167290	1
45533446	1
396688	1
28058398	1
4001740	1
36540	1
30000585	1
2572733	1
7771606	1
39651834	1
554748	1
48414846	1
20137455	1
2210825	1
40529128	1
1474449	1
151325	1
1972496	1
511228	1
55037	1
33686462	1
24368331	1
1821412	1
3301316	1
141998	1
12094418	1
394763	1
53056	1
1438261	1
33622244	1
2013397	1
3172937	1
142376	1
298487	1
3793438	1
1017689	1
2302742	1
10366620	1
839598	1
20271674	1
420306	1
336806	1
38779	1
27149590	1
439589	1
1321292	1
4690083	1
2642293	1
317549	1
11510757	1
89552	1
2040457	1
3674074	1
2721538	1
6208344	1
2092679	1
2795	1
581314	1
4508564	1
4575309	1
581763	1
5853149	1
1570823	1
1313899	1
2558910	1
22031374	1
241529	1
47202753	1
18622157	1
24430830	1
30874224	1
2689093	1
1563833	1
1748973	1
407529	1
5676663	1
20519857	1
39156670	1
2743279	1
250067	1
2313376	1
18982956	1
393569	1
277987	1
364721	1
923811	1
28038594	1
5025050	1
300427	1
12812869	1
435322	1
12157489	1
311291	1
328310	1
166311	1
5401829	1
3338779	1
210359	1
757143	1
1434691	1
3538024	1
41890	1
31480057	1
120263	0
19059072	0
26010486	0
167970	0
3150155	0
39097335	0
1185717	0
2314042	0
3969072	0
6423444	0
39359016	0
40716029	0
1379833	0
18827970	0
13940249	0
23580297	0
38691133	0
9907991	0
36853024	0
5390315	0
7406078	0
21994037	0
1003888	0
37847603	0
36158161	0
5506497	0
2029793	0
20610183	0
11192042	0
41670987	0
1810632	0
11543090	0
6794828	0
30504665	0
2149946	0
8932593	0
489987	0
35738564	0
6647240	0
95909	0
6854237	0
16639345	0
16849948	0
39095119	0
6855289	0
18310386	0
8821950	0
3127496	0
2107187	0
28228057	0
24490108	0
45052769	0
10924976	0
111393	0
200009	0
10873927	0
4488956	0
12265526	0
16988002	0
15000326	0
6817949	0
19826786	0
7817684	0
37672033	0
24975	0
36494416	0
303948	0
24106600	0
11109876	0
1865341	0
22674117	0
1018672	0
44215864	0
48413975	0
1980589	0
156864	0
6733399	0
2604076	0
37327415	0
2782826	0
9104429	0
5896987	0
20518783	0
30675972	0
5626319	0
7745486	0
10801436	0
31332634	0
33233864	0
6195046	0
28661853	0
32360523	0
3033528	0
1049666	0
3145298	0
1799004	0
13223796	0
48452500	0
23409093	0
27245818	0
31989681	0
431114	0
6176491	0
21806570	0
8768698	0
40752667	0
2835141	0
2781136	0
26754349	0
18575442	0
260411	0
43550648	0
222836	0
19855729	0
24668229	0
3511101	0
7068746	0
320632	0
17811031	0
28744502	0
2221283	0
3247598	0
7761215	0
38541894	0
34518261	0
7368574	0
3474644	0
2797065	0
34512087	0
4087911	0
47085969	0
21655637	0
43275005	0
4667582	0
28527241	0
18581714	0
4983455	0
30190939	0
35129233	0
19408761	0
4102685	0
5319073	0
4291525	0
6880555	0
27707048	0
48261	0
116164	0
6193373	0
27336158	0
8082065	0
13055627	0
175390	0
3873302	0
3222494	0
28297705	0
475761	0
31206	0
18512570	0
5707007	0
15687287	0
768386	0
32686937	0
10594312	0
10785321	0
20258230	0
7024767	0
129965	0
2883718	0
19833459	0
980738	0
3006801	0
44450503	0
8824362	0
8134977	0
34489442	0
31923743	0
43525588	0
29077426	0
28758508	0
5965118	0
6702183	0
25489332	0
44862269	0
43690289	0
2910765	0
3715101	0
349044	0
395179	0
850203	0
3262812	0
110854	0
2043283	0
30855294	0
26364624	0
12708071	0
115737	0
1029757	0
30870710	0
16919047	0
24336	0
5141057	0
26663783	0
195877	0
18521491	0
3150449	0
19397918	0
20524236	0
2259688	0
20028214	0
15754022	0
10806588	0
4712192	0
7426844	0
2916142	0
15473596	0
2793567	0
5492439	0
6071706	0
37356049	0
46867556	0
11931325	0
3186173	0
27316335	0
16556025	0
43821496	0
35892633	0
9571707	0
1956955	0
3725458	0
20136232	0
35796080	0
578697	0
642219	0
48171041	0
18594487	0
19662323	0
15944289	0
2577748	0
39615274	0
36057887	0
8536543	0
42193518	0
5559474	0
39246205	0
18954228	0
1739618	0
12503408	0
26729620	0
22265558	0
4544896	0
6900146	0
21837690	0
31865614	0
15346531	0
6671503	0
44040619	0
34281790	0
31554428	0
1915735	0
8911712	0
145939	0
1976654	0
10366024	0
3272711	0
5960390	0
34393185	0
1138164	0
4616306	0
192818	0
20712453	0
84109	0
5872059	0
9170459	0
18961872	0
16038080	0
1953365	0
39275343	0
16993235	0
30731249	0
4117927	0
1162486	0
3427305	0
6824942	0
35128821	0
24470370	0
34259521	0
14411592	0
4247992	0
4383802	0
37042269	0
24578705	0
6380149	0
7303772	0
106929	0
12188891	0
47428967	0
4237986	0
13486919	0
10813297	0
5060964	0
36660440	0
35912715	0
30091140	0
2563673	0
13595372	0
20263492	0
9042759	0
25235212	0
15571419	0
1224033	0
2542312	0
21880878	0
35625581	0
2144959	0
1608776	0
35228652	0
1387072	0
7061668	0
13230406	0
47336217	0
36374396	0
8393955	0
39435183	0
45543597	0
23170285	0
27145576	0
21620429	0
33793432	0
1552303	0
3464997	0
121213	0
20265941	0
8382532	0
33918413	0
325538	0
114233	0
4735648	0
45430400	0
8754758	0
1015717	0
42392067	0
10446246	0
39027611	0
7795476	0
1417192	0
10291466	0
2118193	0
4200984	0
33043819	0
22121236	0
5841619	0
240306	0
1827817	0
5490325	0
40795457	0
275881	0
12940054	0
15594180	0
32003615	0
3502140	0
3332998	0
21341317	0
44268972	0
2360645	0
1363276	0
35033271	0
1398677	0
37570289	0
35860950	0
20223300	0
36652231	0
20814972	0
20143115	0
5667715	0
39756156	0
10509333	0
6396552	0
27057378	0
134584	0
20915174	0
12838094	0
17688041	0
123617	0
5655345	0
6378481	0
10343025	0
34317120	0
18817774	0
3191886	0
44119108	0
48453074	0
33274260	0
1983714	0
23020164	0
43386927	0
43034079	0
282786	0
22392889	0
3633942	0
1776844	0
6411476	0
35520284	0
3269694	0
10402478	0
29100357	0
9397049	0
13079352	0
6113037	0
38952805	0
26167	0
5421495	0
11799386	0
15873669	0
8473411	0
631429	0
20441651	0
1016484	0
42954930	0
21092424	0
47510715	0
1669363	0
1789056	0
32764613	0
39261657	0
1040599	0
6523478	0
19111602	0
9225933	0
43997433	0
18665278	0
9506435	0
136361	0
1127660	0
46267808	0
6431205	0
23122146	0
6102885	0
812409	0
3014508	0
10081176	0
8749628	0
42392377	0
26067454	0
7813030	0
869753	0
28352537	0
2816872	0
3104128	0
2395877	0
27805035	0
203602	0
453578	0
2623158	0
161851	0
17081142	0
10386105	0
509811	0
3451142	0
17315877	0
2328585	0
477121	0
129739	0
664354	0
28673629	0
2330019	0
23795695	0
101113	0
28798097	0
23765380	0
11576204	0
31610387	0
8612616	0
27024641	0
13333206	0
5070829	0
39971266	0
11792973	0
108578	0
27514681	0
27774715	0
1193260	0
7891404	0
644280	0
13359904	0
27243394	0
47839422	0
33989860	0
6417150	0
31376977	0
1157909	0
2771468	0
38114401	0
19096046	0
32647631	0
42456409	0
7019330	0
517641	0
19655122	0
42788460	0
12453392	0
