57187	1
508780	1
24879935	1
2477976	1
2498342	1
618921	1
2096849	1
4501765	1
1201806	1
19008923	1
4780517	1
2419576	1
1203022	1
434389	1
585156	1
1673410	1
7345623	1
1276437	1
2597410	1
1148803	1
37461100	1
45948	1
1578316	1
73797	1
648921	1
24489659	1
2284	1
4791694	1
671535	1
137986	1
2346337	1
167897	1
27287404	1
25825527	1
1088295	1
1905713	1
938231	1
30869590	1
1056188	1
101832	1
368441	1
12075876	1
447630	1
302268	1
765341	1
6616492	1
766958	1
43839903	1
2797441	1
23869026	1
1206320	1
604522	1
849157	1
12474403	1
15006353	1
660960	1
20226911	1
18874373	1
12207	1
316612	1
66880	1
28259147	1
719846	1
12166925	1
26507337	1
1979	1
3886630	1
41978769	1
1034865	1
11186	1
286359	1
19309394	1
65910	1
3921	1
5225564	1
414468	1
13418511	1
30874370	1
12828457	1
209443	1
31783187	1
560365	1
47808097	1
7545976	1
28706	1
7811105	1
1099984	1
41472331	1
12749451	1
902370	1
43527	1
2879901	1
236078	1
26709	1
2591383	1
14932561	1
5252347	1
5655633	1
57843	1
31383653	1
19264241	1
4720072	1
470025	1
1994106	1
5730836	1
13125425	1
27320488	1
34764757	1
729949	1
16117693	1
188038	1
4701617	1
40474965	1
22006153	1
870869	1
2064100	1
5654	1
411855	1
14719270	1
47850038	1
1772690	1
3569526	1
710832	1
3987083	1
696004	1
7866009	1
18545016	1
81926	1
5953763	1
744663	1
481818	1
33178	1
16111091	1
20306330	1
2494692	1
6239993	1
30564	1
10649768	1
113248	1
12356861	1
29867124	1
348292	1
3665127	1
5375792	1
95615	1
29563017	1
40921793	1
40502947	1
172121	1
171211	1
265935	1
3310411	1
11885011	1
4166037	1
1826728	1
477032	1
15396163	1
332388	1
29040004	1
2676954	1
16554	1
25031671	1
19943467	1
770595	1
602091	1
2004873	1
30864158	1
772062	1
7649284	1
7806052	1
75804	1
6525845	1
8638310	1
984822	1
2292765	1
86050	1
1121429	1
568993	1
2792925	1
1065956	1
8104884	1
1596914	1
9618366	1
605541	1
20613	1
393128	1
3853318	1
35698175	1
30863218	1
13007096	1
536638	1
6334044	1
4207	1
3201283	1
1073321	1
6843600	1
426381	1
3842655	1
434221	1
1311096	1
51320	1
657782	1
2639771	1
14274169	1
13000941	1
825827	1
691596	1
35977402	1
3528411	1
13352166	1
2416398	1
733200	1
14513344	1
6047971	1
195708	1
36040536	1
644510	1
8166903	1
540459	1
34685113	1
3501179	1
11711	1
437829	1
11891813	1
966470	1
2217817	1
250473	1
22790543	1
167504	1
4983027	1
248446	1
8613629	1
12231	1
324168	1
26784519	1
10186	1
77894	1
30876057	1
8603048	1
6260346	1
4532299	1
5069759	1
1342292	1
10286355	1
1300970	1
639926	1
29425231	1
28222478	1
470436	1
20609109	1
18397614	1
2390117	1
1056562	1
428905	1
50705	1
6481925	1
25471166	1
21906620	1
406624	1
4928437	1
1526552	1
58092	1
508677	1
7429301	1
9435424	1
176927	1
3204810	1
939029	1
198526	1
572	1
77322	1
841054	1
723708	1
1020252	1
16326	1
236091	1
42195242	1
1553972	1
2567496	1
961852	1
32234942	1
1697616	1
15819591	1
3192694	1
2374638	1
2768600	1
1819156	1
204334	1
594162	1
96982	1
1990780	1
2047	1
325856	1
883524	1
98301	1
333404	1
1160677	1
19521929	1
14697012	1
156653	1
60737	1
93248	1
1963160	1
25380108	1
264229	1
892317	1
229658	1
525132	1
3555782	1
7430476	1
674668	1
2868828	1
15284656	1
1615547	1
40197683	1
23363583	1
699219	1
35591042	1
1053130	1
737603	1
4249340	1
1620699	1
2971534	1
676485	1
19956	1
2319826	1
5863654	1
58800	1
164536	1
3433301	1
2773173	1
1268326	1
5318411	1
8910640	1
7279226	1
3728121	1
115346	1
963015	1
2410378	1
939818	1
1348433	1
933169	1
2267291	1
2079581	1
38377744	1
989992	1
1731069	1
48781	1
4618292	1
352401	1
2001577	1
404448	1
342348	1
2773521	1
18393578	1
13463700	1
44587095	1
3690206	1
418254	1
250701	1
8631185	1
25669878	1
1265488	1
903085	1
30395	1
1613925	1
8915732	1
714584	1
759704	1
34607339	1
1774415	1
915462	1
705540	1
24864	1
709311	1
10122277	1
3909680	1
137552	1
106965	1
1683918	1
1626458	1
447844	1
1365637	1
23819704	1
1063291	1
25671	1
467990	1
23316	1
31975	1
12686521	1
1435963	1
1988337	1
399760	1
2641430	1
265189	1
2481558	1
26983296	1
24402656	1
715880	1
17332989	1
293544	1
2055543	1
110161	1
925718	1
27309382	1
11728202	1
8213916	1
577473	1
12457654	1
7776636	1
38204156	1
7510166	1
98356	1
1748277	1
5611636	1
2001963	1
6980185	1
26002920	1
420790	1
449734	1
43306689	1
3392310	1
4496955	1
1138087	1
22377973	1
332184	1
2659592	1
16295097	1
12096238	1
6169555	1
2008822	1
29560821	1
866363	1
939583	1
41604700	1
5513783	1
822363	1
1431028	1
19493599	1
2444897	1
158322	1
2148612	1
4185191	1
1635195	1
2114707	1
137707	1
2023157	1
1022936	1
30858255	1
6986579	1
54173	1
3644560	1
320873	1
2346272	1
520573	1
30034	1
5110103	1
36560427	1
43498388	1
21147	1
14383031	1
5203142	1
1439203	1
4100885	1
9029884	1
2379080	1
2541018	1
395237	1
601125	1
20270224	1
41347384	1
1150481	1
19504101	1
18291	1
4897539	1
46962477	1
8756	1
7646754	1
913091	1
275018	1
9427563	1
65436	1
21814626	1
244072	1
16421	1
7910333	1
4236643	1
61899	1
7469352	1
10636471	1
58023	1
1570479	1
66730	1
5437576	1
8922868	1
2168560	1
26920190	1
8668728	1
38276062	1
3741342	1
3254924	0
17711227	0
15470311	0
2270580	0
2281932	0
27751550	0
2489346	0
27310314	0
1646333	0
22335043	0
569118	0
47197456	0
2223342	0
1794683	0
16796173	0
2883718	0
3161762	0
31924339	0
85738	0
38759518	0
5810649	0
3633805	0
17711389	0
1163236	0
40560389	0
440153	0
29085638	0
8387734	0
3133451	0
19772873	0
12421765	0
8249745	0
30331526	0
25375146	0
10041323	0
16657252	0
7158091	0
39476641	0
14084730	0
94161	0
4504453	0
116523	0
3724302	0
4582282	0
13179245	0
4094114	0
3318917	0
9060099	0
11977180	0
14882871	0
4349672	0
28484150	0
474321	0
205461	0
30671839	0
4495663	0
1050705	0
11298416	0
33581542	0
4585546	0
11472616	0
21006717	0
18588850	0
1445998	0
484559	0
24876128	0
66973	0
10522728	0
7032865	0
88076	0
6500535	0
12578919	0
1585834	0
19117015	0
9759329	0
43411616	0
25713970	0
27958773	0
1828174	0
23946435	0
8082065	0
14843873	0
37571613	0
2452680	0
6537121	0
646172	0
12115223	0
13704655	0
1574661	0
33944212	0
5129723	0
25708555	0
22671039	0
9633845	0
21052627	0
17626850	0
1133472	0
11284200	0
1165955	0
653126	0
1776086	0
14175407	0
771543	0
41862877	0
46375782	0
25350566	0
23847876	0
27961788	0
26483427	0
32007256	0
24575440	0
13876564	0
46598682	0
7348513	0
12519926	0
8000612	0
5522206	0
1865578	0
33588250	0
3544935	0
1954094	0
4357055	0
759124	0
12139114	0
2062456	0
9527886	0
15924636	0
12753305	0
18400204	0
12611705	0
19763531	0
652575	0
9873796	0
573716	0
6776619	0
29462566	0
33897388	0
1080945	0
32393553	0
22524009	0
13427432	0
397147	0
34366033	0
2278947	0
5907214	0
2014932	0
2250999	0
18256626	0
2691230	0
1895942	0
7906570	0
8387569	0
1373061	0
13410126	0
2139960	0
3692554	0
554858	0
8237560	0
8477134	0
31787424	0
122238	0
21887154	0
10085150	0
31164267	0
11055947	0
39056935	0
5377321	0
27003559	0
20823511	0
1664986	0
21648651	0
25841092	0
13270962	0
21777186	0
48082827	0
11589628	0
5641399	0
2675527	0
5495125	0
8231466	0
25069789	0
764933	0
24868061	0
5986242	0
6994685	0
11870187	0
4700989	0
43811883	0
34879974	0
13562684	0
20111504	0
1072258	0
1759185	0
10400468	0
9203204	0
41068170	0
16063834	0
3690852	0
12971702	0
30996933	0
36785482	0
1104849	0
38570342	0
11632822	0
19492949	0
13511008	0
2051506	0
5807774	0
115448	0
14323575	0
6071638	0
1483316	0
7844393	0
18824084	0
15815443	0
240348	0
34562592	0
399790	0
29536363	0
9131307	0
12264811	0
26829293	0
9064021	0
3442611	0
2563841	0
39282992	0
21283579	0
1418256	0
21971319	0
17203855	0
8223379	0
98033	0
17430244	0
45414333	0
730632	0
1225608	0
16622277	0
22817496	0
7984116	0
116762	0
17813457	0
5896613	0
23668475	0
9523532	0
18934952	0
50768	0
6217045	0
10581061	0
2861237	0
5748492	0
3079446	0
42713703	0
1601114	0
45563609	0
39681	0
1386279	0
892531	0
384787	0
36481871	0
898074	0
13281115	0
7412077	0
41454931	0
14567381	0
23764645	0
5548563	0
43482368	0
32654567	0
6131664	0
5794049	0
3447621	0
1363263	0
37053250	0
91278	0
80802	0
145954	0
7987245	0
35213526	0
13337678	0
5979188	0
34324614	0
49146452	0
9899554	0
7284957	0
10518790	0
166105	0
11961380	0
19868093	0
4269085	0
10471838	0
36826634	0
31468959	0
10754804	0
10665411	0
2872938	0
45690416	0
4367125	0
15329072	0
36059385	0
5888582	0
31680563	0
40647165	0
7034573	0
11554279	0
21319646	0
27916242	0
10511781	0
7715171	0
2349394	0
11161352	0
27746869	0
2443596	0
3119315	0
26050476	0
21643600	0
29546560	0
5374216	0
232576	0
24680307	0
2072053	0
5562607	0
47024235	0
4927114	0
32745523	0
15808679	0
2055571	0
2378918	0
159884	0
17878179	0
2546145	0
37092437	0
2245622	0
16199721	0
19238600	0
5024240	0
28291951	0
28829718	0
39375066	0
36059368	0
119690	0
369002	0
126792	0
2126798	0
1415192	0
1692804	0
46431246	0
2255488	0
4463626	0
12689618	0
495874	0
7503666	0
21523763	0
22451436	0
5467991	0
7418700	0
1994340	0
2723049	0
1088231	0
46970351	0
15275778	0
3343725	0
24888167	0
42195117	0
3559740	0
5408575	0
634070	0
7276702	0
20647377	0
3943723	0
26314930	0
7286969	0
27290034	0
28652824	0
23851228	0
26473786	0
6825518	0
17993892	0
16652268	0
33550544	0
28152227	0
5958317	0
3368963	0
13732607	0
4317766	0
2935453	0
8858316	0
2068421	0
11998736	0
30871798	0
40684631	0
33431513	0
6726595	0
24951200	0
38744877	0
26691532	0
43786550	0
1799789	0
582463	0
17149668	0
12670998	0
2216687	0
236094	0
382204	0
26311638	0
40287571	0
18925078	0
134727	0
3584774	0
370597	0
4944609	0
3706786	0
33744793	0
5843590	0
5772615	0
35410684	0
2796170	0
11784192	0
2150633	0
9222642	0
2104298	0
193787	0
1122236	0
2604816	0
33073322	0
414585	0
39665653	0
3615283	0
1851356	0
17880452	0
4130347	0
5348831	0
3122314	0
11643739	0
10778682	0
4831623	0
748520	0
1881398	0
28643632	0
20933250	0
17151154	0
31331686	0
34711496	0
8105876	0
24706815	0
7385893	0
48426194	0
10475961	0
36831625	0
38183669	0
30253957	0
21824232	0
1526279	0
5909743	0
41451648	0
12094312	0
47380791	0
23341750	0
4419418	0
4503118	0
1736695	0
11399530	0
23480817	0
1324742	0
18160779	0
1716921	0
43286843	0
454088	0
10796350	0
18313477	0
12248818	0
2357267	0
10406347	0
2481607	0
30582721	0
13695644	0
8037145	0
1298761	0
38580214	0
31368399	0
12784444	0
1025491	0
22056722	0
705165	0
1716185	0
7320241	0
178155	0
8514676	0
7869072	0
1679444	0
253968	0
28372499	0
24897949	0
8735674	0
1806680	0
24551183	0
25281658	0
662059	0
404629	0
21074567	0
1626121	0
