2092522	1
18557	1
461012	1
17302400	1
20891786	1
4052923	1
18009446	1
871217	1
4438298	1
3217620	1
87366	1
17490815	1
2929414	1
518153	1
155059	1
2417682	1
251220	1
4061083	1
143605	1
35213066	1
10284794	1
20323934	1
2240202	1
2185277	1
11879986	1
19004	1
5968387	1
19309846	1
41534722	1
2970005	1
165525	1
3102783	1
30876944	1
94633	1
12862	1
12836118	1
9776026	1
5192244	1
7631831	1
33113658	1
3940029	1
4917305	1
15155	1
97688	1
11443621	1
240114	1
418235	1
29815796	1
50670	1
12821809	1
1290823	1
8212428	1
14196605	1
803888	1
2123731	1
18600582	1
2974713	1
26251363	1
15699744	1
2060632	1
23041	1
12583406	1
653124	1
10721955	1
9674104	1
67500	1
33369115	1
310077	1
8690085	1
632113	1
24546	1
553050	1
1656243	1
4138316	1
402195	1
2175630	1
234451	1
1574251	1
1792254	1
30981832	1
5272276	1
3344643	1
11279459	1
33725197	1
3570831	1
12830510	1
692974	1
150201	1
3794187	1
550123	1
159828	1
685738	1
3262286	1
45742	1
18816380	1
8392594	1
109651	1
3333470	1
10603671	1
861897	1
25386823	1
3875132	1
10239171	1
68736	1
314682	1
620148	1
2097083	1
24850147	1
382004	1
1330877	1
4101776	1
6622014	1
351127	1
8171044	1
5566792	1
12258790	1
31058	1
29246047	1
10526469	1
1804779	1
116848	1
430928	1
1406858	1
18959743	1
747083	1
3850153	1
64705	1
3099730	1
15209777	1
5220576	1
4344236	1
31773504	1
151270	1
563078	1
12877650	1
64263	1
2068462	1
4637321	1
107729	1
3181390	1
1978484	1
70529	1
853996	1
30259912	1
56630	1
589614	1
172932	1
14125356	1
8269065	1
28758715	1
251345	1
891713	1
14800	1
23368424	1
5336621	1
1835922	1
4540512	1
1881109	1
122063	1
2155909	1
147855	1
381158	1
6949569	1
18659961	1
11171378	1
5235455	1
121746	1
1492544	1
2006208	1
2108	1
1560340	1
7729622	1
9476103	1
2448293	1
6101127	1
1144782	1
2773916	1
4551666	1
358157	1
107827	1
2669064	1
2232393	1
38494433	1
5040486	1
411286	1
3661921	1
61196	1
29826618	1
32656584	1
1401251	1
120744	1
979683	1
39686801	1
6816963	1
3691040	1
7663085	1
3770710	1
4662711	1
35301998	1
6343379	1
5869096	1
74221	1
18940058	1
15853468	1
8851041	1
1113742	1
7383	1
561200	1
21492554	1
27926	1
196180	1
7954681	1
5332029	1
269979	1
23012677	1
14811775	1
35237005	1
7714443	1
42318206	1
1316127	1
492361	1
20584395	1
740416	1
3944317	1
38484	1
12981199	1
3040386	1
11590938	1
446165	1
1808482	1
12979865	1
34041497	1
1100736	1
48757	1
173741	1
645982	1
190470	1
18949298	1
2472420	1
30079564	1
22651185	1
5133314	1
4602407	1
2289330	1
4423344	1
3357829	1
3528291	1
670195	1
741870	1
9713748	1
9415306	1
6134674	1
167546	1
11629031	1
398147	1
634919	1
91460	1
7750275	1
2325777	1
310288	1
6280452	1
1744028	1
20787	1
2411792	1
19003370	1
94981	1
2204824	1
1341683	1
2247711	1
4190232	1
10822636	1
25228108	1
1439909	1
70735	1
3972544	1
121771	1
14161003	1
11790552	1
16586770	1
11227013	1
168331	1
676034	1
1483316	1
28302134	1
34171382	1
5644042	1
38130400	1
2157300	1
12440954	1
21601647	1
12601150	1
3175332	1
3242263	1
27202	1
3590085	1
15236007	1
1934142	1
18337522	1
117575	1
2496184	1
182042	1
10087269	1
57573	1
16358587	1
5439604	1
2553685	1
222396	1
7535161	1
44453558	1
7971721	1
313147	1
31086	1
1232859	1
40379791	1
15376788	1
5962612	1
36422363	1
4225032	1
2226031	1
5358614	1
3631623	1
6029930	1
3309010	1
1119390	1
1217481	1
676495	1
2920742	1
26902306	1
1683684	1
8958	1
5546266	1
8910281	1
26778383	1
935893	1
46720	1
162404	1
46854	1
59480	1
18980286	1
10537518	1
15186130	1
498643	1
69371	1
4001	1
928516	1
1782645	1
1827527	1
1553905	1
15052470	1
124477	1
117311	1
1187521	1
4600350	1
3214826	1
50771	1
3716905	1
2688214	1
23856	1
1413906	1
129500	1
5438453	1
384165	1
408783	1
331726	1
1274244	1
63741	1
10140191	1
24016181	1
10040391	1
1025869	1
8694152	1
9961185	1
2253464	1
14959694	1
1713067	1
21424772	1
1795927	1
593295	1
390737	1
1691713	1
26641014	1
18500819	1
231732	1
56633	1
564524	1
14063592	1
7374824	1
4506857	1
33716	1
83211	1
3864881	1
241207	1
45186	1
620171	1
12892545	1
23811	1
17011624	1
1879412	1
10382425	1
43315252	1
722378	1
44724199	1
5569660	1
7767792	1
707977	1
1969634	1
13393645	1
12991620	1
13579826	1
716651	1
288552	1
214482	1
5424350	1
176533	1
17074655	1
508014	1
2412420	1
5435379	1
37164571	1
1421820	1
1636254	1
844209	1
2391785	1
294462	1
4735624	1
2347717	1
13081295	1
32314628	1
172798	1
11268293	1
1640563	1
25227996	1
401163	1
9735145	1
5877628	1
3116484	1
121460	1
1823776	1
890254	1
3182438	1
747386	1
21307205	1
9958985	1
5059591	1
1246997	1
3720495	1
932289	1
4208487	1
8570251	1
25728884	1
38972735	1
862974	1
695408	1
3377774	1
386972	1
17067	1
14903644	1
8454979	1
7938074	1
23761	1
264213	1
1716439	1
374501	1
72796	1
1176731	1
1916665	1
3874427	1
23213329	1
17563401	1
8531196	1
25673121	1
33467032	1
195498	1
617524	1
35858150	1
5631503	1
22841885	1
29639085	1
17341444	1
28100145	1
23524598	1
13352357	1
85738	1
30876882	1
1121314	1
183068	1
4681479	1
35294216	1
73456	1
5799705	1
576470	1
3310272	1
36316003	1
471504	1
2065	1
291186	1
797420	1
4052706	1
43764441	1
249668	1
3413559	0
29673336	0
1977668	0
14360855	0
1704799	0
26662759	0
42512143	0
28140489	0
28524851	0
3165694	0
3144022	0
39646535	0
143181	0
1029192	0
43703869	0
24514969	0
112410	0
1561727	0
6824712	0
4761530	0
37632	0
17900914	0
978120	0
17795445	0
3024780	0
38361695	0
4593613	0
107262	0
426359	0
1272907	0
1600291	0
138444	0
3092593	0
19109070	0
2357285	0
43030597	0
2890862	0
1781496	0
132255	0
21566705	0
4010532	0
39399876	0
1440513	0
111442	0
2079023	0
3292329	0
25907879	0
41655589	0
44359945	0
16832603	0
39255634	0
26467389	0
43145978	0
41069876	0
44676323	0
48768218	0
30731599	0
4528210	0
11767384	0
13153402	0
130620	0
215923	0
1128996	0
2906342	0
22450358	0
714878	0
14767479	0
33611554	0
15472051	0
14440691	0
7456734	0
27970927	0
5271472	0
13030801	0
1795198	0
1928626	0
1739695	0
39768239	0
3892965	0
2943390	0
40234780	0
18659007	0
12736907	0
7867592	0
33795578	0
29767170	0
13258753	0
2173100	0
40750656	0
3262263	0
3854435	0
28096146	0
13061513	0
731706	0
5668453	0
109427	0
265850	0
45110291	0
24295985	0
9914307	0
36991705	0
10733024	0
13658187	0
6826650	0
63110	0
12989828	0
7579072	0
27023208	0
186620	0
33135962	0
158904	0
28847743	0
9022488	0
36735901	0
3811069	0
13706677	0
1215277	0
5796959	0
17096249	0
948105	0
17517349	0
39955935	0
41747943	0
18486315	0
24877081	0
542932	0
48218977	0
3000842	0
30043408	0
8417372	0
24416892	0
15715398	0
34136243	0
5110453	0
2695717	0
15187505	0
8236425	0
5422296	0
46778173	0
2502230	0
38329703	0
8850744	0
33951549	0
5016119	0
166313	0
2775232	0
13013339	0
8529970	0
13852323	0
262756	0
8660888	0
23791754	0
9470501	0
3070782	0
6094387	0
4964317	0
1341753	0
5792539	0
260989	0
23718565	0
1786737	0
1326143	0
18815325	0
19765718	0
132298	0
3448877	0
105601	0
25412233	0
12910215	0
2280736	0
18662209	0
8162915	0
114704	0
31616595	0
237993	0
12033398	0
5338060	0
9658946	0
18809900	0
22583002	0
13826827	0
625007	0
6297699	0
22103704	0
24332197	0
3154724	0
13402	0
17156462	0
11392057	0
3573601	0
23364942	0
1058474	0
1024226	0
14088445	0
2699826	0
6707330	0
6522287	0
1461955	0
41197176	0
434642	0
22078924	0
12631627	0
38461327	0
1894640	0
8106505	0
26295398	0
28085773	0
216958	0
5785998	0
14555878	0
34546689	0
11226410	0
1508048	0
22864875	0
12129096	0
18506040	0
2807818	0
40367840	0
9714332	0
1711443	0
951269	0
2380324	0
842371	0
38117522	0
3100660	0
392096	0
2236608	0
3606731	0
2042184	0
23702249	0
5773272	0
44390950	0
1641166	0
41241083	0
29588478	0
4953411	0
28224445	0
6717994	0
47874684	0
19962009	0
37624056	0
1208583	0
7087961	0
6392819	0
7202631	0
40161111	0
7148199	0
11281346	0
39420005	0
4359210	0
44105061	0
2298768	0
23661939	0
34260854	0
41467361	0
27437950	0
7323666	0
14243200	0
1413126	0
998566	0
107314	0
130879	0
28539694	0
4957790	0
3028201	0
1015220	0
1327006	0
2429675	0
20237897	0
7984963	0
1056241	0
16775414	0
7705386	0
4225979	0
48297758	0
43686520	0
16216143	0
974623	0
9020714	0
24734975	0
413433	0
9732324	0
23738545	0
45347174	0
126269	0
20879024	0
30730052	0
15463374	0
28179969	0
28019700	0
22295610	0
2272017	0
19666785	0
47391693	0
12391087	0
33694821	0
6783155	0
8397605	0
10788873	0
107988	0
9756767	0
1994243	0
9703910	0
29705172	0
4531657	0
14267789	0
29323541	0
18984580	0
28431446	0
24203858	0
8133899	0
418598	0
2379962	0
10625584	0
15908108	0
9463176	0
810769	0
9249643	0
2474594	0
4624519	0
15037151	0
14278350	0
25818624	0
456611	0
4792294	0
3397806	0
2448283	0
23147780	0
40233838	0
29644093	0
11093660	0
7614629	0
2554417	0
19110913	0
872941	0
17622753	0
13607590	0
6440751	0
22156180	0
106822	0
28239537	0
5269554	0
11055040	0
5824056	0
34977892	0
11069609	0
637010	0
5531612	0
1088736	0
694316	0
19637188	0
11540974	0
6741057	0
38941682	0
12355592	0
895509	0
19874443	0
16666468	0
3693578	0
2094874	0
16137597	0
3466911	0
2384193	0
27171241	0
2703966	0
2372050	0
287452	0
1000237	0
7986221	0
5113249	0
693262	0
12417752	0
576488	0
5571222	0
162094	0
33555493	0
10641664	0
26387532	0
10447685	0
21599987	0
16888763	0
1896507	0
12082879	0
31421103	0
17589745	0
2735828	0
1818133	0
24607060	0
42235552	0
1684248	0
17147435	0
20830645	0
2518462	0
1307353	0
11497004	0
2733709	0
2974360	0
8260876	0
4749854	0
750251	0
9999582	0
2710853	0
13158534	0
8022605	0
37536377	0
37607943	0
884879	0
6137188	0
496299	0
7566411	0
2016962	0
3188007	0
1252191	0
25948545	0
1807885	0
40861372	0
9333765	0
26139033	0
35508786	0
32043904	0
1937784	0
628324	0
1968273	0
13822058	0
2018882	0
12496251	0
8504663	0
29319916	0
17662258	0
38515154	0
34357038	0
27486489	0
32596866	0
26523157	0
1922847	0
8675282	0
4655922	0
2032865	0
117724	0
27752369	0
1060911	0
718227	0
22479998	0
26460989	0
19505918	0
2707958	0
3125911	0
111840	0
3883081	0
20701033	0
12035	0
13793571	0
43638740	0
301393	0
45451549	0
30017977	0
22695006	0
25333510	0
409471	0
1018722	0
1465748	0
16951358	0
28715587	0
8685038	0
22393486	0
24153589	0
22748146	0
372899	0
5570526	0
2746095	0
1219865	0
3114	0
6926466	0
1767981	0
29905147	0
3863901	0
90714	0
12407991	0
3082304	0
4826125	0
9020323	0
17921132	0
22685171	0
34614028	0
29768836	0
14372184	0
7487278	0
1421401	0
29323487	0
28340544	0
1577196	0
15449235	0
218313	0
108325	0
22288142	0
973930	0
33685378	0
6298053	0
131547	0
2195753	0
