230159	1
55999	1
90605	1
637428	1
3275463	1
36498755	1
603633	1
24758702	1
43175	1
8943193	1
10591	1
1092942	1
5996660	1
11383828	1
22510766	1
6599979	1
20366350	1
712897	1
27119	1
1195854	1
11375009	1
877461	1
4030570	1
1932624	1
2855483	1
38393	1
8267682	1
512157	1
4022200	1
25781	1
355385	1
8434278	1
174521	1
47088	1
1972398	1
6342852	1
11051487	1
46846	1
32766102	1
20489126	1
429813	1
26841041	1
9409927	1
2835247	1
516545	1
4576465	1
633093	1
255632	1
99156	1
80849	1
3046828	1
5133004	1
38919532	1
6000077	1
379723	1
1055000	1
26895290	1
1408788	1
680345	1
5631416	1
5247	1
4666203	1
8100608	1
93825	1
8288847	1
604123	1
30807309	1
12240	1
3183933	1
248422	1
1041286	1
904556	1
749839	1
2475450	1
1205580	1
3730657	1
4549897	1
1365050	1
35525397	1
3075185	1
15795846	1
3317007	1
1312042	1
1161691	1
772923	1
1358	1
2901616	1
466429	1
178951	1
1862923	1
35639467	1
24578	1
5444828	1
1914940	1
5109968	1
176334	1
99165	1
1022960	1
1651912	1
550448	1
2271690	1
2519281	1
172273	1
15375296	1
13803240	1
26374	1
639569	1
154691	1
399531	1
3588239	1
637333	1
1747544	1
4595492	1
322562	1
749908	1
16683758	1
1752591	1
9009480	1
16971	1
567888	1
49380722	1
1738973	1
514960	1
1628003	1
12143913	1
35769331	1
99175	1
5279531	1
3951987	1
8129828	1
1294759	1
19444543	1
35389630	1
33953744	1
10927968	1
4191813	1
3648490	1
1730997	1
33742736	1
930910	1
3917161	1
51628	1
2362250	1
1974563	1
1842388	1
3941386	1
7984	1
873771	1
35735412	1
20936195	1
1455879	1
330655	1
6527837	1
2939881	1
1559074	1
3495605	1
10937953	1
38284	1
525187	1
6232791	1
635189	1
904792	1
365149	1
458133	1
3603969	1
836757	1
19554217	1
21711798	1
13862	1
333562	1
2852008	1
332769	1
2371348	1
1008381	1
3599321	1
1189913	1
3835970	1
3162592	1
8007197	1
470438	1
1495667	1
14449748	1
455173	1
10945929	1
2322656	1
7249453	1
1751201	1
31268	1
11218213	1
198290	1
2256141	1
841478	1
7642961	1
4088270	1
80046	1
256932	1
2698451	1
10477329	1
762230	1
478244	1
5399474	1
10452604	1
540997	1
2229036	1
284024	1
31226725	1
2599201	1
18621997	1
4259576	1
2377331	1
24619	1
29110620	1
341640	1
18815017	1
99759	1
3753652	1
21051888	1
516772	1
5814016	1
39697686	1
2796677	1
23055	1
24839197	1
2633089	1
563271	1
5498149	1
248341	1
29447052	1
106376	1
5511324	1
17843917	1
9033543	1
25814339	1
174929	1
1458501	1
186024	1
6084677	1
751632	1
16523406	1
3163813	1
36638585	1
48337	1
35187444	1
198741	1
6604643	1
118212	1
1944316	1
1905946	1
19279520	1
899	1
1482463	1
6252821	1
147885	1
392438	1
11749910	1
1276663	1
11371493	1
2692728	1
223418	1
262756	1
75311	1
11773491	1
26254145	1
1852878	1
465839	1
26600937	1
1237197	1
30275643	1
378653	1
1205045	1
1849770	1
1615838	1
777466	1
10756128	1
158217	1
4579	1
19269350	1
9477046	1
47849263	1
1098415	1
704419	1
17468888	1
925525	1
23977470	1
20923	1
20358755	1
2518704	1
150136	1
24640562	1
637508	1
328261	1
8736884	1
493423	1
26286	1
222700	1
28687476	1
21528295	1
6343	1
929761	1
2016938	1
26191	1
20636330	1
6398867	1
99757	1
892720	1
699550	1
587676	1
839861	1
9067357	1
1276212	1
4387081	1
5668722	1
460250	1
659757	1
288679	1
1075590	1
1834952	1
10339642	1
13722862	1
913743	1
7416036	1
2079170	1
683030	1
4498244	1
3255479	1
822700	1
5601130	1
948580	1
29967	1
65309	1
5826213	1
145092	1
3884752	1
27399567	1
1979466	1
418159	1
1059056	1
9646	1
194044	1
193379	1
151501	1
543340	1
7693842	1
57986	1
93084	1
49681	1
18490211	1
44090529	1
165550	1
14092604	1
958001	1
162017	1
2575229	1
8420	1
30555	1
3787232	1
291838	1
292941	1
26534334	1
13698479	1
171108	1
56265	1
515164	1
13612861	1
371575	1
11864594	1
172914	1
2664556	1
35035142	1
3276997	1
87249	1
561698	1
153448	1
6341109	1
5128261	1
26419548	1
73515	1
30467	1
1405004	1
21596429	1
3277078	1
6932876	1
344775	1
19264296	1
616293	1
1008762	1
2409354	1
11003055	1
13206941	1
581098	1
4340371	1
40584	1
18629	1
1877151	1
26590	1
1520307	1
1148527	1
520514	1
601978	1
2429528	1
4488380	1
23338566	1
286845	1
19985593	1
1087969	1
336175	1
56624	1
24113	1
25892	1
157841	1
240616	1
4419465	1
34312121	1
5395	1
3488699	1
3994649	1
4907633	1
128203	1
863626	1
2444687	1
2061025	1
27113	1
2091393	1
11474229	1
171211	1
6499770	1
11769844	1
270943	1
575890	1
863296	1
6452346	1
3698375	1
980466	1
1763505	1
18931273	1
7959758	1
197810	1
8485326	1
9305986	1
4556995	1
25987	1
147259	1
3753724	1
54587	1
26531	1
369130	1
283810	1
6635437	1
430383	1
10134	1
151513	1
45213	1
1063456	1
174910	1
30742371	1
266443	1
370807	1
23798136	1
771418	1
448990	1
510215	1
3891036	1
1137766	1
2114706	1
1152482	1
1435856	1
838263	1
27356931	1
8710385	1
59249	1
178944	1
6140490	1
2518430	1
48924134	1
10677917	1
1646184	1
6441583	1
1219393	1
3939186	1
213072	1
24059842	1
569213	1
452088	1
44734	1
2313103	1
463551	1
5367	1
266339	1
45648	1
2136466	1
16383124	1
5820	1
47718891	1
436461	1
15500364	1
30492704	1
8402	1
7438610	1
268416	1
6823994	1
6236917	0
3492545	0
41590110	0
31718055	0
30903422	0
5208880	0
23213430	0
749556	0
37234066	0
22481320	0
39448340	0
25001782	0
5169883	0
9633451	0
31590520	0
547539	0
3347481	0
1644297	0
3488618	0
14627991	0
37075050	0
34654527	0
4731828	0
5544720	0
397814	0
26624883	0
112735	0
44525604	0
17258200	0
301107	0
17472820	0
1130683	0
3542930	0
4138174	0
23640237	0
2444514	0
2078062	0
5720237	0
40555321	0
7466505	0
5084197	0
20836601	0
1009560	0
8355364	0
14915779	0
2408464	0
25744475	0
3557844	0
2391070	0
6328968	0
22782260	0
38255200	0
21147962	0
14830933	0
5911783	0
10337299	0
4097455	0
5448174	0
4084127	0
1286976	0
3992189	0
2232082	0
35709257	0
655047	0
2188892	0
23241092	0
91615	0
13080009	0
3085000	0
4772452	0
44978383	0
16906382	0
1165628	0
20894999	0
14712386	0
2250232	0
41193393	0
906134	0
8112283	0
4470060	0
3680157	0
112167	0
4485109	0
6603799	0
19846183	0
2186249	0
1717758	0
9430966	0
5285008	0
18781974	0
7834779	0
38473673	0
37734904	0
28628221	0
187990	0
327536	0
4017554	0
584764	0
43515928	0
630821	0
47253076	0
2466721	0
10517272	0
2794439	0
3521989	0
1961798	0
16195168	0
1395003	0
48489065	0
34311850	0
26020800	0
34098662	0
23124709	0
25740608	0
28630315	0
21006171	0
313832	0
2561123	0
15810825	0
3528613	0
18662372	0
3153488	0
5821603	0
11388574	0
37796965	0
44059741	0
32442327	0
23413199	0
166604	0
34534477	0
15028326	0
28388249	0
5807599	0
11158693	0
2428810	0
42056086	0
11782404	0
83938	0
23310116	0
8517688	0
22596276	0
36526807	0
3751084	0
1447237	0
2040406	0
31910193	0
1606444	0
1194393	0
21161158	0
6716009	0
47767851	0
4591874	0
10663197	0
31582964	0
16957557	0
1193760	0
33259375	0
43017497	0
24142744	0
19846759	0
2008346	0
11002747	0
31315274	0
138536	0
24473996	0
3681985	0
22291249	0
12350827	0
45559898	0
22120682	0
7393417	0
2380842	0
8662628	0
29486429	0
1211545	0
6771332	0
514560	0
18530906	0
18723972	0
6243562	0
35590415	0
1325729	0
4161215	0
1449166	0
11207281	0
4126118	0
2344754	0
6459058	0
22002621	0
13398546	0
9244485	0
26716014	0
14547802	0
30167732	0
2025436	0
3085155	0
40152227	0
320891	0
114629	0
34753294	0
9959000	0
1081600	0
6440262	0
29697844	0
571106	0
1549788	0
17671358	0
8521222	0
5529264	0
3831777	0
10438235	0
414654	0
41883981	0
4578333	0
3041682	0
234286	0
33204441	0
21796753	0
3703453	0
18065043	0
2342364	0
34673953	0
13774022	0
477505	0
21887538	0
138285	0
26257923	0
18140807	0
1767250	0
10717548	0
47214129	0
46644981	0
34236445	0
708577	0
27675112	0
1131875	0
31174821	0
19682420	0
262749	0
19916594	0
6112995	0
2550177	0
34009014	0
4395466	0
7933723	0
8734354	0
14230478	0
359013	0
43387467	0
449874	0
14739233	0
9000990	0
6657215	0
14083335	0
135845	0
32472436	0
11408220	0
865917	0
24971421	0
19876757	0
28974308	0
3589496	0
2988688	0
6706044	0
5206875	0
7326191	0
6557012	0
5730257	0
927699	0
43817099	0
49076202	0
3864340	0
4655047	0
26256926	0
827045	0
4621425	0
1618837	0
1634969	0
5909274	0
36991900	0
121794	0
32595745	0
31639195	0
854115	0
11372600	0
794688	0
38304938	0
6916858	0
462803	0
512231	0
2448546	0
2885120	0
17889436	0
8379662	0
31913677	0
29378763	0
25234613	0
10406199	0
1005599	0
14368215	0
7997414	0
43064524	0
2748559	0
48356809	0
55004	0
33128562	0
6743809	0
177995	0
838930	0
2700663	0
184507	0
3834355	0
12225673	0
6962360	0
1499555	0
16606138	0
1173472	0
111437	0
23460013	0
11439327	0
2303027	0
26925624	0
518018	0
15046345	0
28034413	0
166651	0
31212326	0
40442493	0
2590248	0
386844	0
2083811	0
6818595	0
1371822	0
6478819	0
14194179	0
4202928	0
34866626	0
3469435	0
3632002	0
4510576	0
22558143	0
1118214	0
387541	0
4446197	0
30662259	0
1423782	0
4353130	0
17706695	0
2291124	0
28846843	0
12277656	0
21826075	0
7364118	0
18204735	0
1520096	0
18192024	0
2398808	0
459389	0
35135288	0
5280268	0
9817780	0
16504	0
8702615	0
937073	0
44869004	0
268720	0
31606883	0
1240162	0
1126982	0
451661	0
4671484	0
1417207	0
925909	0
39136325	0
2818206	0
19268190	0
15109057	0
30019441	0
9405888	0
1230157	0
27093992	0
2368567	0
3554430	0
4308980	0
1021713	0
11581704	0
32948342	0
3236609	0
7219809	0
18070739	0
4680610	0
29024407	0
4324269	0
730312	0
24788023	0
20912741	0
43180282	0
2862274	0
43802680	0
37484945	0
827435	0
34041207	0
29203675	0
35149162	0
585383	0
15072865	0
32852126	0
2034980	0
2606345	0
2549194	0
9650076	0
39208696	0
37660960	0
405304	0
549138	0
38061437	0
13826827	0
33192102	0
7403372	0
1328789	0
14831982	0
2318952	0
13987692	0
43573781	0
140575	0
27988150	0
2431776	0
4921028	0
39607076	0
1076420	0
16510723	0
54639	0
25440022	0
4868799	0
1505056	0
17175449	0
9922507	0
2266359	0
2730440	0
11613815	0
7947982	0
47351670	0
5489506	0
36177527	0
39526909	0
3543164	0
1107666	0
1579237	0
25221755	0
33149412	0
35126330	0
5388477	0
3001453	0
10953005	0
4230188	0
43248229	0
4485602	0
2596844	0
5104305	0
6095286	0
16722514	0
25741858	0
24222649	0
23279905	0
46561302	0
5547791	0
48850320	0
42478551	0
12724997	0
6643506	0
12621785	0
1919836	0
11195776	0
25754142	0
14892827	0
27475905	0
420351	0
2441266	0
968075	0
784	0
1888084	0
2723119	0
32475019	0
4152147	0
1266405	0
5467642	0
44620868	0
2609143	0
10645911	0
13455649	0
247565	0
1180369	0
34957722	0
49239990	0
315025	0
39606205	0
446842	0
398696	0
30760624	0
9324544	0
