9795585	1
1702844	1
3627158	1
1232649	1
3428822	1
2616878	1
127318	1
511477	1
43541768	1
36792633	1
4342409	1
2697695	1
492148	1
18044104	1
15736	1
330339	1
1692020	1
13007512	1
7990478	1
2924306	1
265500	1
2545323	1
6079295	1
3508329	1
5665273	1
1598913	1
4231541	1
1203817	1
569138	1
112405	1
24565430	1
1458776	1
13827807	1
2690058	1
65171	1
3283904	1
699779	1
1027722	1
175984	1
872141	1
840587	1
2512676	1
32203	1
348426	1
9194393	1
19455652	1
1095654	1
2944414	1
3909962	1
2174618	1
8797087	1
9642016	1
1900682	1
30864183	1
27720094	1
2781571	1
939615	1
418701	1
1862514	1
176767	1
16096427	1
1403374	1
8290784	1
26777240	1
40143602	1
7981033	1
21844028	1
6128394	1
3266667	1
15889620	1
203838	1
643375	1
18725873	1
40080014	1
35272647	1
6941630	1
11638310	1
1074610	1
2667085	1
12642798	1
6758813	1
2047707	1
679865	1
13886898	1
277692	1
5861354	1
8852169	1
3489007	1
3843774	1
599029	1
23955024	1
20088836	1
2976927	1
20069599	1
4601090	1
861660	1
2812721	1
6306123	1
9104066	1
6974652	1
574666	1
22064733	1
23260134	1
8367530	1
5166762	1
16837673	1
19296557	1
358194	1
589305	1
5348970	1
38301345	1
4610056	1
15641	1
98521	1
7133981	1
35968372	1
244353	1
14696611	1
21994270	1
1720281	1
766021	1
9895872	1
5961422	1
32774	1
1554268	1
15997195	1
20667350	1
5841124	1
11257824	1
111587	1
362488	1
680537	1
1181317	1
38966303	1
4147129	1
850740	1
41972197	1
129309	1
345062	1
3152692	1
276154	1
20700	1
554559	1
912656	1
1545555	1
12206766	1
7309111	1
10172033	1
28024734	1
1316656	1
45469831	1
4152015	1
402084	1
4551408	1
1427480	1
15226083	1
5954417	1
25524409	1
65689	1
608223	1
17625958	1
7727405	1
31403238	1
12647794	1
1390837	1
124291	1
304750	1
6400553	1
49908	1
10571142	1
553982	1
529717	1
5663608	1
30859690	1
2235580	1
5031497	1
5647109	1
1630504	1
359720	1
739238	1
3114980	1
2242134	1
16586943	1
5347977	1
1107279	1
1253437	1
2197546	1
23948114	1
1963550	1
381016	1
398134	1
30309563	1
2195285	1
293288	1
41380888	1
10081101	1
1809345	1
25806742	1
8514476	1
2949571	1
14262249	1
225443	1
8473409	1
756629	1
5717839	1
11789988	1
37245972	1
5467613	1
8159411	1
5199057	1
19817748	1
2944547	1
1918177	1
22008776	1
341890	1
23913882	1
11131846	1
9897918	1
3188525	1
24101137	1
82193	1
5296142	1
5369114	1
7535023	1
4262391	1
1317519	1
625529	1
4944217	1
7335620	1
241070	1
248255	1
429498	1
37796498	1
23792995	1
750136	1
3163574	1
15516975	1
450469	1
2616987	1
153550	1
10200139	1
217170	1
1818374	1
17526005	1
1859152	1
407597	1
3338808	1
98522	1
2863111	1
1870458	1
6947313	1
11148129	1
4256079	1
1048524	1
23744186	1
122290	1
186779	1
452433	1
30064839	1
7520503	1
657662	1
8284553	1
962508	1
11666945	1
2518227	1
5776455	1
31911256	1
3912230	1
49053	1
21785880	1
479421	1
2702676	1
87219	1
91344	1
1447986	1
26849679	1
647722	1
650013	1
1900824	1
3403864	1
16211726	1
170721	1
18386248	1
124575	1
2397480	1
2203446	1
463978	1
10875442	1
20086025	1
12391527	1
122856	1
154382	1
7919851	1
122262	1
1046676	1
1956109	1
148674	1
96034	1
953425	1
6426049	1
60867	1
978829	1
8702278	1
765090	1
5364709	1
286524	1
1852371	1
17044875	1
23579592	1
546342	1
306906	1
2088124	1
4372879	1
424217	1
23698633	1
21325270	1
6893557	1
3473950	1
18862437	1
40212413	1
743721	1
1545321	1
63065	1
287881	1
5199582	1
36559888	1
26232	1
3058825	1
641673	1
106198	1
27430947	1
2001797	1
8408238	1
2157658	1
411737	1
24358536	1
1884953	1
7447721	1
11354371	1
1290151	1
116479	1
17632938	1
12773165	1
30864305	1
8913415	1
3767564	1
4208462	1
6863121	1
8783748	1
6842557	1
1681516	1
14622617	1
1540046	1
14412525	1
1808390	1
1713763	1
348361	1
2645090	1
8210342	1
851422	1
38879751	1
19772315	1
11322364	1
19145493	1
1954866	1
112075	1
38955215	1
3109965	1
8539522	1
1347829	1
1662609	1
13203317	1
36278145	1
1483405	1
852026	1
3311736	1
129500	1
512185	1
11545898	1
5076629	1
6781740	1
1042611	1
8706312	1
9690310	1
256767	1
11858177	1
493519	1
12481121	1
12900116	1
4147670	1
1268510	1
5410224	1
292242	1
2829990	1
1091736	1
541311	1
205591	1
1545671	1
215153	1
2955375	1
6950780	1
1731066	1
2502881	1
57700	1
23977225	1
2343219	1
84199	1
31276608	1
23924250	1
1214377	1
127149	1
1972335	1
2095505	1
1939701	1
2499867	1
156363	1
731199	1
157955	1
11758077	1
478837	1
23808	1
995120	1
6618708	1
37259032	1
29378485	1
107677	1
92408	1
1497478	1
28929348	1
436773	1
11162366	1
24435338	1
20196000	1
146656	1
24969222	1
1044089	1
3350874	1
17931924	1
23920183	1
37711387	1
72767	1
3712784	1
342348	1
1215329	1
14655828	1
1763278	1
1618582	1
4933586	1
15760564	1
23862525	1
215849	1
150897	1
3389709	1
155169	1
3098709	1
33126992	1
15294295	1
12038307	1
6156270	1
24994375	1
7732622	1
2739220	1
4895036	1
2986929	1
33540733	1
6207563	1
28358500	1
11327478	1
270930	1
3345744	1
5500226	1
30085610	1
245234	1
3866484	1
1270564	1
1518367	1
2227689	1
5695369	1
5951761	1
235432	1
24139051	1
37304	1
364924	1
10789319	1
1469145	1
33714802	1
32723685	1
18178582	1
335906	1
39064092	1
9428952	1
1050805	1
614354	1
7520535	1
876383	1
4162112	1
20403439	1
631678	1
18623	1
2535793	1
139497	0
3697298	0
24332747	0
21989503	0
29016916	0
4898180	0
4847748	0
73488	0
771066	0
26628490	0
2488150	0
43202928	0
12701041	0
339208	0
12321592	0
4502310	0
39064546	0
25689831	0
17706180	0
434937	0
12828123	0
3795872	0
7750075	0
37396992	0
15311110	0
11102157	0
1968403	0
931365	0
19023111	0
28713359	0
413456	0
2874550	0
737315	0
2178819	0
23664486	0
26281737	0
12106684	0
37441041	0
7741300	0
18787424	0
4824127	0
428262	0
6603263	0
37367777	0
19637258	0
13600331	0
2929014	0
3891356	0
352916	0
9405989	0
5193960	0
34739191	0
11355713	0
1369252	0
43349181	0
55483	0
4899196	0
1018959	0
842133	0
1278225	0
1871671	0
4550	0
4480497	0
1292828	0
19829078	0
20392457	0
1138203	0
5238420	0
36975669	0
3509583	0
15418221	0
22525255	0
44978226	0
23760822	0
3790121	0
1692634	0
407193	0
21256892	0
16649577	0
49342441	0
21695563	0
18073089	0
21283263	0
5374279	0
14291721	0
586620	0
23381563	0
2836571	0
23154725	0
38692579	0
13061350	0
20867780	0
11073663	0
23504107	0
8252278	0
3090854	0
31018220	0
31829493	0
9472788	0
752144	0
4105772	0
14497974	0
34738544	0
1782782	0
30364037	0
26861446	0
6458046	0
202601	0
17613206	0
37817138	0
22630475	0
5322398	0
18800236	0
42958811	0
3675680	0
18756780	0
1793210	0
8362987	0
7258728	0
21354	0
32349981	0
27123468	0
11217607	0
1886249	0
10852635	0
5142008	0
3999799	0
32783751	0
9198394	0
23552373	0
40407510	0
11756385	0
15664760	0
20486158	0
517746	0
21808277	0
17423790	0
29844047	0
47894433	0
5627456	0
615812	0
28263629	0
24219002	0
27386870	0
1657513	0
2650666	0
26438945	0
14849771	0
1577834	0
4331648	0
31386398	0
2708025	0
38997223	0
290502	0
25401897	0
8262674	0
5076192	0
21360380	0
5497446	0
35209926	0
41767906	0
260208	0
23046907	0
20189867	0
30635742	0
26846103	0
24832456	0
1910704	0
23846553	0
33796234	0
10877159	0
8282688	0
36252347	0
8961028	0
11713023	0
35216232	0
1567546	0
24223206	0
11397498	0
4586733	0
6263680	0
5510092	0
4745533	0
162182	0
1704531	0
1202722	0
118448	0
1020353	0
4914463	0
1753191	0
3639908	0
274109	0
15032138	0
24426145	0
26946446	0
1262186	0
1938175	0
31494266	0
37308366	0
48693084	0
392246	0
47232190	0
15160337	0
48823	0
2527661	0
27990554	0
11394079	0
13513414	0
37463688	0
35522242	0
864543	0
745879	0
48924483	0
45562782	0
359678	0
4746339	0
20634923	0
32520947	0
10265722	0
1354759	0
26647178	0
10420913	0
45353161	0
7240677	0
1068605	0
6941765	0
555274	0
18723518	0
22161548	0
37889027	0
19309	0
480700	0
16775474	0
36586375	0
1577068	0
1083353	0
15682106	0
41287633	0
2978829	0
21787108	0
22035640	0
1276506	0
47215224	0
2376371	0
5841434	0
4250708	0
855418	0
4937664	0
5719944	0
36882504	0
13519086	0
6551628	0
7550294	0
24840391	0
19557954	0
945670	0
8032887	0
3493040	0
9857014	0
9875007	0
22035798	0
19681818	0
2646394	0
424810	0
48864686	0
7567013	0
5722305	0
3234594	0
18486192	0
2148947	0
32655965	0
556134	0
428411	0
11130895	0
9766283	0
42976995	0
3227858	0
6416721	0
33079815	0
11758515	0
24749762	0
5726074	0
24071774	0
1450096	0
11028458	0
112980	0
11656077	0
24548638	0
16036762	0
4838461	0
23588673	0
3691561	0
1660676	0
28765	0
2688220	0
17272314	0
413951	0
30026486	0
349744	0
8248059	0
19808062	0
262838	0
329030	0
451122	0
20919240	0
6085489	0
3725355	0
398809	0
21731508	0
3435860	0
450735	0
28629565	0
23752931	0
28408694	0
12313430	0
19104182	0
7846010	0
6816853	0
44690586	0
15497397	0
404367	0
22582529	0
1053801	0
47084544	0
96772	0
25012694	0
1653648	0
3525094	0
8995368	0
4699435	0
25118549	0
23232541	0
2960107	0
63879	0
125194	0
4387710	0
301078	0
6715258	0
19117831	0
17448975	0
21134807	0
9606284	0
14045072	0
17555521	0
12073756	0
1019427	0
23202158	0
3529165	0
13960050	0
8652024	0
12835425	0
24464429	0
9493469	0
314644	0
8002460	0
13874228	0
5269125	0
31376279	0
1301974	0
1520575	0
11181813	0
4552722	0
5332971	0
4183457	0
14871931	0
8947399	0
18049552	0
10780579	0
11391817	0
11666786	0
7495148	0
12395442	0
22314955	0
1320734	0
227600	0
5197145	0
13289398	0
26178233	0
11023769	0
8408085	0
5527124	0
3273701	0
8073322	0
669303	0
2554661	0
1027460	0
29454281	0
197185	0
11803792	0
151305	0
4994305	0
9891678	0
20021367	0
6302026	0
15312925	0
49188508	0
1010284	0
14267544	0
37141475	0
32810178	0
1667014	0
15904656	0
32801945	0
36838829	0
256136	0
15301053	0
29089714	0
16787899	0
19093292	0
43857777	0
202854	0
42201070	0
127277	0
9380357	0
31592782	0
31997946	0
8718521	0
12725386	0
30273553	0
42145060	0
3233720	0
10438479	0
31636056	0
5007797	0
37611863	0
7028078	0
10041168	0
28824124	0
19337629	0
30632278	0
1588924	0
4401292	0
1973973	0
131278	0
156123	0
13503844	0
41046264	0
7657088	0
691181	0
1959693	0
28688228	0
117390	0
11314646	0
1098645	0
19247112	0
6231428	0
42789849	0
6714601	0
615261	0
8891629	0
6086168	0
23769381	0
39326411	0
1935047	0
9597563	0
3709104	0
18926012	0
5344873	0
277731	0
36026824	0
173736	0
556979	0
110647	0
3865850	0
20739576	0
4459888	0
4864514	0
1828187	0
43328012	0
6563707	0
38817	0
12659640	0
2227909	0
47298162	0
18440371	0
33426977	0
137719	0
1418552	0
2116117	0
1493581	0
8731517	0
6833974	0
406218	0
14250607	0
26030639	0
132964	0
18528596	0
31638311	0
904187	0
17161335	0
15047151	0
7226913	0
937596	0
6858787	0
32285300	0
2445043	0
3823361	0
22630418	0
4051193	0
12478987	0
