102323	1
503235	1
656407	1
8584328	1
1819772	1
2130332	1
949289	1
27730019	1
586261	1
26990501	1
12378554	1
4624019	1
4021442	1
206318	1
31254957	1
3538626	1
229867	1
31411532	1
20486	1
20208961	1
292760	1
36576414	1
23223255	1
527632	1
4207844	1
48464855	1
3346046	1
1706832	1
477121	1
3137282	1
16396774	1
51525	1
17160872	1
36822554	1
41252356	1
49559	1
749967	1
32054210	1
14760049	1
14978420	1
9207111	1
2168710	1
12038713	1
23406567	1
3702422	1
18801016	1
335851	1
2244382	1
18017421	1
6806376	1
210591	1
32793841	1
236033	1
46510596	1
18177632	1
2292537	1
30939637	1
15716827	1
5306077	1
13207	1
3748215	1
20610508	1
2113218	1
5536697	1
3270351	1
358396	1
37299252	1
20945820	1
678691	1
46995524	1
2726633	1
4192114	1
4201132	1
27716076	1
11316156	1
10819294	1
11834608	1
8413034	1
31914470	1
18906850	1
36801296	1
1276705	1
741238	1
12980256	1
9366355	1
32660	1
31106335	1
3121306	1
15546676	1
7776625	1
85370	1
16948290	1
8791616	1
14759043	1
770279	1
21719230	1
179846	1
32455259	1
4468257	1
31209884	1
3721965	1
1952844	1
16772	1
385077	1
1189567	1
596532	1
3079897	1
182984	1
2097916	1
931406	1
69680	1
31023471	1
4490081	1
1533651	1
1257198	1
1370005	1
25880945	1
4068088	1
514321	1
12581035	1
17307674	1
228344	1
2266198	1
12959027	1
7760281	1
11622314	1
7311741	1
219311	1
40694237	1
14436306	1
9665677	1
17440144	1
37622708	1
6144797	1
179926	1
30410012	1
51777	1
1461119	1
11715	1
26211607	1
3636139	1
620601	1
12260198	1
4115009	1
1498946	1
80459	1
7179803	1
31724172	1
3519172	1
7236116	1
36497032	1
82394	1
22126870	1
7304679	1
13995819	1
2288362	1
39717822	1
22758838	1
223307	1
359331	1
11761	1
246776	1
21329858	1
231001	1
10161537	1
9613270	1
2891184	1
327375	1
41764702	1
12222006	1
6069615	1
10148708	1
22160221	1
12782025	1
16994255	1
21712532	1
943020	1
42648422	1
30067883	1
4537784	1
7447714	1
400892	1
1724395	1
847744	1
14743684	1
22407870	1
24191349	1
367249	1
307541	1
31085100	1
38753807	1
24516112	1
253053	1
3693950	1
3265227	1
39458215	1
24665181	1
1390968	1
304714	1
160632	1
8531112	1
592269	1
1717037	1
535407	1
4665571	1
4658879	1
23707813	1
3519133	1
3686819	1
9097328	1
19607986	1
998011	1
6896231	1
4946272	1
1869246	1
4923658	1
946227	1
7167784	1
43904407	1
10695946	1
11080090	1
929466	1
7208318	1
3214117	1
28940086	1
3831511	1
22713617	1
5501722	1
3280418	1
3355035	1
1486687	1
15063598	1
32248609	1
4426943	1
221749	1
3138939	1
4274699	1
53842	1
1493807	1
2066197	1
11158065	1
21274218	1
27549645	1
277556	1
153364	1
2146469	1
21553778	1
21592972	1
2192998	1
204126	1
1519005	1
17130284	1
5258674	1
24110331	1
17212492	1
176871	1
15011322	1
9365722	1
17327836	1
5854886	1
9717503	1
25818624	1
29539	1
7850287	1
4601744	1
181146	1
2131262	1
12249579	1
4218	1
312991	1
2376	1
2438851	1
4547379	1
1269814	1
646352	1
44787038	1
3263277	1
38198827	1
107530	1
2001010	1
390102	1
28024915	1
150521	1
2365233	1
13743725	1
12175394	1
9211704	1
2431842	1
30864814	1
39426163	1
5861697	1
4270354	1
1216791	1
41041257	1
9207344	1
3520984	1
42702	1
493411	1
40311205	1
3163813	1
40839386	1
34701286	1
1928578	1
34034370	1
2637655	1
4739134	1
5111707	1
818931	1
32538185	1
1615636	1
867155	1
478947	1
11091078	1
21557860	1
213635	1
6675417	1
18790226	1
14318464	1
2960548	1
552808	1
42937685	1
842419	1
2475777	1
873945	1
33106218	1
13675852	1
5595708	1
35457665	1
18748952	1
5288187	1
383615	1
605792	1
5992331	1
41105517	1
583292	1
1946505	1
357918	1
11197284	1
1113688	1
5497609	1
3573298	1
869316	1
1577869	1
39344939	1
241214	1
2889651	1
43486714	1
3023023	1
604716	1
26965799	1
3054758	1
1040948	1
474706	1
1048388	1
12013662	1
36675733	1
6333126	1
2806221	1
2522526	1
3536094	1
847626	1
11152280	1
1683933	1
11422206	1
4765248	1
298304	1
19087125	1
7255309	1
2738964	1
788723	1
6954531	1
4076495	1
2266302	1
6139771	1
28257258	1
148041	1
16762542	1
2421989	1
923979	1
14351060	1
1492649	1
10396793	1
2307098	1
1447237	1
978056	1
2792488	1
2010744	1
17654013	1
18484452	1
13439841	1
1011319	1
17932058	1
5354163	1
17440303	1
181649	1
1018778	1
12427780	1
1298456	1
854874	1
839027	1
10226877	1
1852133	1
10400214	1
2271915	1
27723805	1
177159	1
13301335	1
735763	1
949288	1
30874536	1
171392	1
25485916	1
5520064	1
555067	1
1838483	1
47107082	1
32372772	1
990055	1
2319386	1
21038729	1
8715446	1
2700752	1
4785042	1
29040118	1
582977	1
2271583	1
26608385	1
22094992	1
7722118	1
19525	1
18487586	1
2310698	1
3840484	1
20020694	1
147247	1
10169749	1
513246	1
3418549	1
2774332	1
2400293	1
29142416	1
14848252	1
21134670	1
5406531	1
850250	1
11993551	1
37580660	1
5823523	1
35682714	1
30632499	1
382603	1
6359241	1
901514	1
7858158	1
6232165	1
4815334	1
23731157	1
48721540	1
30874339	1
4067854	1
12587676	1
3074047	1
180721	1
34476117	1
1171806	1
4283645	1
794665	1
161960	1
170512	1
22312153	1
17385151	1
10833339	1
3679881	1
21006739	1
217693	1
44678739	1
32476426	1
2442127	1
264347	1
18536057	1
169662	1
4238894	1
18397339	1
13509960	1
32010904	1
2269411	1
24510496	1
17679758	1
26516382	1
10430099	1
586244	1
23194996	1
12242189	1
6181911	1
1491403	1
23020164	1
6271994	1
1417482	1
2225342	1
1682497	1
13633986	0
2722296	0
35920843	0
4184862	0
43575518	0
19928539	0
4091198	0
33820478	0
1661180	0
39495000	0
20271249	0
696199	0
3800826	0
31330999	0
5285777	0
3375	0
26472270	0
2557148	0
39591365	0
30405883	0
26622997	0
1623595	0
35730612	0
37988237	0
48240965	0
8868311	0
40668160	0
4407090	0
3387858	0
21259396	0
14159655	0
42375117	0
10952397	0
24135051	0
11849716	0
26302392	0
37875437	0
2793639	0
446827	0
35075117	0
2058528	0
12156955	0
11001344	0
2770426	0
11851667	0
27657068	0
1552938	0
40771773	0
22696465	0
5739676	0
4475030	0
4261279	0
9519796	0
7207021	0
30062624	0
13652133	0
16755392	0
22989965	0
19515012	0
23982320	0
35786788	0
2840548	0
20859242	0
5932543	0
47092748	0
1929826	0
1477183	0
575530	0
11350520	0
135550	0
6873889	0
11229849	0
13595290	0
5018254	0
1204297	0
31409460	0
46213391	0
24845	0
5605229	0
22392046	0
110907	0
998754	0
12571568	0
5736678	0
29377171	0
15430079	0
3011890	0
679825	0
259861	0
14298208	0
68865	0
25495043	0
16301952	0
33772904	0
16459398	0
220635	0
23406666	0
641254	0
11958787	0
6798996	0
38631749	0
27683913	0
3415388	0
9405913	0
4931748	0
20946248	0
151573	0
1491163	0
126963	0
2841288	0
16410534	0
42585785	0
42097999	0
2184080	0
30721901	0
379559	0
2062791	0
4256674	0
9358359	0
1024921	0
696588	0
466534	0
34459451	0
4716908	0
3551746	0
4629857	0
21702205	0
21759629	0
18422295	0
12141707	0
6277048	0
7377098	0
35768532	0
29832213	0
16817211	0
9888620	0
18326296	0
18227359	0
584132	0
25330000	0
7120662	0
233023	0
10711390	0
1861097	0
6523246	0
16243428	0
1129549	0
12517767	0
21057388	0
6815774	0
643277	0
4845291	0
26366	0
33377852	0
20893734	0
41982943	0
11924291	0
40799613	0
39346366	0
24957444	0
7566934	0
5207105	0
32354723	0
33366533	0
25354757	0
33785725	0
5184503	0
25360101	0
46996100	0
11595132	0
27548287	0
37791249	0
5380831	0
138275	0
2660009	0
31559574	0
31371925	0
18512295	0
1862150	0
22115612	0
6033504	0
35991696	0
19552845	0
35825525	0
1509607	0
3000733	0
6788084	0
997243	0
854215	0
8548464	0
35911885	0
40224452	0
1215236	0
45229428	0
38990616	0
7138357	0
27272771	0
18690515	0
46284	0
5545591	0
9877259	0
3674519	0
1983854	0
1710766	0
12362061	0
42244189	0
1008690	0
30971426	0
2715545	0
1347020	0
92324	0
3968571	0
2140123	0
4429560	0
3850679	0
4900291	0
1307422	0
1944523	0
1336834	0
8723893	0
2076515	0
11603835	0
4230	0
12483145	0
17628454	0
31907492	0
261864	0
1203527	0
11233771	0
7582311	0
11217792	0
3346261	0
4902341	0
12355895	0
242224	0
8799542	0
9451117	0
34246945	0
25187760	0
15928189	0
1524359	0
37244268	0
29690938	0
3492676	0
4927415	0
25155356	0
11952449	0
1561351	0
6938898	0
2846901	0
105716	0
334479	0
2851970	0
6808817	0
62207	0
876358	0
108712	0
1514101	0
27368460	0
1500712	0
9003374	0
2713577	0
31596865	0
2179398	0
37457443	0
70583	0
2765765	0
38850867	0
853380	0
25571318	0
2828184	0
46659636	0
19321381	0
41065543	0
8910640	0
4699316	0
28902589	0
35572559	0
48409028	0
1595168	0
7994800	0
5589148	0
13306375	0
7946538	0
7371696	0
28401229	0
14691045	0
1295814	0
19615931	0
37570897	0
2006795	0
132761	0
15897064	0
49502722	0
10779190	0
466775	0
194184	0
1597741	0
21699189	0
1368189	0
42530641	0
19406640	0
13554353	0
21249789	0
38164596	0
8436512	0
1351333	0
9009057	0
36409586	0
42902115	0
2165866	0
28033504	0
18725383	0
24806762	0
40079416	0
1126887	0
35888494	0
5693091	0
5874716	0
15879373	0
15529170	0
12422174	0
13612561	0
9924534	0
16002384	0
38594879	0
7722101	0
40030198	0
35955631	0
125700	0
10566529	0
31457355	0
19800187	0
2679171	0
32033503	0
3040403	0
37082239	0
12192929	0
36219497	0
675167	0
11922650	0
12598897	0
2488212	0
159461	0
14260431	0
7763968	0
31216040	0
16720240	0
3757789	0
4231611	0
17116116	0
30104769	0
7677747	0
7860075	0
10682703	0
6364977	0
6788364	0
22508647	0
7467056	0
3054406	0
9304601	0
3176799	0
3016051	0
4051193	0
45232808	0
15608104	0
45707617	0
11588296	0
48463546	0
13626476	0
8041407	0
10957080	0
10952110	0
4433187	0
35992333	0
9185335	0
10668473	0
27899755	0
13744190	0
4689020	0
21051033	0
31496756	0
5006964	0
44644947	0
18552909	0
8289288	0
4275043	0
9558325	0
4597908	0
4715683	0
8785140	0
11494017	0
632089	0
23033276	0
31858643	0
6216651	0
856149	0
4436267	0
1068044	0
3434179	0
17738472	0
18402810	0
6832008	0
40353	0
13600244	0
2123844	0
2892525	0
17620302	0
9652631	0
32929644	0
23918021	0
15577394	0
12450627	0
2350271	0
15828337	0
17061004	0
2316901	0
23117625	0
10164739	0
19066846	0
4556425	0
40400	0
409053	0
48999374	0
15318827	0
9579609	0
25740499	0
4492060	0
6519827	0
23399509	0
367353	0
3051154	0
7716522	0
3958766	0
4438155	0
20767041	0
1540006	0
8356158	0
33502632	0
30080066	0
1896543	0
22900323	0
20768734	0
5642641	0
2625652	0
7203460	0
24886617	0
1804197	0
44183	0
71082	0
31806059	0
1655005	0
22462506	0
9075272	0
562206	0
10675349	0
25456902	0
43842048	0
202489	0
15144747	0
4299762	0
4283537	0
5871173	0
998032	0
32900016	0
8124790	0
22311380	0
38930327	0
12734357	0
188040	0
35066733	0
42008766	0
20196652	0
14806397	0
4581938	0
4372241	0
1895656	0
14692519	0
1574964	0
2497976	0
1205113	0
8519028	0
1969860	0
3243652	0
3613988	0
37441355	0
36493488	0
8563936	0
1460128	0
34235362	0
7642112	0
25490881	0
42973278	0
4246026	0
6425187	0
5869953	0
20938768	0
28588535	0
34439579	0
25808602	0
