4227624	1
43699830	1
7633228	1
3523982	1
10745513	1
31513304	1
2445229	1
471029	1
1370704	1
13278378	1
18274425	1
17608909	1
89443	1
16655931	1
5688175	1
2445474	1
370094	1
38359766	1
9525836	1
73633	1
1283031	1
536881	1
1126811	1
27834683	1
426799	1
1139574	1
17951322	1
26355163	1
4594798	1
21015273	1
2558758	1
5878470	1
11713023	1
21180	1
2554065	1
12298570	1
1739213	1
132402	1
36643121	1
1544937	1
2012914	1
347086	1
1672556	1
254124	1
4218421	1
13163553	1
297482	1
2030073	1
10637097	1
16140259	1
6243370	1
381566	1
5148424	1
166344	1
14731840	1
452508	1
22924696	1
26361390	1
20922272	1
42222	1
372305	1
3492285	1
2600454	1
9636830	1
396222	1
3266557	1
213495	1
1335523	1
133574	1
7742799	1
27193032	1
1713680	1
1986309	1
3021796	1
5442553	1
572581	1
2522220	1
3471144	1
11705379	1
19149362	1
47765288	1
2364277	1
305091	1
1516562	1
3269896	1
5040937	1
19565	1
391032	1
698145	1
7430872	1
3104806	1
18588727	1
1705515	1
15057457	1
22656233	1
264943	1
3671998	1
2233949	1
3641814	1
26528657	1
93560	1
454299	1
100927	1
582675	1
1199811	1
16115	1
1418499	1
428491	1
2737904	1
35937207	1
8625560	1
2255118	1
14119542	1
310485	1
1011653	1
21058477	1
18935792	1
1939560	1
2654186	1
6650137	1
264036	1
2054147	1
21463129	1
34720486	1
2341936	1
27506925	1
1981457	1
2669976	1
9990151	1
4524288	1
17640375	1
3170332	1
863973	1
320172	1
9901812	1
665708	1
5750730	1
18505633	1
23502341	1
1853173	1
14985114	1
1065817	1
493772	1
8798565	1
1445252	1
32468110	1
60261	1
5875727	1
2025280	1
33867227	1
244327	1
201226	1
14208037	1
1961636	1
815795	1
47747608	1
3330815	1
645574	1
971189	1
15132755	1
7679269	1
1846570	1
558938	1
25046692	1
332336	1
2170969	1
1415110	1
206818	1
32106668	1
14006158	1
2089329	1
1179278	1
34227028	1
60957	1
791765	1
3270177	1
1494514	1
2338298	1
2049538	1
949765	1
27375080	1
36522532	1
43937	1
217669	1
27411965	1
27541384	1
42114713	1
3808336	1
2087724	1
242782	1
1087501	1
297368	1
44674916	1
2436421	1
8057163	1
600320	1
3386882	1
1758267	1
1619381	1
11263076	1
36779192	1
1072060	1
12395453	1
3333047	1
29278097	1
5101743	1
29781	1
6126163	1
11168347	1
212068	1
17630944	1
5023603	1
668817	1
299541	1
600235	1
2125245	1
4349006	1
1241117	1
19599977	1
1491262	1
19814575	1
287316	1
1851764	1
429657	1
853925	1
27608409	1
44018391	1
165684	1
24291006	1
1236122	1
750710	1
11850610	1
24588647	1
98419	1
8571577	1
8888406	1
7692452	1
28224334	1
12063071	1
163629	1
3021289	1
4501180	1
325421	1
28483859	1
2261551	1
2060822	1
15571	1
3636330	1
25940236	1
2721242	1
200822	1
3999301	1
4902341	1
6146589	1
313522	1
26515094	1
3930672	1
4012556	1
7446474	1
590778	1
312639	1
30456	1
14904213	1
2991653	1
8051382	1
18614296	1
1386060	1
1132667	1
7315862	1
8418557	1
123453	1
3809914	1
2721095	1
2696066	1
7391324	1
3761866	1
43602204	1
164017	1
1151458	1
25596	1
463243	1
555251	1
33336349	1
5659491	1
33135	1
5323543	1
1163320	1
1798135	1
1031292	1
651347	1
19791040	1
1048015	1
214937	1
7209245	1
18048976	1
2107573	1
639499	1
4723688	1
1703805	1
198099	1
39367636	1
898017	1
5399116	1
3935145	1
5447784	1
25059429	1
207340	1
686076	1
10095763	1
4343453	1
35340649	1
14057073	1
17941295	1
623452	1
9462004	1
213741	1
427989	1
4128574	1
17011	1
914212	1
148001	1
1223982	1
2432279	1
1753825	1
33949468	1
2526051	1
63740	1
233814	1
3217321	1
9626476	1
47778457	1
5821603	1
18736140	1
31893571	1
2257241	1
2345704	1
44363950	1
27256691	1
169966	1
1408149	1
33221432	1
41701076	1
4309884	1
23702612	1
4142996	1
17758010	1
16437592	1
8702057	1
1091971	1
45506550	1
29219286	1
36143323	1
24643370	1
703158	1
27421749	1
29160333	1
22842262	1
3699819	1
310171	1
9752749	1
11893608	1
928269	1
6449665	1
1817766	1
40842477	1
3633624	1
2492458	1
3562073	1
8225476	1
15620171	1
25083485	1
4254636	1
11830482	1
35911612	1
42796093	1
14979283	1
30307	1
14197936	1
3317618	1
393496	1
26584533	1
32782057	1
427131	1
405504	1
21133194	1
8492903	1
616805	1
35814793	1
20765855	1
32789896	1
5179536	1
48157764	1
2519747	1
5476214	1
38499897	1
296994	1
2175063	1
8846725	1
1657123	1
5306304	1
2706105	1
3024705	1
5254479	1
26546362	1
2375811	1
7626	1
4102991	1
12267646	1
3554755	1
30227240	1
11059900	1
40852758	1
20185911	1
167802	1
6549578	1
7639376	1
32077676	1
98676	1
3700577	1
4585230	1
43438798	1
4223494	1
6022134	1
18902161	1
9535065	1
37954711	1
3746658	1
20522030	1
3766939	1
477701	1
4322416	1
5511294	1
1361956	1
3395785	1
1566878	1
18949410	1
11211958	1
1030000	1
30873176	1
412595	1
21089855	1
29774	1
1552655	1
47767217	1
19345304	1
1468613	1
48702334	1
34409677	1
146791	1
353852	1
31306393	1
41307802	1
32628	1
2204383	1
513090	1
30873695	1
13965467	1
40637914	1
15982199	1
5145148	1
331124	1
313322	1
7259078	1
1526958	1
600351	1
15895443	1
26738341	1
4343543	1
11091078	1
73585	1
9050172	1
1871878	1
7092776	1
18537242	1
34028611	1
2972314	1
289900	1
5950855	1
5317115	1
2150438	1
8669854	1
11958051	1
2711172	1
255195	1
4221544	1
590124	1
2845394	1
4143088	1
660118	1
36580459	1
5965468	1
1823477	1
4035033	1
1028460	1
6271078	1
5308296	1
33777	1
89446	1
242864	1
208200	1
978712	0
20838286	0
45656710	0
3031829	0
12466564	0
9886629	0
19093617	0
36008967	0
42931635	0
18160020	0
13017365	0
22842501	0
1004834	0
12757722	0
164671	0
1029559	0
2121308	0
4819754	0
32029709	0
6702383	0
447418	0
12133348	0
4943170	0
376861	0
14625352	0
18831901	0
19262396	0
3324685	0
161131	0
36654640	0
40902401	0
2634655	0
20928196	0
43840387	0
3021397	0
29213005	0
20200650	0
26779055	0
1900966	0
10835094	0
5794739	0
2583348	0
38357888	0
8603410	0
19009754	0
14811589	0
28687795	0
6211478	0
3422885	0
2847039	0
13291867	0
6034708	0
4258501	0
26641095	0
5118810	0
1879099	0
44799484	0
4762262	0
13758554	0
30265677	0
246770	0
21745805	0
15402549	0
449832	0
2292560	0
1160796	0
37157814	0
120967	0
525961	0
10261919	0
18379628	0
6465884	0
121687	0
2452433	0
1308352	0
2275775	0
3625380	0
4320577	0
41622124	0
535872	0
21194766	0
39002313	0
13788206	0
21842389	0
1735239	0
27372721	0
692602	0
26926740	0
2636162	0
5540927	0
11091336	0
34210453	0
23401841	0
26040875	0
5130291	0
207949	0
40829300	0
21608665	0
1181138	0
17695471	0
1267478	0
15641570	0
31566581	0
26238764	0
747940	0
116804	0
33238412	0
7440514	0
25528834	0
1897061	0
131541	0
20721502	0
5120920	0
5141312	0
5871438	0
6232035	0
4110795	0
5826451	0
42443496	0
131744	0
26519606	0
4786652	0
15290207	0
3604948	0
43053279	0
19002349	0
18515592	0
12660230	0
20913062	0
4991605	0
31439529	0
5234814	0
6292644	0
17186994	0
23428062	0
8776629	0
26441168	0
2056131	0
17863839	0
134407	0
8115391	0
10216625	0
14245017	0
11361329	0
4388017	0
27266889	0
449687	0
13910780	0
13127345	0
21912813	0
34688090	0
6152738	0
2414984	0
2006866	0
36649136	0
181660	0
5304004	0
2395656	0
6116845	0
39335915	0
29611182	0
973064	0
851285	0
107616	0
16951030	0
622489	0
1587204	0
18804351	0
2081553	0
8847725	0
30780644	0
523761	0
6264730	0
654457	0
13148912	0
34281915	0
2422067	0
12785972	0
5619198	0
22701910	0
3728451	0
407806	0
1589850	0
7188513	0
12077473	0
1164394	0
1281891	0
8378028	0
31380051	0
11710001	0
15981473	0
7211520	0
3791950	0
1282012	0
9628133	0
1767458	0
11966647	0
7118448	0
20836992	0
20152597	0
14967816	0
357100	0
20619595	0
5904277	0
18889078	0
8173854	0
20297308	0
14025970	0
4222813	0
18320823	0
9155258	0
8240734	0
1583930	0
14944747	0
17325668	0
2730141	0
36743061	0
5156577	0
1996804	0
23209	0
5689764	0
14828851	0
5249445	0
27292087	0
37918212	0
590833	0
2549276	0
196895	0
2369972	0
42951484	0
34320532	0
21222129	0
6339564	0
38306368	0
23391826	0
46524772	0
20439501	0
5097414	0
1908645	0
8194111	0
2680922	0
44433849	0
3131347	0
12188758	0
14035224	0
4664620	0
11982835	0
29432474	0
5746281	0
6068224	0
6025794	0
16018985	0
36045095	0
19007503	0
1969008	0
22786285	0
46226003	0
30033783	0
1919722	0
23622396	0
21491724	0
1591243	0
43012349	0
24052353	0
35888147	0
12711892	0
28421167	0
4173832	0
29113544	0
3463414	0
6707481	0
1301763	0
29793699	0
1178093	0
2253264	0
25368510	0
12422907	0
29180321	0
5063865	0
1976910	0
315197	0
8719159	0
21781970	0
12499026	0
131025	0
357268	0
717718	0
8657776	0
42663364	0
20695355	0
192819	0
5981459	0
17088644	0
4389532	0
18553759	0
23062067	0
35634436	0
1019443	0
1079407	0
11951839	0
6629957	0
6901343	0
44314793	0
3978304	0
17194241	0
1736051	0
319195	0
17025826	0
8654882	0
3920142	0
7544361	0
15543995	0
13439087	0
43741305	0
2758614	0
5027282	0
20971993	0
1003334	0
5747303	0
2276322	0
7694204	0
41610962	0
27788112	0
2461337	0
35518560	0
31520647	0
22972067	0
2107111	0
12844752	0
14493042	0
28078976	0
957770	0
2706183	0
5155589	0
3401492	0
30626621	0
25588761	0
7970875	0
14565861	0
12076108	0
1042992	0
524768	0
11053684	0
44939997	0
4748941	0
4038066	0
5028311	0
46573	0
44101313	0
38319106	0
22687532	0
45211590	0
48874	0
31974979	0
21887719	0
78918	0
8941254	0
6388322	0
2755188	0
27918343	0
2899910	0
11023866	0
1844287	0
9435542	0
24018674	0
2371238	0
12391628	0
37530236	0
6815028	0
807221	0
14335628	0
107744	0
834517	0
1633283	0
11184232	0
328953	0
36105018	0
17771250	0
9433127	0
134168	0
150428	0
1628205	0
30317745	0
355497	0
1746767	0
1189232	0
458022	0
38294174	0
6332867	0
21017229	0
39526909	0
30746083	0
19410524	0
30132912	0
26468000	0
349770	0
42034567	0
30241673	0
16548782	0
1151652	0
3834830	0
34167294	0
24049350	0
32427485	0
2511170	0
38699785	0
36530417	0
3335856	0
36766429	0
8949458	0
27107999	0
17926807	0
5086034	0
41578704	0
1490953	0
4225643	0
2744652	0
30101340	0
19929385	0
8744008	0
17493529	0
32050054	0
14365788	0
39019290	0
24301225	0
34530469	0
266138	0
21717839	0
5329718	0
10334144	0
22357213	0
4056977	0
15835247	0
15864524	0
1630179	0
6814362	0
16288830	0
8570584	0
6913731	0
859014	0
31216089	0
18727578	0
48684687	0
13505359	0
23538601	0
4422391	0
2573872	0
22479377	0
3152356	0
35794853	0
29594943	0
18760018	0
43022485	0
40117636	0
20934538	0
29533784	0
2469585	0
7412780	0
104897	0
26818059	0
28773683	0
9538769	0
23591347	0
1167367	0
29823108	0
4127625	0
7120558	0
8830252	0
12787258	0
23777795	0
1499477	0
2366820	0
412488	0
30319885	0
149813	0
3506049	0
23457348	0
4256662	0
6537284	0
5562657	0
18782755	0
15114339	0
17111693	0
11767381	0
23390022	0
5692244	0
129694	0
6390026	0
1502578	0
45717756	0
18468777	0
125185	0
3056453	0
8933920	0
584121	0
2244335	0
14300292	0
19993278	0
47720785	0
114099	0
