5409713	1
12585331	1
916832	1
31579365	1
3909212	1
7355722	1
7438603	1
33809	1
2033326	1
39712945	1
33171198	1
34401068	1
18933313	1
29100357	1
43699	1
2696668	1
736856	1
827076	1
130887	1
596238	1
3626555	1
20363160	1
27131618	1
19899707	1
32957786	1
2832699	1
5984444	1
231732	1
34169133	1
851721	1
15784818	1
920799	1
11286695	1
47392864	1
1678987	1
130796	1
1920132	1
1127106	1
126637	1
783962	1
2370398	1
1454863	1
128727	1
11693231	1
493176	1
5837433	1
118477	1
8627638	1
82764	1
252753	1
2301248	1
294708	1
12593637	1
170395	1
19321535	1
9811228	1
7018010	1
38339047	1
10093697	1
841967	1
26080181	1
9193702	1
5986693	1
1885756	1
30583	1
244035	1
7546142	1
30582813	1
5707858	1
1409532	1
22140963	1
55268	1
19676143	1
27763865	1
7640363	1
3715735	1
18703146	1
24931	1
352365	1
6532262	1
5879203	1
7302053	1
1018884	1
24503891	1
69236	1
1105850	1
7773571	1
24342889	1
3770875	1
463810	1
771466	1
5424276	1
23535509	1
2723810	1
11280983	1
30531161	1
1256958	1
21547018	1
26085769	1
178571	1
23909440	1
16781446	1
19907719	1
974132	1
126646	1
3749716	1
17357202	1
19392028	1
128323	1
128310	1
5477884	1
5455593	1
25127146	1
859401	1
1921696	1
18707482	1
194832	1
25497278	1
1053138	1
489674	1
9936589	1
7978057	1
5058291	1
34493624	1
3133636	1
358176	1
6348882	1
10096452	1
468998	1
625036	1
1910939	1
20860634	1
255613	1
896422	1
22740291	1
11465603	1
10544911	1
4585123	1
18532340	1
4149496	1
510038	1
2387993	1
217370	1
1016672	1
4291756	1
14679979	1
1019536	1
57614	1
1214817	1
890421	1
27122	1
5612299	1
21694306	1
11611273	1
234219	1
3190583	1
8639560	1
5272043	1
22237666	1
15757479	1
2416403	1
256734	1
16800	1
5145361	1
19984080	1
9421	1
2845790	1
37483749	1
3700980	1
373469	1
31640309	1
30486681	1
13212536	1
5313758	1
17721419	1
5114409	1
4140808	1
37444095	1
2307493	1
3774311	1
3250849	1
113198	1
7101495	1
18416026	1
14849617	1
7121106	1
26311442	1
5795755	1
33124	1
3119733	1
261520	1
165981	1
52548	1
34502762	1
407116	1
34761286	1
23526887	1
15236789	1
22441647	1
1656421	1
15570373	1
11719684	1
23895165	1
178544	1
174369	1
7059	1
474724	1
2046040	1
13774535	1
1019396	1
132324	1
33814669	1
7740237	1
33954977	1
3946794	1
2531109	1
1020096	1
22464792	1
5165228	1
5277212	1
242701	1
40588185	1
2100494	1
210568	1
11729895	1
21667140	1
37041381	1
1019497	1
4921802	1
10661023	1
3577078	1
317126	1
2583730	1
475370	1
315471	1
191035	1
7712	1
996542	1
14644193	1
1465404	1
41177731	1
132270	1
4291668	1
12845577	1
3069622	1
1223120	1
1959470	1
14850676	1
8240341	1
1478097	1
21378690	1
1014722	1
9402538	1
26491446	1
58683	1
132429	1
1045416	1
2139818	1
13363109	1
26252464	1
173212	1
6619569	1
201908	1
132450	1
42956241	1
1021805	1
782627	1
1864641	1
11615027	1
178566	1
10019205	1
11339871	1
590771	1
372770	1
4676869	1
9099663	1
1020306	1
10993	1
3684476	1
22477060	1
10058330	1
4046679	1
1462317	1
549290	1
16615360	1
2504310	1
23396704	1
2577502	1
3701977	1
2646698	1
322159	1
485577	1
23892304	1
4545016	1
25180666	1
5284554	1
6635220	1
23686385	1
446709	1
780487	1
2420311	1
27302368	1
3687832	1
5023832	1
1313935	1
113362	1
31708902	1
1518771	1
217366	1
27906936	1
28369682	1
2771162	1
20890307	1
1161075	1
990309	1
920782	1
770664	1
30876822	1
132286	1
28462499	1
1021659	1
1977274	1
28228436	1
1916850	1
1019533	1
21485871	1
26788971	1
32113090	1
176368	1
3236995	1
6114398	1
5271972	1
126623	1
10814079	1
4863289	1
1680125	1
4777876	1
3153657	1
2027785	1
61302	1
449823	1
145885	1
23332	1
13276	1
8672725	1
155547	1
29360094	1
1021846	1
1171278	1
5273642	1
6913492	1
14658756	1
1565971	1
34460896	1
2830807	1
14520880	1
917166	1
2156334	1
130810	1
4102941	1
172551	1
44299	1
1164554	1
24008564	1
234740	1
2701981	1
59765	1
5079984	1
132311	1
394578	1
682679	1
1019502	1
1157263	1
38290141	1
42105970	1
38566252	1
8073368	1
208826	1
279660	1
132261	1
18801404	1
4019467	1
9439912	1
920788	1
41671583	1
31832416	1
31824878	1
25416893	1
187541	1
64705	1
45420	1
2889303	1
30334654	1
1057081	1
6987268	1
20953138	1
23645664	1
25407856	1
216885	1
18456897	1
2329187	1
642523	1
42756924	1
6717056	1
709756	1
1362543	1
13204944	1
849721	1
3886667	1
19907675	1
410190	1
1012186	1
11247	1
26033941	1
1017806	1
627269	1
12804927	1
1449874	1
4864587	1
65614	1
24387802	1
8439740	1
1927888	1
46449292	1
439501	1
25479363	1
11734563	1
7777273	1
44240	1
996208	1
11820	1
13133644	1
427252	1
1825517	1
564181	1
4016872	1
9890222	1
39524994	1
2350495	1
30236979	1
201697	1
15555619	1
2987792	1
7530662	1
6556798	1
130844	1
911471	1
1021909	1
132115	1
5584481	1
1262985	1
271956	1
24311710	1
130799	1
295998	1
7958355	1
6167146	1
5992588	1
12798	1
3607029	1
5495095	1
779477	1
771860	1
3469545	1
1643230	1
33469580	1
202978	1
202402	1
1019375	1
1086295	1
20745109	1
4636549	1
169780	1
115925	1
1568105	1
2293357	1
9865610	1
5930881	1
132021	1
2959939	1
2138013	1
345469	1
790206	1
1407141	1
40835477	1
904573	1
32852126	1
1923870	1
2927	1
31332026	1
128253	1
920772	1
3095020	1
496982	1
815843	1
50549	1
2682331	1
1021663	1
6278792	1
2338903	1
34290862	0
3869776	0
5542206	0
31335052	0
1257349	0
38434833	0
4919500	0
2536713	0
38589670	0
886782	0
31510555	0
9096813	0
13791053	0
16073908	0
2502736	0
30154139	0
27202839	0
9449587	0
35684401	0
3683490	0
26583623	0
9386382	0
8002855	0
14137682	0
17493291	0
45359741	0
2856074	0
38349252	0
7603600	0
2613807	0
2803730	0
12235885	0
13722717	0
22190565	0
38645843	0
2228794	0
15087942	0
33595030	0
29477282	0
7811377	0
2213701	0
2805325	0
38046894	0
12171868	0
1694380	0
24203254	0
14881321	0
34224014	0
9858320	0
25407291	0
2575444	0
1605347	0
3135654	0
90531	0
561995	0
22474212	0
7473233	0
10367007	0
46269728	0
2017805	0
3915845	0
4503430	0
1460127	0
16031680	0
15939752	0
4113636	0
4884888	0
6718747	0
41219415	0
2547388	0
31000989	0
9987647	0
31581855	0
25208561	0
129040	0
5793162	0
6701719	0
17425641	0
1901715	0
16638633	0
1866159	0
23728675	0
5645250	0
8679819	0
2882024	0
12989152	0
20333647	0
23928297	0
530086	0
308272	0
1067180	0
1558201	0
1129111	0
1769420	0
10540381	0
43550188	0
40287334	0
37279992	0
3531812	0
4981692	0
342429	0
5578858	0
5656583	0
45294185	0
6461907	0
5469049	0
7161386	0
6551416	0
15132393	0
12665688	0
5659106	0
43122409	0
126744	0
757269	0
3578206	0
2235263	0
3828381	0
4145634	0
6228597	0
4560078	0
329394	0
5882840	0
3325208	0
42479539	0
2308133	0
45554810	0
23421930	0
31096367	0
11914087	0
1263688	0
4370499	0
675632	0
2351061	0
1369838	0
30057197	0
2636227	0
6913556	0
26624224	0
2862504	0
14936881	0
12645901	0
266313	0
5129723	0
22391134	0
2730790	0
31588241	0
40826668	0
11249407	0
32551834	0
40478452	0
6025381	0
22610827	0
34440491	0
7170191	0
43584614	0
4118940	0
8165499	0
40714155	0
5728642	0
29799472	0
25782855	0
1945838	0
4479337	0
15827013	0
4171610	0
4944155	0
3386126	0
3181057	0
1493527	0
16241695	0
2262952	0
20379238	0
4344139	0
33006552	0
2532934	0
14274966	0
643343	0
6706238	0
15678609	0
3401969	0
23846223	0
14024441	0
24486064	0
11962058	0
23974211	0
1776750	0
9992949	0
2706358	0
7661570	0
2142281	0
8532019	0
13471328	0
32597653	0
6071197	0
2482601	0
39750676	0
29780167	0
25909008	0
17367018	0
1782178	0
864861	0
107929	0
41810720	0
8501986	0
26735553	0
2130382	0
12446805	0
1642890	0
96875	0
26900099	0
186560	0
111374	0
39897351	0
40726779	0
33504677	0
13071731	0
3525041	0
3556328	0
1871314	0
1375627	0
27439032	0
7920175	0
23932225	0
12861011	0
1760400	0
5284750	0
15576586	0
8570301	0
12866681	0
42889245	0
2274664	0
30114144	0
34034139	0
14660190	0
8989613	0
529282	0
274210	0
3834397	0
17149364	0
5935992	0
23455883	0
37926605	0
21748310	0
35637491	0
1680683	0
39275343	0
13247202	0
393536	0
5007334	0
3380977	0
18974687	0
872035	0
3126212	0
14297903	0
47197456	0
663797	0
1327582	0
3891890	0
32437927	0
36575403	0
15667710	0
13817793	0
49111652	0
19814851	0
16109299	0
33634922	0
15224171	0
21249338	0
9080494	0
1099381	0
34614768	0
3432229	0
759317	0
4502309	0
3630553	0
40445268	0
7397524	0
41682753	0
38570989	0
21467089	0
42530247	0
4126396	0
20227234	0
48780690	0
296218	0
9519360	0
19157467	0
1886390	0
314136	0
11475023	0
1298086	0
17926533	0
499651	0
13589614	0
5252297	0
19655007	0
40677136	0
701853	0
111087	0
4365775	0
34940315	0
195671	0
46658	0
4206683	0
41051644	0
2644974	0
30873840	0
14967037	0
12916218	0
1529524	0
39411459	0
28760506	0
13337503	0
43621807	0
3706430	0
10813204	0
12466528	0
12431356	0
29068895	0
15687756	0
46885307	0
19373292	0
2771856	0
41711722	0
3849394	0
16752543	0
3380042	0
5752877	0
2612500	0
793314	0
18570622	0
34757711	0
10701897	0
5934958	0
1520663	0
8384662	0
32220374	0
10888798	0
21044654	0
15960136	0
3744223	0
8885641	0
10387981	0
35736997	0
5587663	0
31184601	0
2326896	0
47421257	0
13712280	0
5711065	0
25047066	0
5987355	0
209396	0
1016394	0
13030228	0
2349275	0
10768810	0
24590968	0
9928440	0
20023938	0
27021545	0
10128924	0
446260	0
2225647	0
5139395	0
27439164	0
22830006	0
24417114	0
18621156	0
5801596	0
34003896	0
19063644	0
1929509	0
23209550	0
315439	0
5890692	0
8971058	0
48531714	0
244098	0
16916994	0
8568781	0
19767020	0
20993983	0
1662348	0
27106913	0
23255767	0
6090834	0
16094979	0
46952181	0
3100577	0
489939	0
36884442	0
1444462	0
35594519	0
14261811	0
7610607	0
7059746	0
7436789	0
1088509	0
30975631	0
30391067	0
18343259	0
10286314	0
32655651	0
1024229	0
26528549	0
946273	0
168902	0
46759706	0
682973	0
84643	0
16593767	0
5342884	0
3198568	0
420666	0
6426049	0
317338	0
28918473	0
8772658	0
5588159	0
20591391	0
3475003	0
3436642	0
122318	0
21413741	0
23967594	0
9493460	0
24449154	0
24679539	0
18022189	0
29693652	0
116697	0
39721052	0
8983189	0
4521599	0
15032538	0
2902125	0
6244450	0
3845438	0
34236470	0
34435951	0
14322418	0
430900	0
6220900	0
7566164	0
5181325	0
7754795	0
148687	0
408925	0
1117626	0
7002229	0
5699596	0
1098169	0
10746826	0
1082436	0
3095462	0
32412263	0
27727648	0
3565066	0
12685264	0
1430398	0
30492231	0
11353896	0
8588509	0
15380464	0
5291239	0
2264206	0
6267017	0
918152	0
143077	0
23120682	0
22342995	0
17381770	0
9116482	0
3120522	0
17874443	0
2893756	0
18117328	0
27678020	0
36538929	0
5986573	0
13097696	0
1410103	0
2102830	0
1126887	0
23083140	0
1483405	0
17731546	0
8202067	0
24135647	0
3547672	0
45266656	0
2328108	0
38303902	0
1715433	0
743451	0
41474098	0
45259054	0
2657614	0
23459868	0
