180326	1
264142	1
32474054	1
25798	1
1977320	1
3159232	1
899023	1
3756510	1
1007667	1
24894563	1
2681197	1
5942293	1
213055	1
510993	1
2213649	1
5690	1
980934	1
1558877	1
498969	1
24610898	1
81936	1
264573	1
631678	1
917589	1
337070	1
36035691	1
1358419	1
1784	1
773494	1
28906976	1
6657706	1
20492606	1
210483	1
4603732	1
14287462	1
4391301	1
1461667	1
1877539	1
434092	1
3727993	1
20366815	1
1121856	1
1254072	1
494448	1
411509	1
3305253	1
727115	1
376432	1
19221240	1
1277769	1
15957353	1
261099	1
449760	1
3959115	1
598405	1
17659587	1
25575617	1
4691737	1
641002	1
336417	1
338359	1
571739	1
1074356	1
2945753	1
15415396	1
4822	1
18961572	1
375708	1
202639	1
11275835	1
11371694	1
1824471	1
288100	1
2669287	1
1615850	1
12829823	1
385994	1
143666	1
34713873	1
1572254	1
3011385	1
109061	1
429448	1
3629510	1
2896000	1
80135	1
3389709	1
12865524	1
16218	1
3620695	1
2445061	1
953387	1
224985	1
30861635	1
3808633	1
64014	1
320768	1
308123	1
240966	1
1134956	1
323884	1
151163	1
20936410	1
1491659	1
21370	1
242977	1
24070376	1
57669	1
9750514	1
42914	1
18224255	1
4325652	1
57038	1
1300870	1
5247480	1
14383299	1
3536358	1
83180	1
3696836	1
971310	1
3853916	1
108986	1
12717223	1
859910	1
2812342	1
20461884	1
986754	1
9125185	1
380922	1
2746299	1
1419441	1
1125961	1
1116736	1
7737763	1
15855898	1
713996	1
526016	1
8127442	1
1033585	1
36896317	1
39832456	1
1369066	1
22192134	1
2855208	1
532840	1
930148	1
1847603	1
111737	1
53542	1
1107184	1
3086551	1
1394760	1
239811	1
36665874	1
33227645	1
27156806	1
3045799	1
247735	1
2729007	1
327950	1
56978	1
594781	1
1007120	1
103191	1
1813388	1
1139736	1
1436939	1
385990	1
37006189	1
396459	1
3049576	1
13941415	1
9481	1
218993	1
3383952	1
1458953	1
109022	1
633652	1
385250	1
5344498	1
3181931	1
1022936	1
4311124	1
2440590	1
894522	1
605336	1
477665	1
2152506	1
1781509	1
964634	1
671281	1
3082075	1
220549	1
35184095	1
2189518	1
359923	1
1459763	1
1838387	1
7212941	1
72742	1
9797560	1
1045779	1
128375	1
1474564	1
396605	1
59889	1
2685124	1
60355	1
2072717	1
4800377	1
764956	1
12204398	1
684168	1
39214352	1
4472994	1
32121	1
5330806	1
1860065	1
115979	1
563935	1
579740	1
609006	1
17041331	1
31918	1
61263	1
130077	1
7424798	1
11680581	1
903169	1
521074	1
153761	1
94829	1
248559	1
2274211	1
627315	1
16917859	1
24859580	1
881480	1
6268236	1
488640	1
850934	1
56231	1
8810155	1
1393527	1
68763	1
4760916	1
453158	1
27434656	1
11552	1
163157	1
1622199	1
167354	1
9970296	1
872879	1
260879	1
119240	1
274589	1
3047489	1
4146491	1
216932	1
363553	1
5517335	1
1312328	1
3653526	1
52029	1
22693330	1
4751650	1
180348	1
1127338	1
6561	1
355780	1
738406	1
5640760	1
1258359	1
242746	1
6330819	1
51624	1
5649	1
12199863	1
340391	1
4807105	1
51109	1
4036087	1
703217	1
1850574	1
274804	1
569138	1
4070894	1
1013498	1
118477	1
2400500	1
426231	1
317478	1
265179	1
2334708	1
55248	1
316069	1
9181362	1
8043340	1
457891	1
2168948	1
160084	1
276154	1
36151286	1
283120	1
1699269	1
2212694	1
76349	1
47643	1
1276719	1
7955348	1
6367945	1
3090308	1
7899998	1
20452374	1
18994221	1
396465	1
3559003	1
19423046	1
7746922	1
619230	1
3593805	1
332070	1
739015	1
1741765	1
33719893	1
7032653	1
128549	1
26389977	1
9577	1
88426	1
9209651	1
5182628	1
925039	1
11782477	1
187911	1
654034	1
19813101	1
522342	1
35283660	1
1251838	1
78394	1
3143020	1
1390874	1
5762	1
5782673	1
1527673	1
1164544	1
2447981	1
12205763	1
502775	1
1087755	1
25280649	1
2114223	1
74656	1
17074655	1
153992	1
142494	1
208011	1
17147987	1
342652	1
278413	1
315412	1
228600	1
13904624	1
567716	1
4691807	1
20611504	1
670734	1
216170	1
5233335	1
1465328	1
2360999	1
1971462	1
36115576	1
30873450	1
12303804	1
798120	1
480670	1
38308	1
847835	1
790675	1
1070670	1
426007	1
2034529	1
17270137	1
343723	1
61407	1
1648694	1
29398558	1
302260	1
3356802	1
570419	1
3042741	1
34425781	1
66101	1
46227	1
11543085	1
28162971	1
14369	1
194710	1
819227	1
452558	1
38116319	1
233606	1
1052764	1
240842	1
553438	1
2420319	1
30781372	1
467096	1
9650103	1
10302232	1
4726694	1
34045733	1
82433	1
1623007	1
347424	1
404323	1
28750328	1
21557177	1
36571372	1
1583647	1
2347821	1
745215	1
530869	1
611230	1
2226258	1
5666	1
717789	1
6932302	1
2530531	1
8762164	1
913522	1
113883	1
778086	1
3211155	1
874036	1
944671	1
900011	1
86726	1
14419302	1
25613	1
4532390	1
1776351	1
2012535	1
637381	1
151314	1
6216986	1
127917	1
9900744	1
530686	1
835998	1
2267968	1
17186237	1
31460103	1
3910102	1
17700739	1
323058	1
3284521	1
1578907	1
482164	1
430052	1
1280806	1
5500002	1
717904	1
1651225	1
2271450	1
1046291	1
744519	1
35321329	1
6150593	1
131660	1
638418	1
1633826	1
23392082	1
1455843	1
4565183	1
21109204	1
1224390	1
21807472	1
3087350	1
214737	1
10230030	1
415088	1
149290	1
22993353	1
2390608	1
7696954	1
130965	1
37910002	1
10293016	1
21595634	1
510049	1
35554068	1
17535342	1
9552639	1
744723	1
3795306	1
436558	1
4255987	0
3411975	0
167300	0
406892	0
4801058	0
42069082	0
27026042	0
1686008	0
7253257	0
3506753	0
36057575	0
30883155	0
30869105	0
4312336	0
664075	0
72032	0
29329101	0
6661678	0
722459	0
1042739	0
104665	0
40123090	0
1398311	0
8549932	0
15624153	0
10765681	0
38621598	0
20335331	0
35583737	0
338757	0
3650113	0
1718018	0
31386131	0
410158	0
28730700	0
18666739	0
8025346	0
15923527	0
26333301	0
4272228	0
1579993	0
20314501	0
46226502	0
43245981	0
22561392	0
12173117	0
12482523	0
30071223	0
1061539	0
504015	0
313879	0
16671757	0
10637256	0
4671026	0
8722064	0
10031869	0
22929703	0
20561767	0
39472461	0
10284248	0
31103450	0
931402	0
22726744	0
3123117	0
41208931	0
20456035	0
2448042	0
179607	0
25759844	0
6592419	0
5929667	0
553272	0
32718792	0
7822718	0
4270546	0
1610906	0
27070327	0
6070579	0
44540552	0
480604	0
19803289	0
40314143	0
9450708	0
7871139	0
11576254	0
15928094	0
3268051	0
12138184	0
33629445	0
24740790	0
14064836	0
582064	0
1433289	0
9815016	0
30978	0
29259364	0
1149234	0
1682297	0
4446906	0
10256368	0
9444491	0
12264339	0
26312111	0
17737916	0
42683057	0
31810901	0
6733639	0
48684687	0
48129508	0
43990857	0
3461195	0
40527961	0
177417	0
3302313	0
17580759	0
7009268	0
24087064	0
29218153	0
12783244	0
31080148	0
10541439	0
132114	0
4784621	0
3851901	0
3905567	0
4661771	0
30799314	0
44723062	0
34012280	0
20869657	0
3633306	0
636831	0
328642	0
3404754	0
5872577	0
45059557	0
12992284	0
10707435	0
10041793	0
12453561	0
19249226	0
7583289	0
5030351	0
14938943	0
15526231	0
23016235	0
11312636	0
6221538	0
3705910	0
19018146	0
9787897	0
40559850	0
11494927	0
21942194	0
2248594	0
1093097	0
21050178	0
336481	0
117331	0
1948772	0
30848919	0
9516257	0
917636	0
6327295	0
604117	0
23928399	0
38340322	0
13564749	0
12030975	0
45162893	0
11197791	0
21188916	0
3196387	0
4748835	0
33277285	0
12254405	0
1196933	0
28498061	0
19849197	0
10755535	0
20623267	0
1753120	0
8606712	0
30145830	0
1842626	0
3120336	0
11268352	0
3923309	0
2501601	0
22219023	0
36206770	0
2814105	0
14985588	0
12894298	0
47648144	0
118707	0
22787124	0
1187231	0
17546560	0
161685	0
6274965	0
45718683	0
15751833	0
33207376	0
6886860	0
23394871	0
3320583	0
4551102	0
5226795	0
1194748	0
3513457	0
16305390	0
29220523	0
8011843	0
1982146	0
21096376	0
485418	0
5627798	0
4000070	0
2185700	0
17181299	0
36191961	0
15615034	0
10687788	0
4111351	0
4181994	0
3125067	0
4260534	0
1666791	0
2521671	0
28103627	0
9819696	0
115454	0
19986424	0
10127876	0
2388562	0
6047998	0
8332896	0
43930819	0
307734	0
4440383	0
48577214	0
12249554	0
30446118	0
13559869	0
825274	0
25910869	0
630000	0
7529337	0
36998078	0
42338182	0
18662520	0
15623555	0
651860	0
39145292	0
3550486	0
13314580	0
30179972	0
37622708	0
7076233	0
43948057	0
9236002	0
15349220	0
2760691	0
44342039	0
1220006	0
13813673	0
15464630	0
3958950	0
858519	0
19286389	0
40824273	0
6542032	0
537262	0
15972203	0
2455842	0
25241524	0
1156068	0
17334941	0
16504964	0
6896910	0
23739721	0
26588532	0
47862135	0
1391671	0
19339180	0
25521926	0
8831752	0
5873084	0
10419138	0
4744127	0
22790	0
44491404	0
22113453	0
1572224	0
690834	0
8662221	0
2682637	0
7542218	0
4313294	0
3752973	0
41714002	0
2587114	0
711035	0
22141	0
7382411	0
28915735	0
42318975	0
2957397	0
6167760	0
30479990	0
7200872	0
20634994	0
11422869	0
239613	0
38857390	0
12180314	0
3038438	0
549902	0
19468839	0
6166853	0
42588533	0
37269737	0
3039104	0
16770482	0
5623339	0
2439721	0
16110913	0
20127534	0
1609874	0
110087	0
22385441	0
6003221	0
12736178	0
30875975	0
678280	0
15235071	0
15516749	0
22774436	0
35192286	0
36992402	0
8757365	0
29778811	0
12452855	0
15681990	0
12925374	0
11220444	0
4562362	0
25554746	0
73572	0
17607736	0
18782229	0
944147	0
1525053	0
21811833	0
16880710	0
23964397	0
36233304	0
45576859	0
2577985	0
31526598	0
1199354	0
13229571	0
45334680	0
4613247	0
24441987	0
23839385	0
4772595	0
44047928	0
1508075	0
2623328	0
8099234	0
4176266	0
41675961	0
8504775	0
1749983	0
924791	0
16165359	0
27904	0
4010607	0
13086906	0
13683664	0
119580	0
35553751	0
1290764	0
1025819	0
31383067	0
10049683	0
5805191	0
7316159	0
33317576	0
18684417	0
6007618	0
6726959	0
328525	0
842133	0
21165598	0
8876908	0
34425026	0
45043032	0
3450385	0
128302	0
16459154	0
12996485	0
187769	0
15114783	0
20150281	0
28947819	0
18351770	0
27854433	0
6609	0
2946054	0
1260478	0
12032100	0
7035320	0
7530205	0
17495805	0
12137417	0
1675515	0
43356706	0
17853193	0
2717999	0
31151514	0
33624602	0
31773051	0
6453401	0
783744	0
16232506	0
12936746	0
13196215	0
12372495	0
24699777	0
8372161	0
17754730	0
4080179	0
1190332	0
3859144	0
36801539	0
42090187	0
11249259	0
1959099	0
25564981	0
22170921	0
6783040	0
10103181	0
1977149	0
38092435	0
40470071	0
733769	0
16863701	0
16063665	0
22717837	0
13830922	0
20497249	0
225516	0
21122927	0
5364159	0
798179	0
43568794	0
5169883	0
10157505	0
15442169	0
5255238	0
5373092	0
28827611	0
24793795	0
838384	0
6825430	0
1707224	0
28275277	0
29704396	0
22390757	0
1085163	0
46802331	0
38397799	0
18731503	0
9408504	0
16461	0
18691315	0
6046544	0
11365484	0
13709057	0
10890335	0
43922	0
18411127	0
37715324	0
8522908	0
26562332	0
2384243	0
17812419	0
1575349	0
19475123	0
10042132	0
3167272	0
16842683	0
19651550	0
17649674	0
47985999	0
36467962	0
4737747	0
