604593	1
6463086	1
85284	1
171191	1
3694526	1
2526200	1
741950	1
196470	1
6855474	1
458861	1
4443047	1
2017788	1
1227304	1
1012148	1
147093	1
26319959	1
34517693	1
3760531	1
24423	1
267366	1
47180	1
1202615	1
1093392	1
39453796	1
2174683	1
37354107	1
23855	1
13524292	1
1881808	1
17125819	1
1105870	1
4736401	1
4734984	1
10780331	1
1093655	1
11114	1
165820	1
73213	1
3535484	1
12529511	1
338256	1
14279397	1
1004103	1
14194735	1
30961519	1
24286	1
4579407	1
3097946	1
41969822	1
6371386	1
12516323	1
5935	1
18047	1
28436	1
12697239	1
1774957	1
8613441	1
6233890	1
53090	1
24677039	1
13817510	1
5988254	1
1567821	1
4893354	1
335690	1
18710	1
92508	1
25840	1
18112306	1
1999731	1
4483693	1
17074655	1
280929	1
1728773	1
32511383	1
24056911	1
12734	1
25981549	1
3675032	1
9364067	1
1007455	1
6602650	1
2662227	1
12524602	1
750974	1
3345744	1
747853	1
2864459	1
2909488	1
2872016	1
6160801	1
233717	1
746426	1
2453848	1
5535676	1
2288113	1
244747	1
7621673	1
468671	1
25243094	1
44910066	1
4528513	1
750962	1
4340293	1
27964	1
2269151	1
2327111	1
20358331	1
1788771	1
2604859	1
32908773	1
846738	1
23409636	1
2183756	1
24542769	1
26538	1
939787	1
12023074	1
34764141	1
10319585	1
273766	1
26143568	1
12466187	1
264089	1
196934	1
17560546	1
1327691	1
82505	1
47909	1
4982626	1
908752	1
3789613	1
94623	1
1370003	1
6205030	1
1177	1
791211	1
3588048	1
1619422	1
469613	1
1802083	1
4820911	1
2913594	1
5520646	1
33126817	1
25024133	1
347713	1
41882251	1
582967	1
2060462	1
2638569	1
351269	1
26545219	1
9763211	1
1135383	1
3898144	1
28818361	1
1579575	1
5870370	1
47437	1
6625937	1
391255	1
241133	1
3546955	1
991577	1
1336708	1
222409	1
65806	1
57654	1
46950	1
163276	1
13762484	1
2385987	1
3460009	1
3433004	1
3794187	1
17087768	1
1437994	1
19573659	1
83010	1
2121497	1
2268347	1
145088	1
230417	1
2704571	1
36636	1
47849034	1
9130903	1
22947142	1
1177370	1
247868	1
18945673	1
1840375	1
1948686	1
23533022	1
11357394	1
96603	1
33544044	1
35109124	1
38337	1
12164099	1
16359124	1
23088110	1
287567	1
37136549	1
3796570	1
1837406	1
164646	1
21433	1
508197	1
3529881	1
3227013	1
5699360	1
31966461	1
106915	1
30865526	1
4516429	1
1870494	1
3304176	1
10172	1
181397	1
1214447	1
37613554	1
377842	1
1065432	1
1706693	1
1150429	1
18162614	1
1363511	1
4197599	1
3579094	1
1139661	1
402061	1
1931147	1
10864731	1
22711274	1
7921801	1
2892130	1
161781	1
12987764	1
1062350	1
18890457	1
70502	1
380805	1
195513	1
31217017	1
1214418	1
547638	1
72735	1
390003	1
166420	1
165741	1
17986492	1
30865554	1
2643852	1
125307	1
793068	1
215849	1
4419685	1
1275256	1
26868000	1
166543	1
2203640	1
10501242	1
144218	1
183968	1
19128065	1
47261927	1
10065274	1
36743254	1
549088	1
214954	1
42702428	1
46601	1
2183912	1
2208391	1
5772075	1
16265156	1
25052868	1
16616	1
27749366	1
10779381	1
2013661	1
19685	1
2986929	1
605245	1
15143819	1
18110646	1
556099	1
12785745	1
762899	1
3251838	1
2226815	1
26660024	1
44072801	1
354286	1
6891048	1
1425295	1
1048921	1
212394	1
2642180	1
38099	1
6343784	1
592263	1
259531	1
167633	1
1429047	1
497394	1
1528078	1
4437034	1
1972335	1
202821	1
10321471	1
221460	1
3875189	1
624953	1
1340668	1
1878224	1
10065456	1
15272631	1
168267	1
3542155	1
21785880	1
205512	1
350666	1
412114	1
6343748	1
4030028	1
14085871	1
478354	1
321242	1
200261	1
414417	1
107642	1
1750547	1
106128	1
998058	1
94128	1
12294218	1
24218	1
23833915	1
18372	1
228195	1
2483671	1
1804160	1
1801631	1
1054175	1
3429066	1
9725179	1
25283302	1
24469644	1
1931587	1
5223694	1
3111390	1
36115576	1
1647891	1
150477	1
2672171	1
20525623	1
10597220	1
1492207	1
40879488	1
16069692	1
583452	1
1971132	1
5255961	1
7919851	1
7300427	1
54204	1
6521197	1
11987536	1
3350874	1
8091849	1
3116503	1
26122000	1
333155	1
4956231	1
1204451	1
4180737	1
2736310	1
663763	1
1946688	1
7901936	1
4550619	1
46781568	1
624995	1
1152297	1
7866009	1
2918019	1
32745	1
757045	1
718212	1
227809	1
6224113	1
13323871	1
1259358	1
30304454	1
2807818	1
93783	1
25915096	1
167391	1
18487586	1
1105364	1
130539	1
5232745	1
10371811	1
460511	1
5949108	1
96763	1
276748	1
193777	1
355462	1
497619	1
106132	1
85080	1
3531812	1
17209547	1
2298402	1
2602313	1
21833244	1
4801957	1
1905618	1
612490	1
22027399	1
4715683	1
18168813	1
10382425	1
6647902	1
70603	1
701113	1
3998770	1
2351383	1
10077868	1
30995183	1
172798	1
6897440	1
871065	1
1727520	1
69715	1
799417	1
5195311	1
204310	1
8758831	1
912703	1
4436511	1
2390379	1
219952	1
16676528	1
722246	1
13137344	1
28033012	1
11280540	1
1628441	1
10662674	1
9183438	1
893504	1
5875541	1
3091769	1
38830709	1
9325398	1
351331	1
179766	1
4723009	1
6556711	1
15427766	1
59378	1
305460	1
92884	1
15036284	1
24020	1
11512748	1
2611207	1
18080036	1
2560010	1
83240	1
83660	1
1519591	1
10567936	1
81774	1
1089904	1
40212	1
17990997	1
4540268	1
22040809	1
159955	1
155406	1
654340	1
968237	1
3723334	1
12913582	1
2610467	1
1660334	1
16091606	1
198713	1
6579583	1
665597	1
6826584	1
9531810	1
381477	1
98011	1
3341597	0
4100903	0
1925953	0
1777029	0
34227349	0
287769	0
38942504	0
34150969	0
215851	0
2532674	0
3493728	0
23466835	0
21953884	0
42270609	0
430363	0
17143332	0
21682038	0
15048969	0
1490147	0
24480193	0
19970745	0
735427	0
1952666	0
23733712	0
16276316	0
93279	0
24748711	0
575873	0
2472635	0
36953731	0
21578341	0
166791	0
20835749	0
4699786	0
12376020	0
19983687	0
42514874	0
12130944	0
27700881	0
949755	0
25061822	0
11798819	0
46933566	0
40134345	0
17585357	0
3873302	0
14906157	0
15440981	0
39038607	0
2614529	0
29823462	0
35436281	0
91422	0
124760	0
117920	0
2205663	0
21235596	0
5830887	0
4400091	0
8385267	0
12737307	0
3681049	0
25811489	0
12085129	0
47840776	0
8516893	0
40851723	0
857536	0
22169556	0
2414505	0
184779	0
3818303	0
2970466	0
9717584	0
10901053	0
3004631	0
4988558	0
8642714	0
5505539	0
3934540	0
16772232	0
28579201	0
7130649	0
117577	0
593353	0
24097958	0
1769413	0
1526679	0
338740	0
17723841	0
19054573	0
18933592	0
2756655	0
579127	0
13921459	0
30864247	0
13521069	0
350398	0
22793415	0
6449093	0
9165961	0
5372145	0
29360478	0
8499256	0
10345000	0
10050363	0
23915588	0
135731	0
24505306	0
3744801	0
8996789	0
33097739	0
1597382	0
2750041	0
30768391	0
20683004	0
22657405	0
47812775	0
33290048	0
1930927	0
20998185	0
304616	0
129723	0
34220754	0
8846725	0
24700336	0
1615787	0
3353700	0
1431297	0
30637435	0
42289349	0
2044758	0
41473213	0
27789013	0
4981189	0
2784165	0
21566575	0
1548362	0
38292146	0
8073400	0
5279471	0
21196190	0
5413813	0
26198180	0
967931	0
20255585	0
164937	0
17341741	0
1382509	0
40601592	0
3098659	0
392283	0
29229263	0
5620890	0
22003217	0
12430948	0
4337378	0
6737009	0
36985104	0
6172467	0
36354315	0
1087745	0
114186	0
15499184	0
2204824	0
30419591	0
992380	0
714228	0
2077170	0
240614	0
33621174	0
41625626	0
25310964	0
14738854	0
657856	0
111241	0
5672	0
2639421	0
818667	0
853089	0
2149899	0
30001236	0
23595244	0
7023	0
1037995	0
7337423	0
14434425	0
7276078	0
18662532	0
12822026	0
101160	0
39374014	0
2338657	0
12629273	0
427778	0
31718230	0
9107044	0
9827734	0
1857324	0
162794	0
6942996	0
6488842	0
41073555	0
1597563	0
713361	0
41940958	0
16574481	0
14392654	0
10216667	0
190493	0
15789899	0
25887888	0
4608400	0
3236654	0
102147	0
41642505	0
3207308	0
33581493	0
772173	0
15610567	0
36623313	0
1741013	0
24610822	0
37574013	0
23024569	0
36911230	0
7459357	0
4373051	0
378883	0
122838	0
367550	0
1824450	0
3811973	0
8699142	0
250493	0
635172	0
62706	0
48486901	0
43958486	0
6554791	0
135761	0
4195762	0
22095743	0
11577749	0
43450596	0
22160671	0
21562114	0
510266	0
11936555	0
47376033	0
591632	0
666924	0
42094189	0
1448788	0
1370294	0
1442137	0
5090153	0
5185171	0
4696035	0
10036149	0
36475364	0
44745075	0
111189	0
39610607	0
12900237	0
13633893	0
824884	0
19038138	0
3717780	0
3170686	0
674073	0
18783055	0
34514957	0
3127882	0
2814911	0
5297144	0
4805193	0
26272135	0
7492601	0
1160478	0
19039322	0
19159312	0
39378972	0
32848715	0
40925200	0
91523	0
43191335	0
2895004	0
899786	0
18468346	0
8228798	0
6988552	0
946460	0
424768	0
41505967	0
46989369	0
12424414	0
3160631	0
5594239	0
1869986	0
1208583	0
11411933	0
12038714	0
810897	0
135942	0
31156955	0
11258043	0
21313014	0
25264939	0
7452255	0
313216	0
15864661	0
6955172	0
4470219	0
3561334	0
1239052	0
125607	0
27974996	0
55295	0
2547995	0
567809	0
1600571	0
32762573	0
751047	0
555251	0
1504072	0
48761188	0
35854942	0
1094570	0
19764410	0
172703	0
30472999	0
6737068	0
37650441	0
5792696	0
24610468	0
26759272	0
627734	0
32350676	0
7771120	0
23207671	0
122575	0
988821	0
25110354	0
8251954	0
43458917	0
28506803	0
1272235	0
28923759	0
38876937	0
25701511	0
36922253	0
35149748	0
42136482	0
2886725	0
4043658	0
8753447	0
12852251	0
30370851	0
32537440	0
16162671	0
3718514	0
1940627	0
9109209	0
16591861	0
1574527	0
41715915	0
23414061	0
32371910	0
10131512	0
49108157	0
367792	0
40034857	0
2710172	0
30908	0
10089398	0
547378	0
311208	0
22519729	0
36567144	0
31636202	0
8349364	0
8249001	0
13501472	0
5080291	0
2329774	0
19834573	0
6477503	0
167284	0
6631484	0
1208798	0
682265	0
6307530	0
1353710	0
42698173	0
3038978	0
13590930	0
6642771	0
6080022	0
43432609	0
30475912	0
621582	0
17925045	0
3544666	0
38857305	0
13168476	0
1132478	0
42521318	0
33637	0
4427842	0
453773	0
20920186	0
15172320	0
44154266	0
37989107	0
36684813	0
43006823	0
45601438	0
4792000	0
130239	0
1591268	0
15349690	0
7818303	0
412809	0
42817580	0
11904169	0
34288463	0
6429491	0
24897949	0
29024993	0
27922534	0
46210354	0
11086351	0
1508786	0
110746	0
15829685	0
9694141	0
17536591	0
954388	0
8691160	0
24928349	0
14567061	0
14514560	0
2481799	0
25726571	0
13063287	0
337893	0
14067564	0
2977124	0
21117286	0
3875033	0
377862	0
2740443	0
4687890	0
8317645	0
9292957	0
36063267	0
8317607	0
20757301	0
11774846	0
3982129	0
11966573	0
1745470	0
4318679	0
29563017	0
1354122	0
31033410	0
2759696	0
38228611	0
6512034	0
10427656	0
611262	0
4932559	0
17207922	0
2990096	0
17623143	0
5946249	0
4792233	0
11956589	0
3151724	0
1690260	0
13782063	0
4125005	0
6946013	0
225227	0
421320	0
21021389	0
218705	0
1008721	0
2012428	0
8470858	0
13171	0
12754137	0
31603487	0
7082485	0
7684901	0
40121355	0
18180554	0
424439	0
8222710	0
