2043453	1
4556130	1
8996233	1
212818	1
21009880	1
1134157	1
107469	1
55584	1
3645547	1
84936	1
68367	1
27074	1
9133700	1
542306	1
10997	1
627758	1
919225	1
135348	1
156423	1
768211	1
532186	1
1559328	1
2091495	1
141915	1
2747867	1
29845871	1
591324	1
13543872	1
16863278	1
274116	1
3189210	1
37358	1
243539	1
1142362	1
727800	1
3496834	1
5423364	1
21400985	1
51056	1
799388	1
611740	1
2469371	1
1609893	1
1600352	1
62247	1
363770	1
329788	1
2153818	1
28733	1
4330798	1
7453342	1
24514	1
18926068	1
385250	1
13240098	1
317478	1
177530	1
48340	1
25517228	1
4436	1
15308	1
1189490	1
44401	1
144865	1
37220	1
18611260	1
639967	1
630391	1
27862941	1
21485	1
374504	1
103928	1
8618948	1
54962	1
456389	1
235899	1
13980	1
1624732	1
182787	1
1054883	1
1192786	1
2464091	1
2350379	1
45281	1
465674	1
1228011	1
166673	1
1693055	1
18539	1
3028773	1
193225	1
5718941	1
85342	1
382182	1
355901	1
1177222	1
8067474	1
2160183	1
7607775	1
2040038	1
146311	1
4392892	1
162300	1
40017873	1
36112346	1
45475	1
156861	1
3127345	1
275181	1
868929	1
2616123	1
362136	1
31207	1
1727309	1
40098152	1
169774	1
18947910	1
2337014	1
93548	1
1083713	1
12757484	1
1077429	1
174664	1
130738	1
6026216	1
338634	1
22884290	1
922901	1
3095400	1
23597	1
731780	1
1739213	1
29498	1
1893665	1
37604765	1
20647902	1
696677	1
63531	1
5318255	1
788576	1
1426074	1
344879	1
24972679	1
437041	1
28935	1
2437781	1
299121	1
89542	1
13279	1
286083	1
301314	1
1105987	1
4432588	1
982566	1
172671	1
18948312	1
15653557	1
3705490	1
957859	1
4102665	1
41183756	1
919904	1
27628922	1
452162	1
1070053	1
639750	1
78144	1
42626	1
37697527	1
1147092	1
326849	1
2150754	1
15589401	1
2387806	1
111690	1
21629537	1
40047652	1
325714	1
913002	1
622402	1
29272927	1
1368525	1
9842433	1
428663	1
381325	1
241663	1
2887316	1
592627	1
2216967	1
657187	1
2465899	1
293288	1
293863	1
1916	1
22461	1
25016866	1
106335	1
38390	1
21702	1
10177947	1
18785212	1
5735467	1
798456	1
49399	1
172024	1
240808	1
3730010	1
13331280	1
38850446	1
189946	1
1444866	1
31921	1
406342	1
6605794	1
515094	1
888711	1
12689594	1
4249656	1
76988	1
5243537	1
3627272	1
118212	1
1826386	1
38195469	1
299181	1
424312	1
266437	1
3284846	1
25412792	1
3193758	1
22693559	1
302812	1
322192	1
129136	1
433274	1
3553460	1
662775	1
14862502	1
4781110	1
3469185	1
3958024	1
61949	1
3189143	1
26495	1
414186	1
9987562	1
353930	1
6984418	1
17633535	1
555406	1
43613	1
2193684	1
1006076	1
1427921	1
130448	1
682999	1
80381	1
396011	1
7008034	1
3557219	1
7292223	1
919306	1
538993	1
1357781	1
467367	1
9311	1
40898	1
23832566	1
313270	1
16829895	1
106664	1
528002	1
28764	1
52667	1
138252	1
112325	1
2049	1
677038	1
114549	1
1784286	1
29104033	1
437471	1
11924	1
7591	1
15233040	1
26889539	1
2901616	1
210973	1
178879	1
5002095	1
3653526	1
83449	1
3202683	1
24032	1
46253	1
27783	1
318378	1
3918467	1
10165024	1
89670	1
6583238	1
7858726	1
17736188	1
104869	1
77182	1
9109	1
215918	1
26229	1
27936	1
36107151	1
26024081	1
512318	1
31277	1
14417	1
1611987	1
1236730	1
25926714	1
235562	1
2843988	1
24960483	1
1127460	1
25584621	1
207199	1
7898351	1
11874881	1
1610004	1
4245851	1
1658893	1
192826	1
31542	1
57700	1
2019833	1
1117429	1
30299686	1
24791219	1
12243806	1
803118	1
11733797	1
496738	1
39190	1
169500	1
14941580	1
1897837	1
2302926	1
612519	1
156858	1
1063792	1
1350752	1
19479460	1
2630654	1
209948	1
23820776	1
133512	1
1487904	1
527385	1
2559144	1
32863244	1
20997040	1
624207	1
47548	1
1859	1
668984	1
213380	1
126331	1
33752599	1
132479	1
3808669	1
1514824	1
102024	1
9370886	1
14229	1
12541643	1
43307633	1
180209	1
23592	1
7023603	1
37306292	1
26350	1
2201634	1
71331	1
33599991	1
662294	1
1283897	1
335237	1
1335446	1
356988	1
415847	1
495549	1
21571391	1
16413778	1
547452	1
2916601	1
723126	1
4376380	1
549333	1
2952	1
1232825	1
146743	1
496406	1
97024	1
2848565	1
19603077	1
288292	1
1623007	1
1994744	1
856983	1
58637	1
58894	1
919879	1
7041747	1
4001761	1
600390	1
9837993	1
9807831	1
2694636	1
1119477	1
22319408	1
2332422	1
3377304	1
27943724	1
550321	1
18284600	1
560365	1
380922	1
495065	1
39468057	1
201485	1
159298	1
17685886	1
30875081	1
25217890	1
45106	1
76086	1
2404682	1
244073	1
2830368	1
22902826	1
4022752	1
4732627	1
714428	1
42799	1
24306	1
1967	1
44785	1
34467	1
536032	1
4983608	1
20647654	1
712395	1
1710687	1
24383048	1
4505722	1
1796347	1
146315	1
61849	1
639924	1
152623	1
289703	1
419952	1
3333003	1
232921	1
111675	1
2049770	1
6687494	1
93635	1
247464	1
58023	1
7169189	1
11114988	1
682089	1
13378970	1
111646	1
216434	1
77562	1
660960	1
753703	1
4742796	1
243904	1
23607827	1
1453010	1
12796	1
247216	1
29294207	1
982687	1
240683	1
39406	1
2347821	1
61166	1
325024	1
726748	1
18630681	1
197181	1
9446469	1
3766379	1
360381	1
2898679	1
782787	1
412232	1
42031	1
26254474	1
1213759	0
48503	0
23366875	0
98033	0
12375241	0
138193	0
21076673	0
10695921	0
26757824	0
1131056	0
1066919	0
27642540	0
346538	0
500089	0
6565531	0
817466	0
30858004	0
11249998	0
8634327	0
16332489	0
21697716	0
5380555	0
3750669	0
25161934	0
30857644	0
3566585	0
9798064	0
8193804	0
5798491	0
9846378	0
5849338	0
6789119	0
34778974	0
27303845	0
5126485	0
13101947	0
29769807	0
787518	0
6208052	0
118620	0
24233538	0
376086	0
2764410	0
7765207	0
39691217	0
17422735	0
2070249	0
6512464	0
7350886	0
7137098	0
44037235	0
4985570	0
8480946	0
9944661	0
45618489	0
4052389	0
2760502	0
2706013	0
3233293	0
20809987	0
2776841	0
1441114	0
19377005	0
12013787	0
42514136	0
782874	0
19745419	0
6504340	0
2228163	0
2944563	0
21719608	0
3681867	0
27618821	0
22397093	0
6774426	0
2464767	0
247468	0
7010962	0
998417	0
111243	0
16040676	0
37708662	0
12556294	0
550688	0
39943413	0
2376724	0
65133	0
12778690	0
10983679	0
43835502	0
20579679	0
108819	0
6815837	0
32432572	0
2212255	0
48716575	0
2275915	0
337426	0
34388292	0
16416770	0
47177821	0
2357976	0
296630	0
5897396	0
1040670	0
22511999	0
1846384	0
4046646	0
25739705	0
2973488	0
5909850	0
12871412	0
18488941	0
91432	0
37491209	0
21520076	0
14965128	0
29800604	0
9248381	0
826361	0
13954499	0
4125124	0
43243467	0
30880185	0
30714909	0
6715454	0
8641491	0
11768445	0
1060654	0
46309774	0
13331730	0
4487761	0
8535430	0
17814448	0
46832485	0
10274515	0
31212554	0
4808033	0
10027857	0
8398278	0
407215	0
3978478	0
9918058	0
22639669	0
39482521	0
41349547	0
41151933	0
24434387	0
2043571	0
5263148	0
12794035	0
33914335	0
1410398	0
8602129	0
8448672	0
36818458	0
15518746	0
12491863	0
142528	0
23861037	0
22667247	0
1187689	0
27930618	0
3872390	0
12244832	0
35969626	0
328908	0
4123306	0
20727271	0
20115368	0
11297338	0
5751222	0
44922531	0
38985543	0
38571288	0
5143839	0
16490836	0
13924598	0
4130299	0
2919832	0
3488411	0
3175736	0
30796115	0
1797939	0
9760279	0
8171001	0
4648447	0
463734	0
123160	0
2442855	0
10186106	0
3382262	0
2708106	0
48612306	0
34559883	0
4883316	0
14921026	0
18385117	0
22358287	0
15280457	0
1569687	0
5104607	0
40073010	0
2488304	0
494313	0
2710004	0
23031887	0
46995426	0
26743095	0
31129038	0
1658291	0
718320	0
470851	0
34409887	0
4973137	0
8600856	0
6523391	0
14762049	0
2594913	0
35207014	0
1521323	0
3195435	0
41313077	0
31983265	0
36082605	0
1303375	0
991657	0
11825593	0
1804745	0
5863337	0
39507558	0
329605	0
4004252	0
2117791	0
3498852	0
253929	0
4038066	0
373190	0
1475030	0
5616805	0
19157521	0
34871933	0
2430486	0
664900	0
24390423	0
16403269	0
42860849	0
118482	0
47862704	0
1628282	0
20264152	0
7836762	0
37134682	0
7773571	0
6945966	0
18000094	0
17737911	0
7642477	0
41319245	0
3827446	0
14292411	0
21492287	0
1520975	0
12076960	0
17894240	0
5063778	0
17130666	0
160790	0
13426524	0
3078031	0
6174726	0
1333670	0
2002632	0
11311353	0
567888	0
38003813	0
1695756	0
393391	0
3160022	0
4459575	0
393857	0
20299931	0
25623455	0
3493600	0
13036212	0
24767981	0
21506533	0
2239113	0
2080357	0
2537084	0
23922647	0
26001818	0
3690752	0
16769642	0
8589132	0
1154819	0
23140716	0
734152	0
14524076	0
17590519	0
313664	0
44050863	0
44925221	0
8983676	0
1235335	0
779851	0
27219146	0
16137033	0
32655783	0
28271953	0
1849987	0
5975930	0
12181935	0
11405206	0
2267404	0
393278	0
2623828	0
1473273	0
18950961	0
4714369	0
22119451	0
7497403	0
1748286	0
11939736	0
2647007	0
13505631	0
4324340	0
46818843	0
264788	0
12111949	0
16238637	0
12578245	0
6554615	0
41498670	0
16588762	0
298098	0
1077036	0
176536	0
482175	0
1546222	0
4955777	0
24432024	0
23216777	0
1783407	0
12254424	0
23549862	0
33496319	0
15851979	0
36037626	0
15796089	0
8372079	0
29371272	0
32068480	0
13916223	0
34016857	0
19620017	0
11506348	0
8780	0
3385463	0
755418	0
12821271	0
16038391	0
71052	0
3921300	0
2605015	0
38193617	0
11999024	0
2293226	0
19962868	0
378422	0
20185	0
393639	0
3834323	0
11361906	0
47092502	0
17296518	0
20644301	0
1097545	0
3643709	0
26122000	0
8747551	0
4825947	0
27698388	0
12015613	0
14417996	0
14864584	0
15854193	0
2203284	0
12255432	0
458818	0
6729649	0
13054404	0
38318277	0
3520255	0
32656349	0
1428716	0
9485612	0
3164023	0
6166498	0
27887889	0
292774	0
2616391	0
28430028	0
23532588	0
13671026	0
21310017	0
2796581	0
12913522	0
8112903	0
3650117	0
1037917	0
10019379	0
1131639	0
25595201	0
6669203	0
10912412	0
15304440	0
13303098	0
9843983	0
12159241	0
21536502	0
80864	0
39705985	0
1658436	0
1878714	0
19308218	0
1391761	0
15626958	0
802203	0
14333662	0
38501664	0
15454503	0
18693080	0
19215450	0
4315306	0
16456155	0
12270969	0
26283893	0
34300524	0
5497038	0
7497898	0
21843360	0
13471939	0
18588550	0
36885673	0
26933514	0
1187124	0
478841	0
22265473	0
7585336	0
1411138	0
48889893	0
38412918	0
28967604	0
110037	0
27929130	0
35989219	0
5907494	0
14966915	0
17717302	0
5587753	0
35315976	0
30983670	0
13916076	0
3833655	0
14133408	0
23951654	0
32881192	0
24668807	0
40446618	0
4269870	0
4739649	0
39925877	0
22186469	0
33613816	0
6114435	0
2909058	0
3233063	0
6343012	0
32234316	0
24514780	0
3796762	0
47402564	0
5743713	0
1284551	0
10282899	0
44295767	0
1518422	0
22787231	0
16813974	0
3609253	0
29239958	0
13202496	0
4413724	0
192401	0
27678785	0
23195511	0
1584778	0
1119784	0
4293661	0
