7104	1
22080893	1
218873	1
5272692	1
1638631	1
6381358	1
870648	1
6780351	1
919136	1
6303556	1
286853	1
166419	1
1029726	1
1167606	1
17103	1
714828	1
40673203	1
25347088	1
181579	1
13923376	1
4369399	1
781810	1
16388476	1
12787713	1
13510297	1
2447325	1
1736388	1
18434189	1
38459	1
7941778	1
13911035	1
1778475	1
36712302	1
10883856	1
729974	1
27291897	1
9751	1
1375477	1
17995644	1
2045683	1
2691268	1
30410	1
14292854	1
192920	1
4317592	1
499546	1
5715640	1
752184	1
237012	1
8491486	1
27930159	1
11581028	1
34933084	1
8242068	1
7351835	1
19914700	1
252137	1
1539665	1
15980	1
18984642	1
4669766	1
417493	1
4145332	1
57445	1
1279801	1
473186	1
11580327	1
5314898	1
656531	1
18443325	1
853831	1
4793443	1
2734589	1
6265454	1
751827	1
6112550	1
216342	1
491981	1
4488430	1
5066784	1
2126650	1
116920	1
32171391	1
1845368	1
385997	1
23454644	1
19640	1
32940197	1
6305010	1
134384	1
4010532	1
6124000	1
5244737	1
43113	1
1429771	1
540272	1
43409307	1
7354740	1
15825	1
1155178	1
27276173	1
2865794	1
29268711	1
26301553	1
548053	1
16518	1
5604187	1
9270721	1
137264	1
47443224	1
659310	1
788981	1
4255238	1
345113	1
2367693	1
3342050	1
763245	1
573829	1
594475	1
43936684	1
3093216	1
123612	1
6032393	1
12771208	1
29751982	1
2083364	1
6926553	1
170721	1
30036662	1
33990490	1
838629	1
6664330	1
5864313	1
939143	1
6210794	1
168576	1
1997184	1
17103721	1
377611	1
473146	1
394134	1
4417897	1
10683	1
20233238	1
2463543	1
17351	1
35397113	1
2558910	1
2809233	1
1013900	1
19652138	1
26743	1
11652266	1
7207506	1
625874	1
164662	1
224672	1
1776250	1
23613868	1
363670	1
39034	1
13076	1
568265	1
40353810	1
4937282	1
4638520	1
1891740	1
6614948	1
3988482	1
5288924	1
911922	1
80140	1
1373071	1
1670152	1
1301136	1
22039	1
5228300	1
872238	1
106113	1
3322486	1
24750462	1
3184948	1
14594257	1
122463	1
3029530	1
2500271	1
1339706	1
3439586	1
242057	1
320172	1
30233798	1
3227606	1
1145634	1
35648740	1
19625443	1
516019	1
20428	1
17186034	1
1401343	1
3770115	1
1317690	1
2034846	1
23746411	1
898845	1
41772592	1
10273182	1
1945948	1
1964914	1
1637530	1
764036	1
2856639	1
478225	1
5839533	1
15084620	1
9232986	1
9224767	1
29828116	1
248437	1
340258	1
27903000	1
17917	1
3859389	1
788959	1
1802525	1
16273	1
1239533	1
6910301	1
19283265	1
211518	1
1488923	1
3380530	1
854532	1
1744716	1
5847204	1
754367	1
27190467	1
3758599	1
1008851	1
529762	1
1312324	1
1941880	1
4406557	1
47304049	1
1907768	1
330881	1
1420339	1
208594	1
4101658	1
1102876	1
3271378	1
5280819	1
609112	1
111913	1
16371	1
24742	1
7962412	1
822894	1
1695779	1
2285556	1
2031301	1
719810	1
1994394	1
1681520	1
3460009	1
6395090	1
32780	1
2119485	1
7517311	1
4094362	1
17442	1
29269366	1
451717	1
23793502	1
1311957	1
13032	1
161383	1
7593502	1
1759214	1
8095645	1
598421	1
412283	1
1378389	1
1418154	1
7916535	1
3975372	1
1595652	1
4293159	1
6575829	1
3748130	1
375231	1
980977	1
199511	1
142785	1
4812309	1
3995664	1
9132	1
913437	1
1436195	1
16265226	1
181651	1
17037229	1
8245839	1
21206156	1
27326509	1
345102	1
12789366	1
5256010	1
1046839	1
2748971	1
19505956	1
47443	1
186642	1
2122783	1
6181276	1
6138878	1
260056	1
38238883	1
3965914	1
5057376	1
611386	1
394860	1
15977983	1
1835425	1
20520480	1
1861441	1
43855323	1
2488150	1
12914831	1
3223203	1
1709593	1
6729813	1
5146253	1
11520706	1
563303	1
2623828	1
140752	1
31954341	1
32101227	1
3304803	1
22120393	1
8231166	1
47440368	1
461513	1
37782	1
8147440	1
55300	1
974757	1
34411482	1
3440451	1
2540805	1
12353376	1
1797218	1
6375131	1
10967728	1
6424652	1
1277324	1
28354147	1
14317967	1
30456544	1
3284808	1
1779404	1
28073245	1
657267	1
41408518	1
1704799	1
887054	1
3121968	1
295967	1
8452806	1
3025328	1
8307909	1
3177474	1
7683960	1
690363	1
27239606	1
176858	1
2113350	1
20992370	1
251027	1
2096087	1
10754356	1
42345	1
241099	1
1092658	1
7519579	1
3593187	1
1531480	1
1605989	1
1661648	1
1078972	1
2488077	1
1850947	1
1761998	1
91055	1
2215979	1
2098418	1
386014	1
4563813	1
28928148	1
2488071	1
20738304	1
179937	1
4174875	1
10589709	1
2330089	1
5622602	1
303951	1
2386257	1
4350125	1
17825823	1
155795	1
378504	1
29581937	1
1291873	1
1872785	1
740634	1
43839764	1
46904376	1
38484341	1
129514	1
5257631	1
4190901	1
1420852	1
14959177	1
34226	1
26795700	1
21007279	1
5247542	1
321478	1
11585818	1
407927	1
37672907	1
26897314	1
22729190	1
4562362	1
5043192	1
2064489	1
33812233	1
258776	1
37210657	1
2899342	1
13660230	1
2085637	1
771512	1
1345160	1
221783	1
10922234	1
512181	1
794129	1
14275425	1
11514606	1
849305	1
682527	1
264458	1
26739509	1
51777	1
2355177	1
542020	1
17305416	1
1318427	1
1844269	1
1643733	1
9845808	1
19992068	1
30864711	1
4616016	1
15046557	1
14009762	1
1589303	1
4819424	1
789472	1
12907429	1
3440867	1
13619949	1
4035706	1
115605	1
176906	1
1773614	1
361176	1
19838530	1
28039445	1
3992676	1
5140099	1
3141205	1
10485878	1
3506883	1
490321	1
13718827	1
27996369	1
4141737	1
3544227	1
2885855	1
30420510	1
166915	1
2467223	1
22217	1
1738892	1
2256403	1
5097202	1
5332776	1
1127316	0
27604162	0
31259	0
85764	0
6148561	0
35185972	0
15938122	0
23556274	0
41983193	0
6250144	0
40830318	0
38428046	0
1480851	0
1626099	0
1813844	0
13703541	0
886061	0
15472645	0
4240190	0
17890278	0
4996811	0
16479106	0
44958837	0
16284550	0
1130360	0
1835690	0
483210	0
42862729	0
1022525	0
12587806	0
2830260	0
127033	0
21573287	0
10970350	0
13399838	0
19835294	0
1098889	0
31783604	0
10767226	0
24750118	0
1455985	0
10616744	0
8255758	0
619522	0
4920672	0
23617463	0
505387	0
131051	0
39225689	0
34741647	0
22472451	0
2182478	0
30952836	0
36308733	0
9106017	0
139635	0
43420623	0
16988349	0
28499649	0
4227671	0
3861236	0
69166	0
28877519	0
15321438	0
35006544	0
36160427	0
29891355	0
349446	0
2203170	0
178017	0
744046	0
35465963	0
12778100	0
12268687	0
6218714	0
1061584	0
12543174	0
20123232	0
5816809	0
27902568	0
999202	0
22559193	0
5773621	0
18623554	0
43260389	0
6300081	0
28540702	0
9227149	0
263651	0
6121646	0
10640685	0
6550908	0
7334481	0
660129	0
4590744	0
398887	0
3801349	0
4097263	0
13018549	0
34202233	0
11132840	0
23550441	0
859523	0
10885911	0
1478097	0
983450	0
37555669	0
13981266	0
11065251	0
5667988	0
2429090	0
42907063	0
2665635	0
7995	0
7294451	0
11734156	0
39819992	0
194444	0
29174389	0
17750775	0
11958482	0
34678069	0
11859256	0
6555452	0
9093012	0
1532484	0
15651434	0
2160702	0
370064	0
28986978	0
2097403	0
42798033	0
17161827	0
337448	0
2252185	0
23582580	0
2939934	0
21839018	0
2051939	0
7046625	0
5860407	0
38959583	0
2329817	0
11278254	0
21468511	0
38484583	0
862679	0
6822756	0
1055729	0
19599947	0
21998474	0
459724	0
1308533	0
96019	0
2265234	0
23955783	0
2288842	0
2052373	0
9495737	0
16848419	0
2602150	0
37216454	0
9415654	0
23993095	0
16371755	0
31767707	0
23272860	0
3702619	0
2902096	0
18079208	0
2804228	0
30444593	0
3921300	0
6751300	0
3877751	0
28468303	0
1941340	0
19428937	0
31181114	0
10006953	0
12983780	0
15719418	0
2705634	0
13599932	0
36159316	0
33663108	0
17347472	0
523326	0
12007378	0
122508	0
6721785	0
1734281	0
11859813	0
40849320	0
8946990	0
11149507	0
42389789	0
29656870	0
98361	0
39174901	0
1285813	0
3051764	0
36160528	0
8703405	0
26668562	0
301891	0
9368527	0
502429	0
5761532	0
2819943	0
2564489	0
23870602	0
3341368	0
25781948	0
127002	0
21860360	0
7129092	0
2499567	0
277353	0
49305557	0
9010185	0
13345131	0
17782773	0
1201816	0
211070	0
9267098	0
5756234	0
7123673	0
24283284	0
8690651	0
47037941	0
6332867	0
33060958	0
1785862	0
2985390	0
9095114	0
293240	0
15901032	0
902563	0
22409571	0
12465140	0
12228508	0
38280987	0
8029509	0
139455	0
2277934	0
879098	0
1221418	0
6083386	0
32891608	0
14847151	0
10496533	0
4277371	0
6472594	0
32656459	0
20559050	0
11312313	0
29580344	0
9290579	0
13198956	0
1312363	0
21738839	0
7495147	0
40877975	0
28789400	0
5027796	0
2975034	0
10308201	0
37871704	0
37895748	0
31657529	0
6127113	0
3317698	0
162587	0
24281326	0
1535552	0
38075569	0
3636894	0
30259890	0
43844575	0
9785461	0
3588900	0
5359753	0
380811	0
30406388	0
36292279	0
11769919	0
44946209	0
8655194	0
15772060	0
1860665	0
2012172	0
12448466	0
343739	0
44442555	0
24145565	0
48893523	0
22334836	0
9492848	0
15513473	0
24460742	0
3645897	0
253137	0
143551	0
124113	0
5293889	0
309146	0
12586285	0
25492649	0
40131108	0
3521901	0
205988	0
1027251	0
12083428	0
3545678	0
13129916	0
45280753	0
25273383	0
1030038	0
37176258	0
10953473	0
10093148	0
28226931	0
315590	0
11888873	0
37979493	0
16796753	0
6153093	0
8602290	0
14781792	0
10479311	0
4324845	0
25213490	0
17354420	0
11872531	0
37749615	0
12607594	0
588911	0
11448037	0
3124168	0
34604841	0
8517408	0
13137349	0
18639755	0
4683365	0
23546171	0
10827489	0
23211120	0
33015650	0
36324241	0
840609	0
7077000	0
881035	0
14358679	0
2164444	0
17826318	0
120463	0
431422	0
691011	0
29605374	0
21878784	0
13558636	0
6257151	0
42704333	0
34828350	0
648452	0
29065221	0
393100	0
20201721	0
6560739	0
13969733	0
2481607	0
33381398	0
5663908	0
3626738	0
816344	0
37753042	0
16315202	0
7636811	0
17106402	0
10816142	0
16054851	0
739496	0
37973752	0
40420729	0
10695782	0
2226168	0
26349635	0
139046	0
5908978	0
33732997	0
18538626	0
5685949	0
38900329	0
3338722	0
12204775	0
519230	0
10594011	0
2343984	0
351193	0
1082450	0
8573342	0
393305	0
29691497	0
1141491	0
855981	0
42521947	0
2398628	0
24866849	0
38313721	0
31768071	0
48401075	0
11357699	0
2024630	0
27868253	0
36376975	0
20983715	0
41367959	0
7055722	0
4764289	0
11202218	0
8831127	0
4772397	0
14921201	0
636043	0
15250539	0
29576793	0
25790077	0
13825255	0
861906	0
7134550	0
28414013	0
4115622	0
30655854	0
4103749	0
7896380	0
39210751	0
34870161	0
19066361	0
5043594	0
6733594	0
2347730	0
3378486	0
4576847	0
17023648	0
16950812	0
4413891	0
221501	0
32568	0
44700836	0
4111685	0
11438203	0
42092455	0
3967862	0
814609	0
4670615	0
6423799	0
40387850	0
3827310	0
15895443	0
13722867	0
272323	0
8768037	0
4791963	0
34211	0
3038798	0
595121	0
1163909	0
27365238	0
4301296	0
39230757	0
9020290	0
14526652	0
17253077	0
5713482	0
26534419	0
24331142	0
549192	0
21248709	0
11515941	0
30939330	0
378834	0
8044153	0
1285796	0
329103	0
1321837	0
27260034	0
21897827	0
21464185	0
28121957	0
42149574	0
5796937	0
2759955	0
20885675	0
475485	0
9010381	0
131689	0
104527	0
4896579	0
28643281	0
