13903302	1
5719209	1
22255798	1
249956	1
26870285	1
2447607	1
35562907	1
2803287	1
1353524	1
33602327	1
1845368	1
3317837	1
846605	1
1165256	1
633988	1
4234204	1
1440137	1
1042601	1
402286	1
1441691	1
2524805	1
12982972	1
2174599	1
3477284	1
24644076	1
6063750	1
612007	1
649787	1
9490206	1
23343134	1
2826658	1
15899367	1
10505405	1
3708400	1
73882	1
1594018	1
17542287	1
4696903	1
373805	1
8526341	1
5700353	1
2238675	1
7987443	1
13881749	1
15688990	1
1806240	1
8368715	1
20181860	1
15766	1
33038861	1
1868716	1
1586087	1
5565459	1
14316363	1
1124724	1
36484005	1
13260	1
238719	1
7758136	1
1887295	1
4427143	1
27909940	1
1822980	1
9337317	1
2121978	1
49696	1
14449597	1
7987387	1
24585123	1
6270848	1
87179	1
185058	1
1326295	1
1597742	1
671148	1
586939	1
9920938	1
79156	1
38341384	1
44425475	1
61404	1
953094	1
620551	1
3680204	1
965082	1
21960539	1
32562366	1
8877168	1
2233996	1
1137851	1
1690980	1
1224336	1
3133290	1
7669727	1
18856	1
24435501	1
31015	1
213266	1
26333	1
3119257	1
34663558	1
2891390	1
323862	1
5325436	1
28051777	1
46093	1
14876935	1
24281367	1
1471853	1
633020	1
66215	1
1596304	1
13180857	1
2856901	1
1972182	1
28901166	1
21755508	1
9425847	1
1195805	1
6146022	1
10185507	1
1382226	1
76357	1
5822491	1
22544448	1
31120584	1
1142286	1
201949	1
5766332	1
1047827	1
3373820	1
3158541	1
25001260	1
28124033	1
3130460	1
1255496	1
3812712	1
5574594	1
35466107	1
59062	1
3142318	1
2225744	1
4072501	1
36656970	1
14456164	1
31742711	1
25699169	1
8245998	1
1125483	1
43384106	1
8637335	1
4586511	1
3349451	1
5102754	1
4989844	1
3419262	1
20841671	1
29587657	1
623574	1
1186529	1
7169869	1
18170706	1
34361590	1
4140669	1
3100493	1
20115153	1
2082061	1
813204	1
171103	1
1399269	1
8079587	1
5700623	1
12064359	1
1919041	1
12754393	1
30872487	1
6932652	1
44458496	1
401268	1
4169126	1
20909464	1
99053	1
13702668	1
20987852	1
224224	1
2057905	1
26365589	1
2003837	1
14436334	1
1165953	1
16950307	1
2243623	1
6029534	1
865403	1
992375	1
19705577	1
26572833	1
18698013	1
33742282	1
23608303	1
4287216	1
29141940	1
17182282	1
3243730	1
26894229	1
14469507	1
169398	1
20930740	1
8208662	1
14746807	1
305752	1
10996135	1
2291655	1
22964839	1
1985321	1
36233304	1
26857772	1
972853	1
4736829	1
23714787	1
2850414	1
861943	1
147632	1
3229326	1
316198	1
5263148	1
24587655	1
1482119	1
730842	1
3618361	1
12585628	1
32622	1
1036650	1
28251629	1
13678407	1
1811320	1
18952416	1
1367161	1
16692643	1
938731	1
1264426	1
143435	1
8972677	1
213177	1
17839103	1
43815060	1
797363	1
294418	1
1571951	1
73930	1
8166200	1
171078	1
692665	1
5822025	1
43098031	1
7545764	1
27567823	1
5517579	1
663903	1
186694	1
1593267	1
7738136	1
19254644	1
1613385	1
587794	1
2185340	1
38835221	1
229612	1
1282066	1
27168879	1
2102008	1
4482088	1
7154803	1
13076097	1
248331	1
4344226	1
1106447	1
435182	1
1343327	1
12493840	1
45661106	1
17655420	1
145663	1
5284284	1
18935739	1
14740084	1
14734879	1
4539159	1
2502728	1
18685440	1
66164	1
2203516	1
1190590	1
3370990	1
5697483	1
40191899	1
20935649	1
232766	1
2441782	1
40657588	1
4216	1
728451	1
1438685	1
6583794	1
3775068	1
14683918	1
210870	1
681493	1
6438438	1
481649	1
3357517	1
1056321	1
7087259	1
3576991	1
1750442	1
1126683	1
4162087	1
1316019	1
2058760	1
5878470	1
30872906	1
3583672	1
37011725	1
3965409	1
479484	1
14252361	1
1236676	1
7427284	1
12009431	1
32560167	1
8786226	1
1248062	1
14640620	1
23423124	1
3507938	1
5842466	1
215619	1
24387309	1
5569657	1
375788	1
1498779	1
298925	1
2231438	1
9242711	1
144870	1
944084	1
50455	1
3831970	1
1860820	1
43867095	1
41528	1
168614	1
8494848	1
992806	1
12027762	1
7849310	1
349280	1
2283823	1
4627669	1
49640255	1
588698	1
161779	1
6838902	1
3296743	1
19498174	1
1094730	1
18952889	1
406029	1
815964	1
173488	1
9347602	1
430709	1
33138	1
1409201	1
15587	1
2704141	1
14734214	1
2146788	1
1130529	1
20061185	1
13375877	1
27731894	1
332949	1
16002410	1
27389922	1
13144426	1
1298872	1
2083	1
6873934	1
15192916	1
11858256	1
43818877	1
18491946	1
4260440	1
14244939	1
10193	1
35917431	1
590061	1
2209301	1
10594693	1
3771276	1
4380925	1
1281604	1
167289	1
548478	1
20083062	1
467155	1
405509	1
3433051	1
61053	1
9881298	1
4797328	1
17093870	1
23315411	1
2979324	1
21282769	1
16106153	1
8284649	1
1927548	1
23601212	1
298705	1
9707858	1
574985	1
642639	1
12636221	1
26833930	1
23943348	1
8930	1
28074180	1
5400755	1
9126115	1
26098272	1
1192600	1
5753209	1
8283351	1
188564	1
2259030	1
43073020	1
32123825	1
10520	1
1891471	1
2281699	1
498635	1
36484254	1
10438389	1
40672893	1
261328	1
2052373	1
3502306	1
768098	1
1352435	1
499380	1
21560876	1
14544803	1
7623435	1
1095555	1
1492011	1
2105945	1
330749	1
9615547	1
6337590	1
19844891	1
844920	1
62668	1
1702679	1
1115562	1
4109723	1
10026183	1
605841	1
492211	1
3415409	1
4288763	1
12192712	1
3565169	1
10033531	1
2931513	1
11982	1
2062757	1
504242	1
466612	1
2572107	1
139098	1
33175293	1
20460	1
44745527	1
14473615	1
7591621	1
32546327	1
12981754	1
5254341	1
17878711	1
2262983	1
246007	1
2224260	1
2657238	1
4563048	1
1597993	1
4658053	1
468570	1
2499806	1
789909	0
669931	0
6470605	0
8022688	0
339881	0
4954697	0
8401646	0
8164747	0
32787638	0
1578060	0
25016136	0
6700791	0
12777959	0
7698956	0
3417736	0
535874	0
48748782	0
24692130	0
668103	0
10320669	0
31911532	0
41819039	0
5147167	0
1328751	0
1221135	0
40816416	0
1898007	0
561610	0
3826501	0
33962219	0
11666701	0
152878	0
3257447	0
4201410	0
4821296	0
20859421	0
386580	0
45938	0
32444749	0
23813302	0
79843	0
3008140	0
14442716	0
3116787	0
2568077	0
6569931	0
38040903	0
15737330	0
40219818	0
1067207	0
5753531	0
11294793	0
17336212	0
2467191	0
28264685	0
48898230	0
32803412	0
1549988	0
1724127	0
27231641	0
12576317	0
373157	0
23897020	0
3006927	0
608699	0
7766026	0
36203665	0
34468962	0
38327504	0
373363	0
347715	0
19541157	0
3329902	0
37904069	0
17484143	0
124209	0
1683857	0
573209	0
4456151	0
241193	0
13857371	0
6208108	0
14112830	0
8543573	0
205968	0
8773991	0
13424139	0
994731	0
152180	0
11958503	0
2097595	0
333496	0
2889303	0
45621423	0
27345243	0
4116011	0
28000226	0
32349450	0
14776303	0
1021312	0
16285403	0
252067	0
4737537	0
1715414	0
2336160	0
40168296	0
40434293	0
1455389	0
27859809	0
1221966	0
4770879	0
3164794	0
6823851	0
9876213	0
5034038	0
1055741	0
6600419	0
5722841	0
27671939	0
8268857	0
9310118	0
39611376	0
3582623	0
22380410	0
35907962	0
482083	0
2276281	0
7998320	0
43403783	0
40172143	0
16657607	0
1042779	0
23427076	0
11229115	0
472912	0
2914508	0
139707	0
9509674	0
59382	0
33705406	0
19571678	0
38170531	0
27588893	0
22411662	0
10937037	0
8807172	0
22713653	0
32658485	0
1769250	0
41807280	0
572274	0
4778477	0
19740464	0
23832810	0
6701006	0
2354944	0
76201	0
16236263	0
15583479	0
37306336	0
8332237	0
13857022	0
29186691	0
30876845	0
6948286	0
28861395	0
17975540	0
15324804	0
9023768	0
33415828	0
32457567	0
112709	0
16785802	0
412959	0
27290446	0
1757715	0
2184168	0
1170241	0
3191301	0
23664855	0
2428784	0
7775198	0
4610775	0
12130340	0
807717	0
31636824	0
91027	0
21312780	0
1549955	0
28995991	0
35287867	0
647299	0
898559	0
25505460	0
17154514	0
115448	0
22934601	0
20086138	0
9147768	0
16898874	0
13953428	0
36713897	0
673723	0
6646422	0
5079317	0
9277083	0
7891439	0
44999966	0
17444825	0
10235866	0
8370927	0
636486	0
20294231	0
27277413	0
3369683	0
961776	0
136851	0
30372176	0
107879	0
13125098	0
4149556	0
156359	0
31288775	0
16330324	0
31734420	0
5360978	0
24670987	0
1661539	0
1907422	0
12767626	0
21075425	0
5111123	0
6483096	0
2509171	0
24682823	0
10036309	0
28344938	0
7592600	0
36258685	0
3306211	0
30961602	0
94609	0
12280535	0
42764197	0
21955583	0
13128903	0
114037	0
381536	0
9729228	0
1072967	0
13292968	0
6558791	0
27963492	0
20637396	0
35068121	0
3134274	0
322889	0
193050	0
24056	0
9207307	0
4152877	0
5760144	0
32342068	0
4990923	0
13958720	0
5498285	0
5542381	0
11664800	0
24764712	0
37964651	0
65453	0
548616	0
9796561	0
1469540	0
2322845	0
844333	0
15743241	0
6515728	0
12078199	0
8312933	0
14625464	0
4345850	0
30868810	0
5804203	0
1361479	0
32306655	0
6837248	0
744087	0
22239681	0
883056	0
5495101	0
21333603	0
31156168	0
7040357	0
1767828	0
8515221	0
7298343	0
9453080	0
39206	0
4140275	0
3244461	0
15616666	0
561861	0
4462806	0
11720468	0
9036317	0
127044	0
259655	0
34208269	0
61068	0
24005485	0
6702094	0
32812903	0
7332900	0
1947033	0
31156301	0
25662670	0
36827563	0
30865532	0
2681191	0
23651269	0
11195774	0
3241721	0
1485178	0
26134567	0
39543649	0
41961228	0
44846588	0
1657422	0
2123411	0
4107645	0
12766812	0
7372145	0
2023779	0
25349419	0
1631587	0
14084363	0
19970632	0
16238	0
6032104	0
30219286	0
35005290	0
8705229	0
335754	0
1092133	0
17073185	0
819051	0
28366420	0
1785560	0
33419302	0
35457050	0
1187079	0
25626539	0
22085378	0
173504	0
18274876	0
10396109	0
3280918	0
3811635	0
3599832	0
2002133	0
756773	0
13038632	0
7125178	0
34553652	0
2027299	0
2374497	0
2090943	0
14511750	0
7851209	0
1877086	0
4548209	0
15115982	0
13118984	0
17754860	0
347728	0
992626	0
33799578	0
2430084	0
5974059	0
649275	0
3297059	0
18260423	0
122580	0
29625017	0
18341879	0
43754020	0
6467296	0
5181717	0
1030583	0
41736771	0
22268927	0
25828877	0
28835022	0
23997301	0
6372621	0
12002220	0
1272607	0
17946	0
1271146	0
9631528	0
757395	0
11271981	0
7038336	0
30233888	0
13698475	0
2731185	0
726510	0
40660622	0
22011755	0
2802146	0
7350274	0
12532928	0
15678998	0
26945521	0
2204976	0
6795101	0
44266384	0
45195925	0
36908217	0
22210926	0
47481373	0
4305849	0
1845772	0
35699812	0
7506496	0
6412642	0
16287466	0
6479979	0
6933826	0
178184	0
31033410	0
1072911	0
44109843	0
507174	0
20922200	0
2393806	0
914239	0
22220895	0
38477563	0
1690039	0
2166248	0
8407681	0
3310054	0
43018151	0
150612	0
2066722	0
20949709	0
38718366	0
4038407	0
1777552	0
15601013	0
30986073	0
40700817	0
24717721	0
3608006	0
25130876	0
43937625	0
2939921	0
1348785	0
698612	0
24690778	0
20574973	0
2920550	0
3986891	0
29831985	0
35045691	0
42941728	0
747735	0
10144222	0
48806593	0
4582197	0
4505045	0
1426684	0
7731754	0
12769334	0
8207234	0
2742894	0
3639906	0
5799317	0
32225888	0
1308363	0
10839436	0
12992586	0
11408802	0
1065514	0
8477568	0
29544386	0
47230469	0
20982412	0
15786429	0
3054582	0
7773109	0
7596497	0
12389005	0
36785588	0
5527650	0
40761266	0
11544479	0
8007860	0
