1339795	1
228690	1
30920628	1
116863	1
9504440	1
3177624	1
39139185	1
1477962	1
23828853	1
8231921	1
2855481	1
1889869	1
24626371	1
5325517	1
18217	1
1991390	1
31949992	1
185537	1
3950477	1
13349267	1
4411782	1
23643202	1
18866209	1
1006008	1
22203737	1
399168	1
15178602	1
18570544	1
3464339	1
22173631	1
35535612	1
451814	1
187358	1
1347829	1
162510	1
13463424	1
343249	1
19466179	1
640841	1
43328688	1
3403988	1
23278520	1
11214093	1
1346090	1
594209	1
8401973	1
2176276	1
492144	1
6153619	1
44751865	1
170522	1
434092	1
42278	1
1566846	1
9478308	1
158205	1
268778	1
162144	1
15975833	1
4163345	1
8354382	1
7585993	1
93257	1
375482	1
265860	1
2187958	1
306217	1
574357	1
1576391	1
727326	1
20236186	1
228998	1
5316902	1
11318657	1
682293	1
145426	1
1667889	1
171052	1
27807703	1
57172	1
5848207	1
376898	1
916669	1
24089250	1
2468530	1
1098041	1
3866761	1
11392311	1
163054	1
6212265	1
221428	1
4121462	1
58039	1
49410006	1
2658000	1
27191270	1
24144408	1
36746405	1
72544	1
55329	1
99995	1
3281856	1
1395397	1
8809074	1
2155614	1
43514738	1
347268	1
262915	1
26042562	1
27684060	1
674495	1
308648	1
4381007	1
2185549	1
331538	1
40425958	1
15555506	1
3689495	1
994752	1
8209893	1
18835454	1
890651	1
9232	1
172960	1
123433	1
623301	1
5006115	1
558370	1
1680827	1
35075784	1
104658	1
472441	1
13560962	1
1651925	1
1609286	1
450964	1
21148262	1
1970744	1
3780	1
42034840	1
553982	1
41677285	1
847705	1
3670227	1
13763467	1
32971533	1
33984	1
913787	1
275181	1
6575039	1
10448220	1
874656	1
20712631	1
31350	1
27380232	1
214490	1
34452923	1
1343430	1
58230	1
36984996	1
1150960	1
223218	1
31667158	1
1481667	1
37838992	1
18949275	1
30657029	1
13723499	1
50960	1
3253653	1
4566736	1
581834	1
41949894	1
216114	1
4584893	1
34610	1
2858965	1
1574862	1
23301691	1
2933215	1
172608	1
13480009	1
311735	1
830455	1
20025263	1
1092432	1
82755	1
31608194	1
3548818	1
4176944	1
2093760	1
12694687	1
41979235	1
4554149	1
1121700	1
24329258	1
304148	1
1029749	1
827154	1
3255156	1
31564509	1
1466645	1
6779989	1
182440	1
33381607	1
24141258	1
245678	1
2859420	1
5810443	1
3899965	1
37970227	1
927699	1
15527497	1
319819	1
33643342	1
1113222	1
20008879	1
424365	1
1393917	1
2011729	1
2440600	1
374544	1
224819	1
327306	1
32661992	1
31924	1
172875	1
398611	1
4271256	1
25978572	1
863091	1
397335	1
174131	1
240225	1
14429946	1
2384945	1
19164286	1
47716135	1
593269	1
5779016	1
167347	1
71712	1
1686698	1
1852487	1
241135	1
15245	1
37242	1
3774078	1
39700144	1
8839	1
13642019	1
217533	1
2463680	1
3399831	1
908983	1
181075	1
2181459	1
3447553	1
7735751	1
880234	1
1445450	1
1527882	1
3354	1
622753	1
195567	1
52625	1
39900327	1
4716470	1
11786314	1
1770809	1
37245619	1
345481	1
19174163	1
47148644	1
873877	1
163628	1
2450549	1
2855159	1
12246	1
25996151	1
12233	1
36917578	1
1183638	1
24319	1
755014	1
48816838	1
26572080	1
509741	1
852073	1
21671401	1
1809783	1
2293528	1
21455055	1
827035	1
180192	1
472335	1
4592363	1
407755	1
1014514	1
4035351	1
39674170	1
31147980	1
14195696	1
31857308	1
5924123	1
18537984	1
13537974	1
1906215	1
355133	1
22315801	1
211039	1
135020	1
990769	1
24720665	1
14891445	1
5745101	1
8528135	1
1391488	1
20703292	1
5675857	1
1461957	1
277776	1
5481554	1
62208	1
22165	1
409972	1
6228542	1
1043305	1
48988001	1
21492751	1
39019946	1
1251178	1
27220952	1
7991336	1
42034955	1
1849438	1
51490	1
1893538	1
1674478	1
383769	1
1005844	1
13965819	1
1750758	1
7963663	1
7411931	1
151573	1
896860	1
7846293	1
22400674	1
1285689	1
15099488	1
2921755	1
249414	1
646170	1
11110218	1
1847842	1
127591	1
6669516	1
20704165	1
554606	1
21189400	1
12232585	1
39700468	1
26374334	1
14897704	1
206984	1
739718	1
363670	1
24098846	1
51879	1
488027	1
7340360	1
2894655	1
7196248	1
4312765	1
314298	1
3358257	1
288702	1
42098138	1
101730	1
4456399	1
178755	1
408631	1
532061	1
197004	1
5948023	1
1583952	1
463024	1
237837	1
1419464	1
36970099	1
1343424	1
2415482	1
7829	1
6689803	1
2503	1
3844691	1
396639	1
72296	1
33335343	1
7954422	1
29535253	1
231168	1
20700771	1
1891886	1
701148	1
3582712	1
34427	1
264757	1
617807	1
13034719	1
44002220	1
640685	1
1575623	1
3034822	1
268075	1
972653	1
517306	1
506924	1
400334	1
5856752	1
1198412	1
142560	1
2050402	1
1754817	1
361176	1
560816	1
995952	1
1703490	1
733585	1
2644439	1
1591777	1
3290767	1
494749	1
24668347	1
27415232	1
2328877	1
331810	1
1976348	1
385967	1
705401	1
418634	1
1602987	1
25527859	1
33121168	1
5485045	1
45198475	1
162600	1
197419	1
40714155	1
34362210	1
2989811	1
628054	1
15360723	1
476217	1
859606	1
169619	1
15773407	1
338757	1
343187	1
1673558	1
316304	1
267447	1
113451	1
3224573	1
351331	1
34069255	1
9474	1
141833	1
43292531	1
3198036	1
394389	1
5232874	1
556101	1
166702	1
6275862	1
305948	1
42504861	1
2238588	1
18037948	1
20355138	1
9854304	1
41613014	1
35332372	1
344560	1
556739	1
367037	1
13072246	1
722315	1
1133033	1
746720	1
140633	1
1048923	1
19957570	1
408215	1
6251784	1
442490	1
38777029	1
29922	1
1139430	1
5321748	0
531747	0
5316235	0
30780610	0
6993911	0
2840278	0
679733	0
13131365	0
170570	0
38972510	0
2806216	0
40750792	0
418252	0
6749892	0
30714096	0
48546605	0
3574964	0
2313057	0
267896	0
9424424	0
4648656	0
3367782	0
37213634	0
51679	0
45325993	0
2074318	0
5825051	0
29032	0
6919397	0
27366373	0
11585997	0
31028787	0
20968603	0
3651439	0
44452728	0
11080862	0
44954824	0
34552686	0
14102335	0
2275732	0
7744688	0
9154754	0
4845026	0
23515860	0
17961890	0
1145558	0
15281586	0
14987108	0
8821664	0
4660100	0
16438941	0
16266312	0
1416982	0
7829066	0
17643352	0
8429147	0
13226244	0
12521911	0
24382329	0
12906963	0
351717	0
2531700	0
200117	0
46731164	0
20067226	0
5126144	0
1903442	0
614519	0
8736896	0
5148844	0
43557083	0
476804	0
23553161	0
13358398	0
2554831	0
92599	0
12735013	0
40086854	0
874889	0
36704227	0
4622945	0
382084	0
8110639	0
32758219	0
4547033	0
5505695	0
2680848	0
27996490	0
11887479	0
717772	0
5571452	0
3886226	0
37282764	0
17479807	0
4155721	0
2377241	0
26441111	0
6955016	0
2196614	0
4039035	0
5258933	0
6516618	0
33055054	0
39924783	0
23511888	0
1525005	0
26225243	0
792966	0
34521244	0
1649233	0
47086770	0
40753082	0
10677607	0
4868123	0
4363547	0
40834370	0
866695	0
25319104	0
11980580	0
11542301	0
3612593	0
3595448	0
401458	0
27001600	0
3022823	0
6702508	0
5800416	0
1522473	0
116258	0
5230037	0
248559	0
10047766	0
19076606	0
20793643	0
25878658	0
1969577	0
23087373	0
2808904	0
1337125	0
628354	0
620017	0
1564557	0
1311095	0
3255201	0
407288	0
9261543	0
91513	0
8986732	0
12560823	0
7896623	0
17645471	0
9806771	0
125763	0
404626	0
1411758	0
1883440	0
15777520	0
6692452	0
273234	0
42672988	0
4191639	0
24759762	0
15020270	0
2468544	0
966629	0
12626418	0
118382	0
6239421	0
25148332	0
47354282	0
49459308	0
1674796	0
28369307	0
4372106	0
3195272	0
2928	0
33189685	0
7771120	0
45178767	0
16735396	0
6045963	0
26563134	0
6706056	0
3074629	0
40145385	0
15479684	0
3176917	0
5290208	0
1496619	0
2664825	0
862138	0
1064157	0
23095803	0
6617911	0
7034960	0
521854	0
5848481	0
30557208	0
5493251	0
26187498	0
6720246	0
5011030	0
3855995	0
2811826	0
33160157	0
7164564	0
28215602	0
19069326	0
1488050	0
33713328	0
42372600	0
5980476	0
335929	0
751798	0
30867117	0
12166653	0
2147772	0
59531	0
2332305	0
13142777	0
46492980	0
18337310	0
453917	0
12099027	0
246435	0
37022	0
36319932	0
44247	0
2403802	0
9146683	0
1917408	0
26333415	0
41812837	0
1388719	0
13539190	0
2531029	0
23499456	0
37272676	0
1093362	0
2695731	0
42052446	0
377007	0
43910062	0
15805798	0
3732862	0
2851413	0
15790905	0
42438741	0
15431647	0
10676873	0
7642991	0
1795286	0
11250163	0
1742474	0
22576307	0
8819143	0
47586964	0
2217209	0
5520245	0
297654	0
43381133	0
194095	0
31456932	0
27756849	0
2308074	0
42911628	0
13566429	0
48336363	0
54211	0
33607	0
13411300	0
24089276	0
828774	0
48396550	0
1795161	0
16241224	0
47256580	0
42317770	0
18969101	0
44097476	0
42777688	0
35365702	0
29565463	0
7568271	0
5686822	0
30075565	0
10626822	0
12872932	0
10467479	0
1722851	0
9877859	0
29614126	0
5263228	0
22588751	0
3511785	0
548711	0
3133471	0
218590	0
913571	0
2367160	0
22983222	0
4910378	0
31305654	0
13873756	0
34623375	0
7489947	0
42204329	0
2373693	0
19068400	0
42315468	0
1525753	0
1667323	0
516957	0
8013864	0
115401	0
195045	0
26832352	0
1733012	0
4274583	0
5135368	0
24014102	0
25542481	0
4778254	0
6528239	0
9342734	0
1088033	0
120058	0
41360101	0
19811561	0
8655878	0
27420747	0
16592428	0
27093319	0
7481814	0
1756354	0
4684179	0
25440090	0
47580339	0
46565910	0
12739235	0
10255786	0
329635	0
27336812	0
124846	0
36552749	0
46682922	0
12963224	0
2468393	0
31335196	0
43520093	0
35505040	0
28138758	0
2177670	0
1696146	0
42685705	0
22888740	0
562695	0
28891743	0
268927	0
1087259	0
2812567	0
7779235	0
3028367	0
36583595	0
5488446	0
16306823	0
29639227	0
35907499	0
14524649	0
21079236	0
3673541	0
33320372	0
13154199	0
30274601	0
13336811	0
2225281	0
86714	0
5888051	0
39193472	0
2272260	0
6720828	0
9005819	0
10472	0
5338254	0
1074373	0
29913399	0
3944437	0
20610393	0
8953428	0
25266325	0
25342574	0
13876139	0
21572505	0
7078091	0
16118119	0
21304461	0
2637949	0
21990456	0
17981896	0
12482416	0
1615178	0
35745214	0
379178	0
1188824	0
18447215	0
30040212	0
29228903	0
10767917	0
3297735	0
28633726	0
9281917	0
45037340	0
3320888	0
2751484	0
4591584	0
20711452	0
40771739	0
8859027	0
15282697	0
11858835	0
3263688	0
11885839	0
6206866	0
19740545	0
47103579	0
9603093	0
10180742	0
15026857	0
17495805	0
12094870	0
2298281	0
29159372	0
2402209	0
6318945	0
500353	0
46555857	0
37893877	0
5698521	0
12939087	0
14244634	0
13653929	0
2230007	0
660282	0
6516115	0
10592251	0
36085585	0
36566199	0
734913	0
9025307	0
29067723	0
37127799	0
9703751	0
6371905	0
840859	0
35454454	0
96950	0
24663797	0
22640974	0
3976333	0
20965324	0
13619710	0
11752844	0
11687081	0
24109439	0
22074504	0
1380178	0
2632877	0
30671152	0
6776639	0
5469892	0
27357716	0
23583382	0
33867149	0
13337916	0
9288584	0
34158249	0
22769217	0
3352665	0
1313818	0
9980568	0
214934	0
13179687	0
32911410	0
892618	0
4820101	0
17540909	0
1586996	0
11875314	0
23518858	0
27166956	0
7399080	0
31683220	0
450008	0
13550616	0
3457831	0
1889326	0
15238595	0
42763159	0
10050052	0
10042514	0
