1198989	1
10978903	1
228770	1
4402073	1
30372601	1
590909	1
19463368	1
9311203	1
2690787	1
8204795	1
2164914	1
3451553	1
2362359	1
6324374	1
2263271	1
3376723	1
1256150	1
401730	1
31085	1
1370820	1
1062236	1
19163528	1
42512542	1
3465096	1
36997930	1
387308	1
1438811	1
2481392	1
9550554	1
868643	1
43346467	1
10860375	1
589455	1
1843664	1
755680	1
1915336	1
905013	1
5879542	1
2139207	1
1073202	1
8992281	1
34236451	1
16705375	1
965432	1
9088611	1
2739928	1
29498941	1
982180	1
824992	1
9789073	1
1640870	1
2056423	1
12104889	1
2261551	1
4635959	1
2810777	1
5966314	1
289659	1
2158323	1
9753326	1
5399441	1
661703	1
12416709	1
8904138	1
79409	1
2595165	1
27660	1
1047519	1
37672907	1
6414765	1
1525395	1
11225596	1
26960631	1
18096743	1
1242652	1
19777337	1
455523	1
1891653	1
3711225	1
36335436	1
1584297	1
2829113	1
1235921	1
889383	1
1197012	1
5541530	1
11185746	1
3883379	1
3696908	1
34413465	1
19790890	1
11419366	1
450964	1
21184801	1
1959248	1
2261430	1
11157341	1
3182493	1
6364481	1
5968326	1
229092	1
27169	1
45181099	1
31836283	1
2508911	1
47840776	1
11217830	1
48492845	1
2152057	1
1301261	1
10922902	1
37418069	1
4722937	1
850355	1
2449412	1
4893	1
23933638	1
30603702	1
140630	1
5619696	1
17606718	1
4911872	1
232794	1
42716910	1
593844	1
6577803	1
17549	1
4622896	1
19288600	1
2275272	1
5197648	1
8761333	1
8273218	1
4948266	1
432610	1
61404	1
155304	1
2342553	1
3330122	1
1135819	1
9214927	1
5043702	1
31245941	1
2895258	1
19506657	1
19552370	1
43505	1
2347503	1
44052153	1
467705	1
961659	1
6213277	1
7253962	1
4401075	1
2470868	1
4141748	1
1425344	1
2663140	1
3613804	1
2138013	1
31894964	1
2537067	1
6400001	1
21355755	1
2220785	1
24106812	1
11299205	1
1027770	1
14372931	1
2063141	1
1885854	1
17205519	1
16948290	1
48460500	1
1776334	1
24205	1
5305330	1
2758701	1
89056	1
45683386	1
21154446	1
19267859	1
7176929	1
5895349	1
1027806	1
7304034	1
23600571	1
4683478	1
714358	1
27396469	1
20063393	1
22038601	1
3717844	1
3709625	1
15208970	1
18783840	1
1778942	1
8188381	1
4129413	1
27711679	1
288138	1
920212	1
21309145	1
30871554	1
1552655	1
3343027	1
3586519	1
5758855	1
24557812	1
870619	1
4343386	1
25658502	1
3038038	1
841120	1
5937384	1
36639324	1
1377427	1
15290214	1
2980678	1
19268462	1
2815164	1
15218443	1
12112508	1
2852276	1
11676619	1
4797554	1
2991530	1
2164682	1
1241808	1
1790889	1
9632030	1
6720421	1
24764191	1
5694962	1
141265	1
2501690	1
34645079	1
17433685	1
3629120	1
7438665	1
28987450	1
5819696	1
4029808	1
3285407	1
18337310	1
19596951	1
33719859	1
717720	1
135577	1
1640468	1
762427	1
15112475	1
32071439	1
36510072	1
25010513	1
12689341	1
7219467	1
7159584	1
13185103	1
4759628	1
387399	1
23128400	1
83065	1
9288734	1
5972184	1
13235171	1
4245194	1
912581	1
640568	1
672327	1
1095973	1
1562395	1
301319	1
301953	1
2014325	1
238677	1
7431742	1
1160478	1
13882095	1
2181949	1
9022176	1
40157604	1
20456153	1
22604114	1
9093958	1
30130053	1
39509612	1
525018	1
28192879	1
7946764	1
4685934	1
3044449	1
7204753	1
2262096	1
51602	1
2637109	1
3216774	1
8210288	1
518755	1
10809425	1
10350612	1
1238518	1
968257	1
362052	1
24050	1
30528819	1
2944529	1
22092691	1
37597011	1
4723721	1
1437231	1
1591858	1
6720455	1
26922473	1
854120	1
140614	1
1089629	1
15146824	1
19715122	1
851509	1
1193381	1
169662	1
1753067	1
833784	1
4687369	1
67160	1
1077317	1
10022597	1
541161	1
11056991	1
33262964	1
1328892	1
236853	1
1781790	1
21755749	1
1962971	1
24697600	1
76793	1
34957228	1
26718482	1
2904238	1
3757284	1
11069199	1
37232352	1
3922496	1
3076346	1
37508305	1
43602125	1
46284137	1
38443423	1
2418357	1
7435149	1
13335126	1
2223581	1
17799718	1
2513801	1
183652	1
41233894	1
28851199	1
339185	1
9453471	1
308436	1
1970245	1
7301220	1
23589351	1
21953567	1
2754986	1
17021342	1
5802018	1
1873138	1
20700634	1
735304	1
525034	1
753938	1
2842681	1
6757724	1
6607	1
5440704	1
15690896	1
44950686	1
801722	1
1332151	1
8295059	1
11884830	1
1262579	1
793020	1
17262365	1
2198086	1
21870626	1
14563096	1
27742950	1
3744760	1
536813	1
32796957	1
350629	1
31510309	1
2437749	1
6761972	1
28238249	1
1557596	1
16691906	1
32039822	1
35701528	1
4972175	1
5341691	1
492042	1
32199522	1
2606338	1
1459625	1
10779190	1
4334764	1
7695755	1
65436	1
1693246	1
5614667	1
4399799	1
1622318	1
7137576	1
1584558	1
195834	1
2293021	1
2006144	1
14426245	1
729204	1
2598651	1
2678092	1
305185	1
29849231	1
4724138	1
544431	1
3629045	1
25127005	1
2495919	1
4168703	1
7212986	1
655089	1
16244118	1
5739811	1
33084872	1
23235323	1
829137	1
5654878	1
6808548	1
33847678	1
995271	1
34248234	1
1720213	1
245700	1
47784901	1
9266050	1
8210901	1
6426940	1
41106941	1
12682320	1
2951025	1
1994297	1
40498	1
1527323	1
5552114	1
7487064	1
167654	1
3659913	1
698970	1
4102611	1
1748294	1
19444731	1
289890	1
8940201	1
4511363	1
13396282	1
381506	1
1925638	1
1312582	1
25490424	1
463125	1
1683451	1
4532707	1
10865684	1
927477	1
936928	1
604221	1
101407	1
3879486	1
1856203	1
4288763	1
6084972	1
29621224	1
23999156	1
218638	1
24189498	1
12058301	1
10251384	1
2076930	1
1411213	1
28872621	1
46926618	1
23558686	1
4818334	1
2312566	1
5833448	1
611449	0
252750	0
5505193	0
520933	0
31329206	0
4036370	0
2137428	0
39469485	0
976292	0
13207	0
230092	0
25923488	0
26426442	0
19329005	0
42644362	0
850768	0
1438203	0
3430951	0
36372567	0
3015275	0
1019966	0
985423	0
39510317	0
7726679	0
19445011	0
9156371	0
5247699	0
757268	0
5798374	0
9034040	0
22819997	0
1020417	0
1672021	0
28688087	0
2912431	0
3178459	0
7156493	0
44139823	0
1957830	0
10076098	0
24277550	0
46567329	0
44507807	0
1104698	0
15580490	0
7016502	0
26123716	0
13141816	0
23563375	0
633132	0
22571369	0
17826318	0
2585134	0
24750865	0
10967332	0
15585960	0
1528917	0
8942676	0
13668307	0
1185450	0
12724274	0
7303619	0
14906091	0
17739219	0
14264807	0
37043488	0
11363421	0
41410661	0
28168648	0
18624792	0
2379013	0
8369442	0
43290437	0
118989	0
12298761	0
196700	0
232707	0
1292252	0
4306340	0
9494823	0
2199558	0
14351056	0
22008520	0
1497885	0
23964857	0
26011787	0
33283871	0
25762624	0
9522106	0
1955469	0
15591521	0
3411005	0
20069301	0
757205	0
30495758	0
925246	0
8708629	0
12992103	0
802346	0
9112492	0
414617	0
33944243	0
9268278	0
4291152	0
38964740	0
2488537	0
29427827	0
6048839	0
123623	0
7134402	0
21459145	0
44517242	0
27060	0
32664798	0
1583998	0
25589307	0
3651226	0
6066320	0
7018258	0
768819	0
5653945	0
983669	0
118822	0
19140348	0
530784	0
8942956	0
10240558	0
18595052	0
23476950	0
15703000	0
5661636	0
4816996	0
2119485	0
22288594	0
8708639	0
1794523	0
898745	0
4952057	0
45676342	0
10082668	0
15000374	0
6048619	0
43246790	0
2365696	0
5820926	0
1042325	0
4705549	0
4562061	0
9410972	0
1688664	0
3127994	0
34930803	0
15166310	0
25648858	0
20054155	0
2930167	0
48425705	0
959492	0
19013483	0
335966	0
10632474	0
8441810	0
9917952	0
32352283	0
22879713	0
20520434	0
7501689	0
10756330	0
26146716	0
5975678	0
20596557	0
21307565	0
1997950	0
178178	0
39960845	0
1987010	0
867905	0
44070731	0
49445374	0
34056009	0
19142953	0
4605054	0
3293969	0
42669134	0
20554251	0
4080739	0
10033768	0
3823075	0
909249	0
21197765	0
8986453	0
7589190	0
866902	0
187810	0
2162753	0
2177802	0
37992362	0
20804959	0
48160833	0
509092	0
3328032	0
1471853	0
37087526	0
1195630	0
9638123	0
5040747	0
3695534	0
19063373	0
2329193	0
6788645	0
34207215	0
5220705	0
176198	0
13388343	0
39409556	0
27824312	0
3138585	0
1316667	0
9435645	0
16883866	0
1787148	0
5931991	0
8756769	0
37590336	0
59403	0
15927921	0
23686113	0
30875421	0
608312	0
13133477	0
24372375	0
4437656	0
135270	0
40102988	0
15106671	0
7034144	0
588214	0
26436132	0
2443723	0
36538648	0
1744948	0
460625	0
6271783	0
1635718	0
17006932	0
2421907	0
15029475	0
41011269	0
15131185	0
8634248	0
23030019	0
3407578	0
23464507	0
12408851	0
4163134	0
18269070	0
95621	0
216991	0
31369184	0
47092257	0
28063925	0
30508008	0
2794774	0
17550991	0
31837949	0
41439624	0
9146483	0
41522761	0
1355008	0
40218479	0
30864775	0
34558556	0
20477065	0
2040084	0
24896372	0
14991363	0
3492883	0
9371543	0
12041884	0
3544453	0
9609299	0
1240775	0
10300027	0
15258936	0
2612443	0
1371258	0
31177318	0
20115206	0
30049213	0
31323690	0
9040069	0
1577982	0
28087440	0
32790716	0
23204529	0
1310663	0
5627853	0
94855	0
3623007	0
1630184	0
17422768	0
4676574	0
5803280	0
23982202	0
36857932	0
46523837	0
5140248	0
1956336	0
7902337	0
9859624	0
46402144	0
3814712	0
16639969	0
35867054	0
40066396	0
19703006	0
17565197	0
26583623	0
609052	0
43832263	0
4468829	0
4024053	0
6251021	0
22465864	0
4178566	0
32652991	0
324109	0
35954420	0
9955923	0
22319034	0
8517147	0
32008536	0
4868789	0
587403	0
21182106	0
6816479	0
40937088	0
34626506	0
1157856	0
40977928	0
5706454	0
42615322	0
1958226	0
1116822	0
8648943	0
13214771	0
5288356	0
44426543	0
41924999	0
1800328	0
2432590	0
13789441	0
25676767	0
4140559	0
1773162	0
4727886	0
8431123	0
8771919	0
6989826	0
24243632	0
41677285	0
3977404	0
24280198	0
6533956	0
21569793	0
6716704	0
2578960	0
12039021	0
33130913	0
20160068	0
28228852	0
20517008	0
3288450	0
774277	0
1054878	0
95492	0
6341534	0
236931	0
8021625	0
2819291	0
29216413	0
23599906	0
2607184	0
6367001	0
3074677	0
13447480	0
235003	0
15891863	0
4375368	0
22526049	0
6475022	0
7463019	0
1448727	0
17116677	0
3024853	0
9783512	0
20059301	0
10603357	0
4749047	0
736545	0
22289420	0
3861236	0
15203327	0
380405	0
152442	0
27773036	0
6516528	0
38258912	0
1802458	0
1166971	0
30761319	0
38615535	0
7916535	0
485617	0
22544448	0
684885	0
877266	0
37796965	0
16431924	0
1079624	0
26163147	0
467504	0
22603243	0
21100132	0
8841130	0
3050424	0
1435851	0
45338798	0
7708519	0
2287280	0
5920003	0
23155302	0
8553548	0
2584921	0
4324146	0
1946456	0
4575388	0
31060548	0
38331810	0
38579323	0
4891347	0
8414532	0
1799263	0
29266113	0
194210	0
2820678	0
5673621	0
7696024	0
18445224	0
4956729	0
41424051	0
11148511	0
10172009	0
14934441	0
4119886	0
4891155	0
37313090	0
24357964	0
12877943	0
6789978	0
2328545	0
28449363	0
29827494	0
10490244	0
37065712	0
286122	0
2875144	0
5271126	0
9232880	0
41365798	0
12845192	0
11917013	0
3327555	0
18823984	0
22075975	0
13247202	0
24285173	0
44491335	0
7211184	0
7960687	0
15845253	0
3429	0
700574	0
49681	0
17877911	0
3887772	0
533816	0
2067354	0
3460478	0
41228216	0
6621441	0
1340000	0
46501469	0
3919375	0
42063999	0
2403115	0
118094	0
9888972	0
1570828	0
262963	0
