205815	1
31611730	1
83117	1
74018	1
25130905	1
1208155	1
3067531	1
1034290	1
30029	1
5693232	1
15858	1
47778629	1
504758	1
2022524	1
3565012	1
5594103	1
2284746	1
6802402	1
24811736	1
26055268	1
20840	1
48531616	1
2416926	1
14626	1
1048026	1
8011864	1
1664521	1
516327	1
11222611	1
744128	1
290623	1
21290337	1
3238769	1
27138465	1
2627256	1
7752267	1
173741	1
1715912	1
18949879	1
31738651	1
3528003	1
80538	1
11680596	1
522681	1
10388740	1
2437743	1
6729510	1
5378130	1
1215713	1
8390508	1
663046	1
215829	1
7198521	1
36966637	1
624662	1
914308	1
27712493	1
302879	1
207981	1
167633	1
5783841	1
20017	1
33911483	1
18883933	1
2017755	1
147411	1
1902359	1
2104093	1
20966	1
26651584	1
15521100	1
43742861	1
515685	1
166028	1
4503630	1
91868	1
35219208	1
40322215	1
25928585	1
292214	1
1758185	1
1778172	1
3221535	1
31641201	1
287961	1
179328	1
32086807	1
417548	1
13652	1
991640	1
4368966	1
16319	1
23179466	1
8246460	1
8082766	1
7023665	1
21023	1
163169	1
1229351	1
73192	1
5774889	1
1433458	1
272074	1
1704950	1
164993	1
2217710	1
28269322	1
644385	1
624024	1
949710	1
25340732	1
9031174	1
26608591	1
514472	1
4312820	1
335762	1
25755	1
560353	1
2815112	1
25866	1
800801	1
1311938	1
2288263	1
4098056	1
2406182	1
46831182	1
5133421	1
23693	1
1313805	1
16756	1
5111448	1
6039308	1
331439	1
966831	1
1056621	1
611778	1
36922	1
355603	1
80026	1
1790734	1
3234621	1
20057	1
9500970	1
101921	1
18337522	1
1556326	1
1127890	1
18914017	1
89602	1
2492267	1
514693	1
37582046	1
15058115	1
2668157	1
27929	1
3556835	1
59209	1
2458525	1
5745418	1
1896450	1
35883855	1
51097	1
515132	1
1281035	1
3863238	1
1753240	1
8503799	1
8353977	1
6927603	1
237925	1
7760548	1
2345828	1
967370	1
18030657	1
563640	1
30408996	1
22209922	1
3080115	1
528002	1
4665007	1
185095	1
13895	1
1933484	1
54956	1
547420	1
2341134	1
291810	1
27045	1
236287	1
30344	1
13978	1
352647	1
100955	1
1205768	1
1089286	1
2025168	1
2927928	1
1390513	1
431246	1
43395	1
13659991	1
23981046	1
30072	1
2610234	1
2228289	1
3398091	1
98409	1
21390375	1
2540805	1
9520137	1
5594620	1
1575279	1
180464	1
7824925	1
578538	1
153500	1
6939466	1
858610	1
7757354	1
14104639	1
1002417	1
370725	1
3786162	1
271821	1
7437	1
30774573	1
1044945	1
268276	1
3217550	1
2410846	1
73956	1
7399831	1
24740514	1
1901773	1
765049	1
12633444	1
1512539	1
169873	1
7694486	1
14937	1
164576	1
21925720	1
169201	1
1086696	1
21725985	1
497705	1
34634773	1
16255406	1
50203	1
6254921	1
6582846	1
730518	1
1457124	1
65017	1
1350799	1
13916539	1
445022	1
3395	1
1148310	1
638137	1
30158	1
15795726	1
192979	1
91231	1
2764030	1
1841006	1
3384852	1
4068	1
36732	1
438541	1
6834032	1
29393106	1
3347555	1
24230	1
3589031	1
324158	1
3563275	1
1203	1
710197	1
182740	1
496690	1
1212502	1
4016437	1
2407418	1
230751	1
2653506	1
48991	1
387837	1
1607052	1
1625	1
1498025	1
5720235	1
2353610	1
1156422	1
479192	1
27191576	1
22452	1
145401	1
49281386	1
1466910	1
412993	1
8539526	1
897181	1
241937	1
10465787	1
11652	1
1704032	1
169419	1
2834059	1
4686519	1
1034793	1
210542	1
3384253	1
743900	1
2974862	1
1774561	1
159989	1
3219476	1
3027752	1
2677779	1
6683766	1
193862	1
1432219	1
2616898	1
3387533	1
557036	1
6817114	1
9771168	1
1447136	1
1190557	1
34636210	1
46642610	1
2304453	1
6067329	1
21704	1
3934226	1
19615494	1
87240	1
318918	1
904063	1
13114	1
173466	1
26408	1
13024	1
9667995	1
37736	1
1123773	1
41861349	1
880525	1
227672	1
1231321	1
7414823	1
27258190	1
158384	1
46605	1
22646280	1
2904880	1
378848	1
19963	1
364358	1
942346	1
2130402	1
10312378	1
44238	1
565600	1
197228	1
33820	1
4070630	1
5403032	1
34126	1
5771	1
79572	1
39452529	1
2069870	1
984822	1
418467	1
55434	1
38324514	1
6210	1
673402	1
2632114	1
1982558	1
16050206	1
21492813	1
45642	1
495150	1
23542494	1
7865634	1
591670	1
2340263	1
1765317	1
1879301	1
1134109	1
28392	1
30705391	1
1388296	1
10338	1
579595	1
19275721	1
93806	1
411680	1
33566131	1
4137340	1
498885	1
14788	1
1930903	1
41095367	1
343242	1
4892861	1
3288030	1
6786495	1
213472	1
2109614	1
2362298	1
4761027	1
17286600	1
1376537	1
174415	1
15504981	1
7763984	1
86249	1
1327900	1
167104	1
10795673	1
1254205	1
16355	1
21937291	1
18949200	1
146005	1
329871	1
1251260	1
251223	1
2625210	1
3518184	1
5136097	1
15343376	1
3300518	1
516209	1
21088122	1
476211	1
1077278	1
937185	1
404528	1
383884	1
12876570	1
989955	1
362820	1
7875815	1
869190	1
3611210	1
207769	1
604727	1
2392280	1
681046	1
1047860	1
6455251	1
338207	1
6614192	1
1443102	1
620393	1
22292	1
144848	1
1967979	1
8178757	1
7674318	1
13751024	1
242036	1
22567550	1
891623	1
18831	1
15927483	1
314477	1
2183339	1
40241323	1
199946	1
2154681	1
961811	1
992398	1
3387078	1
1997499	1
266991	1
29185700	1
13646765	1
153825	1
33006259	1
2160741	1
24336481	1
4549788	1
1888832	1
472248	1
4865171	1
525250	1
1674691	1
24890851	1
175804	1
41570147	1
744333	1
257219	1
1359774	1
10963746	1
2487517	0
27551256	0
2869427	0
2362536	0
17541647	0
34939025	0
19929623	0
9531465	0
36554484	0
361277	0
154809	0
28436583	0
597684	0
46672145	0
31479114	0
35267196	0
23765481	0
7031474	0
20837804	0
42173309	0
11620737	0
12869965	0
11358399	0
14933252	0
17728	0
32858811	0
477002	0
30273375	0
144204	0
4113866	0
48249429	0
1150129	0
659220	0
5950561	0
32915940	0
1969034	0
10389169	0
10582818	0
10815082	0
11979481	0
17231836	0
31646204	0
12512953	0
6161054	0
36355067	0
16235984	0
1367574	0
2191347	0
8279625	0
15791836	0
41507385	0
35231167	0
1682495	0
457601	0
1377643	0
1387261	0
3356547	0
45456253	0
601964	0
5992790	0
9009896	0
6449445	0
32432653	0
19172887	0
6213461	0
31507212	0
2546370	0
2938235	0
12823996	0
869694	0
106274	0
12625187	0
9317453	0
1311110	0
1226950	0
3643506	0
518519	0
13149049	0
2685787	0
14922695	0
106154	0
7840075	0
12452502	0
3302647	0
17957990	0
1159074	0
37666985	0
2329446	0
36432724	0
94192	0
7037525	0
35084332	0
10211854	0
24031607	0
6570854	0
16536637	0
28041569	0
6554704	0
107603	0
209435	0
8787532	0
135491	0
30644836	0
30552961	0
3495236	0
15544533	0
442466	0
2174883	0
21451769	0
47720006	0
9251269	0
17093950	0
9276026	0
15759638	0
36714560	0
4413046	0
9468141	0
3373148	0
27421449	0
567343	0
15570802	0
26816118	0
15786235	0
9813207	0
5578164	0
2508428	0
27170638	0
925306	0
20782880	0
1019617	0
27807563	0
18303241	0
10163854	0
13455085	0
29584882	0
6140611	0
15232054	0
6121786	0
31338285	0
270901	0
8325681	0
264188	0
10262371	0
6418686	0
39234442	0
27673481	0
1603566	0
2561223	0
22917377	0
8291794	0
129512	0
21679345	0
6851938	0
38337784	0
7270400	0
14653776	0
7400386	0
4767735	0
32216249	0
10818400	0
11220181	0
1015078	0
1802647	0
27579455	0
10313698	0
20903377	0
763230	0
46278969	0
96216	0
3338433	0
3191778	0
20803680	0
30021644	0
5812440	0
6003902	0
10255748	0
267468	0
19553356	0
982808	0
11386286	0
5960253	0
30865251	0
16057069	0
15529155	0
13271512	0
5344719	0
4268547	0
11464238	0
11665451	0
2661379	0
1711044	0
25092601	0
4700460	0
33176090	0
2734627	0
10494421	0
12103622	0
17384037	0
7133111	0
1554023	0
1770310	0
972830	0
1614982	0
49399	0
37554826	0
7431492	0
2166156	0
1880230	0
116925	0
9480794	0
10036332	0
4734423	0
13911693	0
19826463	0
5310253	0
40563587	0
23975846	0
13415618	0
13765427	0
5136299	0
3633068	0
10083083	0
7270899	0
27806650	0
21664396	0
4083670	0
630762	0
4093158	0
16038581	0
16189916	0
32358570	0
18678236	0
1648668	0
126434	0
1252894	0
3350657	0
13660797	0
44868843	0
1067328	0
10985575	0
3361926	0
45489598	0
11953107	0
2729003	0
36535380	0
3811870	0
25759853	0
3267992	0
555892	0
420941	0
1589541	0
573488	0
929447	0
12363749	0
23783724	0
41673341	0
43464237	0
43246955	0
33403768	0
33662794	0
18584057	0
44062284	0
24333752	0
22338058	0
4674004	0
8296597	0
17062126	0
7182873	0
7805601	0
8972571	0
22913719	0
446789	0
29481914	0
1828159	0
43623049	0
23270472	0
25277301	0
46198349	0
5145378	0
15396240	0
5354668	0
39398356	0
4506475	0
4091513	0
6532066	0
5061837	0
40599786	0
17996664	0
22737639	0
3610629	0
45286194	0
27673298	0
34589348	0
19603055	0
16769431	0
21902609	0
1554793	0
20190226	0
48680632	0
545459	0
8860905	0
2263002	0
440578	0
13035759	0
40816416	0
33048027	0
2098267	0
13140666	0
42650577	0
27729251	0
17690677	0
20827641	0
21443172	0
15779120	0
9012774	0
5781419	0
5492195	0
33205222	0
22831361	0
776401	0
2748591	0
5146081	0
36054764	0
25472420	0
11997794	0
20869367	0
7204495	0
19518798	0
2855480	0
18284402	0
15692778	0
26187278	0
3725533	0
9425260	0
262989	0
6016245	0
6620735	0
19334783	0
795693	0
33289218	0
26935231	0
15684792	0
17794330	0
30734074	0
5147089	0
3844515	0
40701682	0
16844228	0
9978839	0
926527	0
643342	0
16424395	0
18075582	0
5026193	0
2924464	0
9972488	0
18988176	0
3721766	0
224443	0
34501941	0
19511032	0
1603993	0
3758710	0
21592281	0
5147493	0
8331152	0
40694237	0
4333783	0
5851765	0
3568712	0
975396	0
15693672	0
2795104	0
3657988	0
15479684	0
30389438	0
1251052	0
37910014	0
49015236	0
44568802	0
30780674	0
1185030	0
40689896	0
27175548	0
24317964	0
2350332	0
6394481	0
108783	0
4461089	0
29164265	0
9024451	0
128616	0
3742460	0
12426637	0
4420359	0
411825	0
6760867	0
694273	0
666952	0
15369656	0
1179171	0
32417426	0
6045602	0
5967940	0
6077023	0
36900745	0
6203472	0
9802817	0
1381178	0
14342434	0
5660741	0
23103684	0
29569558	0
4440621	0
6722767	0
17653072	0
21042139	0
91472	0
10297605	0
4613604	0
122697	0
16016425	0
4358051	0
20228495	0
11921852	0
3348966	0
5529490	0
8970997	0
1179174	0
3729555	0
1343044	0
19333698	0
3189170	0
2448585	0
3303668	0
18905949	0
18503829	0
8661216	0
129791	0
28936048	0
20482490	0
38980914	0
246245	0
11489582	0
514631	0
2731122	0
32680	0
138136	0
117307	0
27276522	0
2194141	0
27487117	0
19789591	0
12867971	0
17124579	0
838192	0
12769211	0
1657595	0
35424597	0
24747631	0
9405119	0
6064928	0
2165590	0
17019385	0
12212886	0
3713087	0
22683060	0
10231279	0
24030634	0
15003151	0
3720416	0
4163129	0
15430867	0
5732283	0
31958819	0
17560463	0
133465	0
31044148	0
4677136	0
36480248	0
10837742	0
3389642	0
2117594	0
748601	0
13730700	0
14660169	0
15608722	0
1183183	0
27963585	0
18584964	0
29205155	0
41336520	0
9996751	0
11952142	0
11557211	0
4797180	0
3629700	0
138076	0
32350416	0
9179826	0
