1912693	1
170688	1
6180110	1
292315	1
21001510	1
14386837	1
202664	1
3550263	1
129410	1
2840512	1
1377597	1
76641	1
354633	1
37955583	1
2003715	1
2758973	1
439166	1
586440	1
171013	1
311291	1
16258940	1
8193946	1
5118109	1
6055928	1
550664	1
29349	1
416361	1
36178876	1
26138280	1
866466	1
37791907	1
31500097	1
1037120	1
27968242	1
1216093	1
348737	1
5550520	1
221300	1
35555613	1
1439096	1
25997278	1
1379249	1
9714466	1
7502633	1
4250247	1
22708296	1
21696549	1
5001372	1
6816917	1
306456	1
21489344	1
125267	1
18384209	1
2453219	1
10982348	1
5584486	1
12160359	1
2474825	1
2387233	1
234315	1
1475804	1
74018	1
160269	1
7761830	1
629158	1
932141	1
5237901	1
1779945	1
94107	1
27652189	1
923252	1
7836429	1
82981	1
847111	1
16260617	1
2444439	1
467009	1
12785214	1
61498	1
6710587	1
1293956	1
1994850	1
738994	1
26303264	1
1447901	1
4856985	1
2173642	1
2490751	1
2861064	1
205608	1
714334	1
1290917	1
12485800	1
27171552	1
42130465	1
3748405	1
178663	1
8829	1
661665	1
2535966	1
862594	1
1525220	1
2069950	1
10069685	1
113463	1
560449	1
4243698	1
284493	1
4567685	1
3366840	1
344230	1
2200433	1
48396106	1
35850823	1
2929216	1
884607	1
1638474	1
1556553	1
74984	1
2872164	1
2152595	1
945950	1
5163420	1
11475030	1
2820081	1
19646551	1
147653	1
2336441	1
17566665	1
25090769	1
176956	1
671030	1
41555911	1
287798	1
9298468	1
284461	1
36320373	1
338843	1
18057720	1
1303410	1
6517488	1
964717	1
188429	1
32990448	1
462550	1
15397651	1
1040779	1
1276878	1
214328	1
29418830	1
2055963	1
213396	1
570779	1
12360877	1
16213762	1
5012262	1
3416052	1
212035	1
3079162	1
164356	1
348350	1
32211649	1
34252471	1
913995	1
981792	1
733661	1
70050	1
3396134	1
61189	1
3411444	1
33265	1
1095840	1
1298541	1
1399276	1
25218335	1
3486369	1
113163	1
695875	1
2019752	1
12679879	1
522822	1
2404106	1
26328712	1
12951941	1
18720389	1
8401732	1
417698	1
9143931	1
5759921	1
17404922	1
16025743	1
17578623	1
58147	1
971946	1
1874409	1
1338461	1
4960610	1
6111753	1
2255601	1
238341	1
3037451	1
11313	1
8273761	1
3818483	1
379213	1
16791637	1
8926844	1
34406373	1
1920916	1
1880660	1
2278691	1
16596324	1
2401264	1
5484461	1
4968189	1
789000	1
3375065	1
23979665	1
12797990	1
13909855	1
711497	1
2247799	1
4256161	1
169798	1
11443697	1
8873577	1
34255620	1
8536758	1
3272801	1
3287436	1
28277175	1
55503	1
3629068	1
11071821	1
122983	1
2043948	1
1406194	1
364930	1
8436645	1
1389393	1
250943	1
22164858	1
101943	1
4022218	1
742173	1
18279525	1
3014859	1
27174834	1
1770718	1
4322288	1
2641058	1
8656207	1
268303	1
5826451	1
19615494	1
117906	1
1359573	1
5714542	1
3015614	1
4849107	1
6601489	1
2317534	1
9830229	1
9124809	1
313135	1
909706	1
24215328	1
5998939	1
92699	1
885893	1
143483	1
6347887	1
316613	1
16982835	1
627511	1
21044687	1
115913	1
891425	1
36474927	1
3985254	1
24133239	1
24336780	1
18090137	1
4937163	1
7534677	1
9293418	1
14834962	1
1397678	1
2671855	1
35160093	1
36623250	1
17844	1
8911352	1
25206011	1
13767616	1
44062945	1
26300893	1
29108355	1
162371	1
27967333	1
151465	1
35497278	1
15325676	1
25990814	1
6643402	1
225984	1
42966142	1
7617351	1
607156	1
20223641	1
3325863	1
12150364	1
2280846	1
115426	1
6480878	1
24188674	1
4895674	1
24878489	1
61051	1
20816992	1
23305850	1
3168423	1
15352844	1
4354417	1
26857471	1
142426	1
2452450	1
1736388	1
14634975	1
116941	1
1145765	1
3681345	1
98968	1
44165	1
5279389	1
15323823	1
11155949	1
677806	1
18449779	1
21894375	1
1417801	1
327771	1
649787	1
1172302	1
27722873	1
4759221	1
6713737	1
19614230	1
900686	1
180993	1
21552822	1
9429802	1
6917678	1
48891	1
1828138	1
1871710	1
1022830	1
4277300	1
15108083	1
38796275	1
2657819	1
28977211	1
488957	1
18801293	1
189641	1
393674	1
147114	1
18416258	1
1061497	1
23478378	1
23737043	1
415631	1
2739013	1
172299	1
10454296	1
3311346	1
243087	1
1270224	1
374184	1
4663936	1
5338254	1
29997146	1
175458	1
30362091	1
1160050	1
1498641	1
909250	1
211103	1
2158110	1
376573	1
40847724	1
3484792	1
9956193	1
9391085	1
238391	1
5878174	1
1094730	1
2357543	1
363940	1
537570	1
3878045	1
237274	1
556539	1
21456296	1
1037034	1
1537841	1
1563494	1
12429296	1
24030857	1
564906	1
418979	1
5344498	1
1083391	1
30682610	1
12243724	1
33343169	1
860974	1
584255	1
936605	1
133721	1
177827	1
2618457	1
912486	1
1351301	1
1671792	1
9307584	1
2111318	1
106344	1
9582634	1
25116110	1
251011	1
8351178	1
5994128	1
14652733	1
2337274	1
4923959	1
1470908	1
19822915	1
26499344	1
14613597	1
14049208	1
7742343	1
7447706	1
5179829	1
187100	1
28182423	1
1111596	1
26308	1
55438	1
11848487	1
329722	1
10706201	1
1286914	1
39292036	1
26323317	1
211554	1
36844669	1
5173637	1
33303223	1
78806	1
2070570	1
24814204	1
10385898	1
3854479	1
2633424	1
499963	1
6338552	1
1197297	1
670324	1
1159860	1
13049	1
613879	1
6890307	1
337069	1
5091434	1
3282967	1
11444408	1
21504426	1
14830210	1
1241020	1
27478552	1
39330793	1
27885687	1
1237394	1
400058	1
415584	1
1204717	1
14102393	1
32970993	1
579545	1
20964295	1
293165	1
7424477	1
3004852	1
39882442	1
481293	1
3517067	1
402085	1
162998	1
242130	1
13937127	0
1142642	0
28379686	0
42724255	0
4038545	0
34926366	0
24113860	0
7338524	0
5360281	0
7901063	0
1123448	0
1440216	0
17506334	0
1347290	0
122692	0
2326721	0
3347674	0
9125185	0
3232704	0
7348566	0
12690581	0
761809	0
12505990	0
15184376	0
599018	0
7549486	0
19912414	0
10652161	0
7692627	0
36160028	0
495861	0
34912510	0
8395517	0
19174024	0
3817301	0
18556458	0
3178486	0
6216990	0
128126	0
136913	0
1870579	0
36632680	0
4540503	0
2206798	0
22525687	0
1143564	0
5230728	0
23003607	0
13858063	0
2380253	0
22087333	0
64579	0
1298348	0
111308	0
2439612	0
12969658	0
3000087	0
6778594	0
33969355	0
35809828	0
15831371	0
27232866	0
23639696	0
23558054	0
16961289	0
5088393	0
2941526	0
7126099	0
865444	0
31223162	0
25673605	0
33419727	0
41554236	0
6753476	0
357537	0
15400287	0
9533932	0
2836935	0
3644035	0
43082808	0
7775913	0
26320306	0
41089083	0
42149897	0
803276	0
34517613	0
1650806	0
13920625	0
13832344	0
2155105	0
5950545	0
29965909	0
130620	0
752468	0
16414963	0
43154656	0
1870472	0
1092115	0
4987855	0
3900933	0
3047304	0
4873912	0
27834683	0
1043724	0
15320504	0
48708809	0
2597994	0
17818068	0
47163936	0
6988287	0
27310297	0
17973	0
15116777	0
18785549	0
807091	0
32860237	0
7216275	0
32631743	0
34135963	0
5420099	0
655002	0
32236473	0
938712	0
9505820	0
428591	0
39966282	0
6051913	0
19115318	0
23432462	0
137617	0
2364655	0
205022	0
13510012	0
6712911	0
15722146	0
5821894	0
11580063	0
5417912	0
108389	0
96223	0
8805996	0
6811799	0
35815373	0
1296435	0
30007	0
4607008	0
1698244	0
27393721	0
12838899	0
877552	0
40047756	0
16925095	0
26587930	0
35226220	0
25203413	0
843892	0
35469963	0
11576204	0
1758157	0
3438286	0
24225066	0
10467083	0
47286088	0
10790243	0
35303678	0
9939475	0
21910218	0
16322798	0
15508256	0
36870726	0
11153091	0
24630790	0
34832741	0
3430686	0
8142765	0
1228601	0
14976721	0
13637338	0
36650613	0
43675090	0
102114	0
2646570	0
6569892	0
841734	0
26780502	0
10959193	0
2220320	0
7853622	0
5690883	0
5372145	0
8576018	0
39472508	0
7565441	0
32424777	0
24249920	0
9125091	0
192042	0
5396885	0
13877905	0
36249464	0
6759597	0
4744829	0
108362	0
38641553	0
2208055	0
1499799	0
37540368	0
1796178	0
6059806	0
43663439	0
1807083	0
30105789	0
1859777	0
5351328	0
26326369	0
2883581	0
7277208	0
3818217	0
6412685	0
4486127	0
32246735	0
19873609	0
1583712	0
343206	0
343590	0
40601947	0
7406688	0
116731	0
5233960	0
26441725	0
21887998	0
4376781	0
44282220	0
1938801	0
48885	0
31627	0
18534606	0
15463673	0
12429011	0
2201690	0
2879865	0
32266765	0
8683479	0
17397362	0
222247	0
326928	0
6010671	0
7988697	0
1504036	0
5020877	0
259771	0
7960121	0
48742383	0
9328929	0
4321336	0
12482858	0
39771422	0
15811475	0
23745354	0
6954517	0
556220	0
19257848	0
4532331	0
2133331	0
37930966	0
23584716	0
3119963	0
12637063	0
3530835	0
30700477	0
13308518	0
10261748	0
826221	0
8336041	0
91645	0
1957028	0
5701932	0
3760975	0
16409975	0
35178476	0
19336200	0
5213952	0
635940	0
11201438	0
28704527	0
133945	0
889946	0
604258	0
4084596	0
1212702	0
33661322	0
1779706	0
41053677	0
4241805	0
1440515	0
33791409	0
23528111	0
29534206	0
2629104	0
36973791	0
351846	0
22559423	0
287201	0
12637628	0
10105000	0
3766477	0
9981730	0
31371349	0
2362242	0
121793	0
11695613	0
17526884	0
40111780	0
33661381	0
1289304	0
3337537	0
34973779	0
1016070	0
10605933	0
2213756	0
1562492	0
8315653	0
27357668	0
29332196	0
33594900	0
6201706	0
3270043	0
680747	0
22490397	0
30826099	0
11275288	0
15853468	0
240819	0
22616917	0
30737031	0
15865189	0
1427715	0
21819123	0
27328406	0
25225778	0
2452701	0
23125706	0
2697813	0
26955025	0
4258084	0
32860050	0
8191397	0
37753502	0
31332987	0
932068	0
42726185	0
2604049	0
6501412	0
18905	0
262226	0
35920873	0
5845630	0
25185781	0
145297	0
11100187	0
15685955	0
26167604	0
789343	0
12298110	0
98297	0
18901390	0
21798344	0
17167396	0
11226604	0
6945578	0
30480874	0
5384878	0
11435331	0
24413853	0
30195158	0
34541743	0
13846384	0
606903	0
38922809	0
2688134	0
1419024	0
451655	0
3565987	0
5612901	0
15774136	0
13154492	0
12625598	0
4442585	0
23096547	0
23202701	0
9961413	0
860659	0
11779994	0
4863132	0
350893	0
5164963	0
11892539	0
3748164	0
1004807	0
44598964	0
17112571	0
25164574	0
5742699	0
1976373	0
12935560	0
39138806	0
36040448	0
6814485	0
1828240	0
19348696	0
115792	0
14432540	0
43904843	0
22407873	0
24170852	0
30707139	0
10950921	0
1697314	0
1847100	0
40244497	0
10898613	0
9083859	0
792252	0
127777	0
131657	0
5875384	0
12812607	0
44940334	0
22536313	0
11289931	0
15106297	0
14487173	0
2390608	0
40709921	0
15899592	0
18054184	0
46310771	0
11298269	0
1139358	0
8224432	0
5454745	0
2441461	0
4808771	0
10992376	0
113973	0
6224710	0
27580866	0
8082064	0
38893684	0
590622	0
188454	0
20994100	0
5285	0
31783830	0
7963763	0
9268566	0
700324	0
110968	0
4174089	0
61183	0
12704364	0
22732551	0
44059072	0
1095306	0
33612158	0
8246020	0
12509621	0
402190	0
8833560	0
17458899	0
4682254	0
16378814	0
4102721	0
15670103	0
13645605	0
5078180	0
5033857	0
11933872	0
2366219	0
11601692	0
25643271	0
25508894	0
21787921	0
15576091	0
30764897	0
3279424	0
14560429	0
41563719	0
40928146	0
1843050	0
9513984	0
886328	0
783967	0
919766	0
51831	0
212500	0
582131	0
6025104	0
12824463	0
25247061	0
