2704482	1
3848216	1
43675	1
7786028	1
387093	1
5487030	1
3438324	1
1700594	1
859655	1
1036941	1
11874	1
6321	1
8859863	1
526856	1
180432	1
16337186	1
297256	1
7134509	1
5155833	1
205474	1
34517536	1
7366634	1
12113935	1
4900499	1
1759208	1
3598051	1
30873409	1
1000474	1
569803	1
41402816	1
2800682	1
1732239	1
238728	1
29359053	1
1175744	1
1006487	1
554256	1
463945	1
26078	1
4907523	1
5133004	1
9749828	1
1866009	1
1225381	1
1448576	1
60613	1
111115	1
4297817	1
6118998	1
943962	1
5353861	1
31131	1
5670857	1
8152059	1
15841213	1
29212176	1
53261	1
6801357	1
3893666	1
2636739	1
149883	1
2204784	1
6975975	1
2402922	1
564703	1
1632628	1
25506	1
6614056	1
287066	1
983962	1
21347364	1
36912134	1
22467865	1
172356	1
352492	1
317597	1
159976	1
4647029	1
172538	1
1088510	1
380138	1
32185609	1
5416	1
235411	1
2386148	1
1771665	1
38536382	1
19916613	1
9012538	1
14531844	1
140110	1
448107	1
194624	1
13575	1
733668	1
2930245	1
966904	1
3674074	1
1302644	1
2603619	1
13241355	1
145607	1
2504840	1
729584	1
118017	1
169201	1
56945	1
416927	1
30456429	1
2201432	1
99306	1
1253868	1
1910095	1
321450	1
411849	1
4537	1
110005	1
1653786	1
45350265	1
374695	1
1546786	1
10900276	1
26356989	1
25520	1
2498345	1
648232	1
2910780	1
63135	1
1177729	1
1376533	1
307576	1
1803492	1
349313	1
2968229	1
7771276	1
18352	1
391018	1
3225373	1
221005	1
19079805	1
1445404	1
1119957	1
8368512	1
13144751	1
1601117	1
151097	1
1308802	1
294551	1
414425	1
42005	1
161877	1
15420536	1
211372	1
3771785	1
290509	1
624204	1
4214242	1
359678	1
1928229	1
924482	1
145439	1
7946956	1
23804754	1
8691603	1
185248	1
904491	1
35139615	1
420801	1
1017034	1
9008128	1
1219053	1
1193693	1
450860	1
7215006	1
632089	1
14468002	1
1299402	1
128930	1
413129	1
201174	1
1035241	1
522902	1
202837	1
250811	1
416339	1
990046	1
11788484	1
618621	1
944085	1
26790	1
144936	1
6574987	1
1194773	1
1915173	1
50378	1
2176310	1
173212	1
33220	1
803808	1
6417193	1
59568	1
7189344	1
71301	1
46344535	1
106497	1
4857583	1
17496326	1
5576102	1
2537153	1
867583	1
5503817	1
3039427	1
2841497	1
334090	1
4536328	1
439591	1
1142431	1
24961133	1
194548	1
2396012	1
143013	1
1276001	1
51464	1
909536	1
530465	1
2489368	1
2502830	1
12952179	1
464751	1
357005	1
72874	1
376716	1
5769788	1
3748130	1
634965	1
19789298	1
125209	1
144913	1
14929954	1
8821238	1
11001	1
13479374	1
243415	1
4048320	1
5640735	1
361556	1
4411449	1
8331225	1
52780	1
34737588	1
25920417	1
7445043	1
116805	1
151823	1
25747859	1
9568624	1
64085	1
1173943	1
12863210	1
3413609	1
17869126	1
4576152	1
2720020	1
44661	1
4854888	1
42705290	1
19393641	1
138320	1
993115	1
140437	1
92231	1
255999	1
2811926	1
11925307	1
1784928	1
615785	1
232511	1
42065878	1
15707151	1
6714969	1
91922	1
8056706	1
1234630	1
1010923	1
7432675	1
13373136	1
65032	1
13939474	1
339730	1
4087221	1
2627192	1
13001043	1
2438208	1
1284864	1
134707	1
16426647	1
567709	1
3767947	1
38135864	1
28303607	1
5165296	1
2685532	1
142805	1
49690	1
5408	1
2934596	1
2098670	1
1124272	1
49733	1
27066103	1
14042619	1
5339244	1
27692693	1
1311873	1
34953684	1
341982	1
127546	1
253116	1
210145	1
1643365	1
30740398	1
34578	1
134583	1
3779602	1
380252	1
101618	1
624687	1
2606700	1
92221	1
273437	1
618110	1
39191	1
2666781	1
24084730	1
70883	1
5231829	1
7125143	1
31064790	1
138593	1
44245	1
261047	1
369493	1
6700	1
32274348	1
53830	1
20552752	1
116831	1
2482283	1
18721693	1
217724	1
768194	1
2007696	1
11636222	1
1323101	1
5336550	1
33624944	1
1916229	1
592629	1
18935758	1
4585048	1
207655	1
13862	1
157109	1
26284	1
938564	1
81672	1
28881609	1
1933002	1
149733	1
375669	1
585846	1
785196	1
6076659	1
2871627	1
1767595	1
1826282	1
368436	1
2567564	1
86762	1
2239791	1
58819	1
634676	1
1755725	1
109790	1
37744	1
359117	1
358753	1
20329639	1
30981	1
44147061	1
1609333	1
2903790	1
3800968	1
116593	1
4968376	1
2572892	1
38565245	1
556197	1
712832	1
34258	1
12578978	1
9596204	1
206120	1
1875942	1
3368927	1
1165332	1
197889	1
4470357	1
2995660	1
32978735	1
22584921	1
30912159	1
1423051	1
308	1
124259	1
327184	1
2465765	1
1230478	1
528779	1
158384	1
20171391	1
3607067	1
1253854	1
1002741	1
30859174	1
24438	1
308634	1
657938	1
27120282	1
359267	1
840023	1
125137	1
66788	1
20288	1
5170	1
1829229	1
92450	1
601403	1
32216781	1
31627	1
22312354	1
3439968	1
342044	1
15482011	1
13068742	1
39139185	1
743480	1
262641	1
4131343	1
10915171	1
7030012	1
413508	1
2264529	1
5187026	1
2878276	1
316857	1
38981366	1
420922	1
15744	1
2525542	1
1126710	1
520203	1
2523809	1
35306910	1
93918	1
91722	1
22830659	1
3431934	1
7954388	1
329027	1
552811	1
170454	1
1768624	1
11785869	1
504169	1
2542821	1
4175884	1
72164	1
357156	1
6969063	1
375258	1
850563	1
626885	1
3052573	1
34427	1
38050574	1
17914	1
1984402	1
24214337	1
6570367	1
22520403	1
86735	1
2615538	1
8343473	1
1500717	1
737160	1
658074	1
667914	1
186393	1
77381	1
36577783	0
24008	0
16543797	0
7242611	0
14766628	0
3859693	0
6972487	0
2310929	0
46868781	0
14071552	0
34879353	0
44918675	0
1096552	0
6775960	0
70537	0
1800091	0
33215620	0
6841475	0
4825243	0
3419669	0
12035402	0
14336071	0
9255961	0
7628341	0
7764404	0
7456655	0
475763	0
2344231	0
7403310	0
40417	0
3230701	0
42542295	0
41731242	0
6710992	0
268927	0
2276312	0
5837451	0
18999187	0
47654893	0
21476563	0
2695305	0
4035236	0
23051744	0
43725463	0
5605332	0
9573818	0
1995360	0
35026599	0
291219	0
3076702	0
10777858	0
38635795	0
12781471	0
3222683	0
13876117	0
3128477	0
38462025	0
10513416	0
19122670	0
7330026	0
5446560	0
1334074	0
30212834	0
35847741	0
43269190	0
8087696	0
15018220	0
4088607	0
38469779	0
19746050	0
42267204	0
15010734	0
2006437	0
11081584	0
21008046	0
9207566	0
9386127	0
24049551	0
25572331	0
31249082	0
5396740	0
3964232	0
14993546	0
19898661	0
17189234	0
7308787	0
33049400	0
16131769	0
1510838	0
5836305	0
6794044	0
39079996	0
996843	0
23268536	0
32640454	0
13867418	0
979276	0
15747628	0
16778879	0
21019302	0
2115815	0
434312	0
6752511	0
3575797	0
23844757	0
22017729	0
47572188	0
14360032	0
3129679	0
2677293	0
25779320	0
8087618	0
4393544	0
5218524	0
7483091	0
16006968	0
7646216	0
17955344	0
26435575	0
120891	0
31088567	0
10148914	0
9041817	0
4603908	0
4084422	0
1778612	0
8026746	0
28407767	0
31300121	0
39113457	0
11970154	0
43434675	0
259818	0
8371799	0
11151719	0
2571444	0
44737891	0
28949396	0
2155905	0
3335819	0
31213093	0
5211846	0
39392805	0
15559689	0
6376861	0
564402	0
14988302	0
26636383	0
8035658	0
1805027	0
12449622	0
2157345	0
974100	0
1639119	0
38120128	0
27169236	0
26368748	0
35703802	0
46230302	0
881460	0
470642	0
22688491	0
3284336	0
4597380	0
4017657	0
134752	0
13711093	0
9084209	0
12762260	0
336604	0
30404819	0
26383204	0
12911434	0
3777379	0
27678884	0
40586007	0
29916231	0
3033921	0
10074194	0
9769807	0
9188560	0
10802130	0
18147352	0
3994012	0
36704643	0
34344957	0
21192798	0
3172735	0
3911201	0
47336281	0
8274651	0
40434278	0
1963790	0
3721622	0
113251	0
8201839	0
33201222	0
7395041	0
2285904	0
14051169	0
3859122	0
35649854	0
708307	0
3911423	0
34845854	0
5727584	0
36392770	0
20281173	0
376458	0
44147405	0
5405379	0
123896	0
4363902	0
21211707	0
13889025	0
2275574	0
552970	0
10640993	0
30082127	0
311016	0
2728269	0
735965	0
6249071	0
35925237	0
8056688	0
1907858	0
445311	0
18672118	0
3866155	0
23468193	0
4206758	0
14935002	0
36128802	0
8906395	0
4578009	0
16795072	0
6059829	0
1535781	0
31944248	0
50478	0
13922482	0
2275712	0
1587863	0
1577192	0
38970995	0
3532292	0
3188576	0
22425975	0
2604868	0
17354790	0
560156	0
47028645	0
1785320	0
3544205	0
29291256	0
28476685	0
579534	0
383936	0
12759021	0
975702	0
16562013	0
41510179	0
1663390	0
29803616	0
44753214	0
38066214	0
3331654	0
9590682	0
17150828	0
25082367	0
30135727	0
16267770	0
9101287	0
232099	0
29458575	0
47849140	0
18624662	0
2221872	0
1102507	0
42511619	0
29471340	0
14810742	0
15398140	0
4807505	0
31008376	0
48827759	0
19952834	0
39768171	0
17151126	0
19403678	0
1619788	0
11670346	0
28712688	0
507006	0
11369069	0
33941140	0
5815053	0
476465	0
6056523	0
4416907	0
9398664	0
728406	0
6033585	0
5570158	0
5696805	0
2393578	0
13770574	0
17652323	0
35216852	0
20912143	0
16803849	0
26029425	0
911462	0
12293821	0
988855	0
319766	0
42045197	0
1102710	0
6602586	0
32600705	0
464310	0
28773683	0
4223043	0
121834	0
41443072	0
34684182	0
119155	0
27269553	0
4570935	0
12485682	0
956562	0
1846321	0
23427168	0
2604590	0
25324179	0
1926431	0
4072727	0
37560544	0
1440069	0
7399076	0
5185661	0
32659583	0
40626010	0
3683358	0
21171183	0
30495233	0
2725065	0
17576844	0
44866534	0
2699252	0
30673140	0
750513	0
2885167	0
13784144	0
1128337	0
10903317	0
42795063	0
6720654	0
890515	0
508879	0
14678909	0
5467642	0
2274122	0
33733631	0
1261718	0
36582442	0
5595870	0
4300948	0
11847908	0
1222016	0
1781512	0
752671	0
29228507	0
18947424	0
42345640	0
12996026	0
3088029	0
6717581	0
2669289	0
124733	0
34746199	0
316613	0
40593943	0
18370501	0
23511300	0
9459156	0
30387293	0
13300022	0
14697830	0
192304	0
8176578	0
37269313	0
19944095	0
7202930	0
23146817	0
25016013	0
18497616	0
4905341	0
44046999	0
25524527	0
3977075	0
43013728	0
38494509	0
4692767	0
389703	0
4906624	0
21032445	0
23697899	0
19428303	0
30040518	0
689947	0
18170151	0
116187	0
6436971	0
2762130	0
3560956	0
11154040	0
2305381	0
10142813	0
138780	0
1534217	0
47423454	0
31936013	0
3311431	0
2253070	0
1037425	0
17874813	0
37202497	0
2358009	0
586011	0
1777967	0
11442964	0
22107148	0
1674236	0
636865	0
6170690	0
30912657	0
15350461	0
3963926	0
22716340	0
10589054	0
38207378	0
2734819	0
11307842	0
10868432	0
27194591	0
106262	0
356299	0
35212818	0
723515	0
2874532	0
24080047	0
12187833	0
6602268	0
5674386	0
7424661	0
1223859	0
22600976	0
10666076	0
9942240	0
23652678	0
12215954	0
22363676	0
19193556	0
15162436	0
4298124	0
14460964	0
41972321	0
34231220	0
47412736	0
1449930	0
9763798	0
48527058	0
2481194	0
22663561	0
4513514	0
12381545	0
9353838	0
7462704	0
10913398	0
2887854	0
8309689	0
9290254	0
1920608	0
39763338	0
2493474	0
32264962	0
8375105	0
4230540	0
1640810	0
5876703	0
9566048	0
22639655	0
4657658	0
39038181	0
3596890	0
31157286	0
20501842	0
15047436	0
13631549	0
