18637879	1
2071239	1
16869419	1
2829451	1
176301	1
1838984	1
20408270	1
925639	1
43996382	1
368391	1
26599826	1
77815	1
36870386	1
2888006	1
37625842	1
4247873	1
28467282	1
10088476	1
42231563	1
10569058	1
519148	1
11580743	1
2177408	1
39882469	1
17912042	1
3432796	1
27612386	1
36014847	1
366086	1
1755601	1
90095	1
735400	1
2830486	1
739036	1
48903760	1
5105655	1
19771022	1
7462748	1
1968107	1
46252	1
514135	1
23957634	1
468436	1
1233934	1
366085	1
27156354	1
29281586	1
65469	1
38723344	1
165926	1
18848063	1
3617958	1
10379156	1
575375	1
29153763	1
27733990	1
30475	1
292760	1
4606632	1
3162773	1
2425842	1
7390444	1
198570	1
13097	1
793978	1
34325368	1
152654	1
325024	1
31453848	1
1416261	1
19301712	1
2156721	1
7377898	1
39655378	1
1122017	1
6781361	1
33631004	1
33745139	1
4202318	1
1271269	1
5877628	1
2329446	1
653097	1
1241965	1
215279	1
4883348	1
44951450	1
19562099	1
45158643	1
611636	1
864267	1
716685	1
194740	1
30873960	1
1866749	1
22645252	1
183050	1
28825	1
16764178	1
20913859	1
1450104	1
4200216	1
2429474	1
177417	1
3402049	1
4910585	1
362258	1
2738848	1
235107	1
16511089	1
735189	1
3698944	1
914308	1
988611	1
3708400	1
8543160	1
947692	1
10788873	1
2156595	1
9725281	1
150818	1
461528	1
916280	1
9401561	1
798088	1
2404306	1
47782265	1
489544	1
1783162	1
38437462	1
1698796	1
233912	1
3416065	1
7642623	1
3271326	1
17668782	1
862651	1
2398137	1
665790	1
2237604	1
977413	1
980547	1
82862	1
6570914	1
1163113	1
2440988	1
11838142	1
2447607	1
419373	1
286968	1
22612662	1
1093860	1
26624884	1
9308056	1
19302052	1
645656	1
8217045	1
187482	1
9654739	1
3600825	1
19551002	1
602980	1
16559	1
1695278	1
6792801	1
31704288	1
21363358	1
2083430	1
25868432	1
36509297	1
30256000	1
47535782	1
1876458	1
604183	1
4700169	1
16308210	1
25954165	1
30863476	1
845033	1
603069	1
35678135	1
420821	1
1912767	1
1110813	1
514795	1
1953709	1
3717124	1
2493991	1
921055	1
355659	1
1812530	1
609696	1
2554965	1
11121	1
6350403	1
1551784	1
1214040	1
635419	1
3503563	1
875961	1
4354926	1
884265	1
5530934	1
188899	1
1439298	1
17132941	1
4064853	1
2334351	1
3563004	1
15464513	1
3207902	1
377300	1
1439184	1
15876465	1
968871	1
925777	1
1357405	1
734279	1
570559	1
29757096	1
663488	1
6349042	1
925818	1
2571950	1
15229603	1
6536935	1
6822790	1
916433	1
5197668	1
511813	1
7208255	1
2332545	1
548217	1
23967210	1
547923	1
12481317	1
2178655	1
13709560	1
42418	1
4073204	1
358933	1
6036786	1
10620278	1
552462	1
2565865	1
4572602	1
13779283	1
1087149	1
5985	1
440652	1
11492992	1
850446	1
2256310	1
441508	1
11036488	1
751787	1
320408	1
426294	1
283809	1
375466	1
1718570	1
6626053	1
4039472	1
1558244	1
2272003	1
178532	1
493268	1
874504	1
2737668	1
18383702	1
6347806	1
1011402	1
17060003	1
1302925	1
1400878	1
11076801	1
5966649	1
4598906	1
1543140	1
8135890	1
165302	1
30865404	1
6668214	1
31234796	1
7071834	1
881960	1
752960	1
2509384	1
3786193	1
2028068	1
609082	1
21152731	1
3627569	1
3789078	1
25738592	1
101618	1
2197022	1
313588	1
2079180	1
18621074	1
2140216	1
4093538	1
3173716	1
5778774	1
2859664	1
23970808	1
585344	1
42217190	1
10539966	1
8122234	1
366046	1
3618147	1
3593198	1
33905284	1
231064	1
128917	1
1349141	1
587848	1
317784	1
1358	1
2571809	1
853330	1
25748	1
24505407	1
6768386	1
47209646	1
3981005	1
31227103	1
6888588	1
29445770	1
48136807	1
887053	1
101358	1
2020115	1
1410778	1
32073	1
21308767	1
6557474	1
1352432	1
23165227	1
1246000	1
3268061	1
5081714	1
2446054	1
23830933	1
41060292	1
5933839	1
413739	1
635342	1
393329	1
23394601	1
133070	1
4124406	1
253116	1
665229	1
21767266	1
647445	1
4800502	1
1339551	1
3128675	1
1353096	1
3544102	1
18542340	1
11985025	1
19286434	1
26567783	1
44083656	1
601249	1
1823502	1
631422	1
17643415	1
32434304	1
4595820	1
6382762	1
24265000	1
20637	1
11630560	1
1127967	1
3854702	1
19189794	1
225903	1
624121	1
2429528	1
159846	1
3816900	1
7309517	1
587440	1
735812	1
4958946	1
1591888	1
419145	1
25886096	1
591691	1
4069143	1
34306167	1
1179449	1
4734036	1
1645718	1
4781229	1
28116729	1
1292582	1
24202929	1
30932296	1
48259170	1
36612080	1
222186	1
2419003	1
154549	1
294260	1
2260792	1
2839690	1
7176280	1
2610582	1
1264482	1
1385937	1
3229217	1
343968	1
3227466	1
2418620	1
7594060	1
38493727	1
3158541	1
14689862	1
8723600	1
2492361	1
2070678	1
33450621	1
1456103	1
925645	1
3544867	1
323610	1
1558079	1
30655949	1
420820	1
1263852	1
443777	1
2555739	1
2572808	1
738873	1
801036	1
7389323	1
1321703	1
2643385	1
37718343	1
3544874	1
11726679	1
5209140	1
2843764	1
996752	1
2156359	1
5586104	1
1666592	1
600386	1
1182187	1
5907658	1
23145396	1
615362	1
925439	1
3010046	1
4006786	1
218841	1
28148809	1
6299050	1
1499210	1
37429744	1
1882935	1
3313908	1
2972000	1
156746	1
30870639	1
1752886	1
24995004	1
26590739	1
28082426	1
78242	1
8659454	1
967174	1
2262382	1
8840553	1
624094	1
1205734	1
6330898	1
628374	1
16093357	1
273959	1
3436504	1
34866445	1
6116329	1
40069526	1
38101404	1
5617932	1
6963544	1
6755002	1
42902118	1
292945	1
91218	1
44691067	1
6048839	1
8045210	1
9629851	1
118608	0
12408344	0
2380030	0
27085038	0
631204	0
573578	0
25200450	0
8066937	0
30471313	0
32890774	0
11794347	0
18685878	0
31452052	0
21763114	0
1817124	0
40228947	0
15954537	0
96197	0
18723598	0
35261331	0
755680	0
328925	0
1559985	0
6766882	0
4436429	0
31074966	0
833671	0
43407177	0
16569877	0
2792012	0
462477	0
4634812	0
30497085	0
160679	0
42029781	0
32473067	0
6736462	0
2975212	0
1329090	0
18796857	0
15433253	0
15034978	0
22748963	0
1762719	0
1120052	0
1257451	0
25615533	0
37957090	0
1005724	0
10094810	0
19903555	0
1372456	0
210589	0
93595	0
6265098	0
3995991	0
30547803	0
20900384	0
35837056	0
3183652	0
497231	0
1237088	0
18837387	0
18477	0
19815483	0
3930912	0
879503	0
3152272	0
1392874	0
28507277	0
45437860	0
11694513	0
13765730	0
7267565	0
2371723	0
1197893	0
25644094	0
594646	0
2187282	0
27562844	0
39765446	0
3265227	0
22810058	0
4701981	0
12537096	0
94654	0
1023065	0
2286253	0
46783138	0
3367371	0
44500038	0
45252079	0
3574774	0
676865	0
5420719	0
11923509	0
13565368	0
12893770	0
371127	0
4949346	0
28540862	0
8129516	0
13813684	0
23518778	0
2519053	0
17464203	0
4671857	0
30874723	0
7245938	0
426414	0
9752369	0
48377733	0
156437	0
37668181	0
11544199	0
5139704	0
3500366	0
3301497	0
7500372	0
31982193	0
1045730	0
24505300	0
31518760	0
9378717	0
23446915	0
2813662	0
32639190	0
14901317	0
16378911	0
12935796	0
2877300	0
7084279	0
466534	0
23249650	0
1809672	0
7773571	0
46811003	0
34001078	0
20054669	0
5602233	0
897118	0
218884	0
1639529	0
10124844	0
2233200	0
763673	0
14358423	0
35519736	0
27780767	0
40703997	0
33125156	0
99189	0
23944951	0
630393	0
1666157	0
137888	0
13632855	0
6696809	0
10056157	0
5544882	0
36611	0
1970900	0
7427758	0
16710127	0
24810864	0
1463587	0
9801011	0
11825267	0
323818	0
28142358	0
28572877	0
4435467	0
15762825	0
16809391	0
37790193	0
3416298	0
17662321	0
6749302	0
4671255	0
4586629	0
40188550	0
1330851	0
35177091	0
28190117	0
19322023	0
377044	0
14142805	0
20300571	0
45527639	0
6567168	0
28138187	0
44330311	0
8947921	0
4267927	0
1789800	0
18963924	0
2794485	0
24480773	0
44375285	0
12827657	0
322641	0
452887	0
622925	0
157447	0
32759696	0
22711712	0
1667353	0
4595332	0
38974187	0
30809428	0
23112093	0
1751556	0
34709327	0
37401449	0
102411	0
15769573	0
633782	0
16856054	0
4403038	0
24556831	0
22726517	0
10119	0
2920353	0
19268470	0
2431661	0
2752897	0
213199	0
48501007	0
35482695	0
3574280	0
355989	0
6429400	0
31531145	0
38046976	0
34855480	0
4304282	0
41540115	0
4598595	0
2580765	0
1108651	0
14571265	0
13987253	0
679555	0
42118892	0
22989748	0
4996455	0
1089532	0
48259604	0
21650413	0
30493743	0
1946222	0
3358470	0
3659271	0
322882	0
5805125	0
6913189	0
33072164	0
30093048	0
24396600	0
15435023	0
30805675	0
13541747	0
487944	0
206426	0
40234171	0
24724728	0
7183863	0
6823540	0
1710915	0
28007651	0
1996975	0
14647656	0
3417858	0
11985910	0
4871458	0
9943957	0
2616123	0
13236169	0
4604526	0
28757022	0
2125996	0
40809701	0
897197	0
2328628	0
8178499	0
46648791	0
34606151	0
32771294	0
1007317	0
11395584	0
9308333	0
6230472	0
7506982	0
19073250	0
1195543	0
310201	0
1013361	0
7540238	0
35110157	0
3737250	0
5443331	0
603499	0
2108819	0
43821672	0
8407268	0
18863027	0
40910281	0
26585952	0
23197146	0
17967429	0
22971397	0
2034659	0
31279049	0
8512918	0
7016247	0
26211121	0
41552573	0
26105703	0
18037258	0
2058406	0
22807688	0
2420679	0
1051234	0
25500776	0
2279273	0
391131	0
876733	0
3867987	0
47286088	0
38976472	0
24456913	0
4171107	0
27807853	0
15230615	0
4967403	0
21284823	0
716399	0
3108363	0
4159335	0
42315468	0
6596349	0
112426	0
3979605	0
9959000	0
1755310	0
10415637	0
20295533	0
1826345	0
21573067	0
8268945	0
5471950	0
3132217	0
42496389	0
568507	0
928584	0
7281506	0
31367162	0
4030267	0
28284378	0
859350	0
3546963	0
2708399	0
1515525	0
21487870	0
10427477	0
14847351	0
21807314	0
7817609	0
840701	0
13969216	0
16409085	0
11140724	0
7709676	0
4436	0
1430594	0
8129227	0
3309668	0
1933263	0
1271978	0
32713609	0
904663	0
44744171	0
27718458	0
77002	0
32230171	0
17188323	0
37107671	0
33577370	0
25670697	0
30748966	0
28311157	0
5690545	0
628546	0
6523333	0
8802028	0
15100120	0
26974894	0
38899852	0
1028193	0
2661869	0
10830715	0
2644151	0
8486428	0
2827934	0
39463660	0
3504675	0
1953734	0
164344	0
23706730	0
25096791	0
2363745	0
1619164	0
26641696	0
4671121	0
38020871	0
1915158	0
5733455	0
28860446	0
11558440	0
2327897	0
44148350	0
180140	0
27078507	0
1447099	0
41364368	0
46384149	0
39980788	0
3027421	0
2159902	0
21754844	0
833837	0
3720150	0
14773306	0
38549447	0
39210036	0
47373414	0
37836799	0
8649778	0
11862020	0
1167214	0
32731126	0
1014733	0
8547710	0
3276162	0
39473991	0
24276145	0
2073381	0
1411665	0
6102888	0
9106544	0
35114386	0
19163688	0
40767926	0
3098700	0
46618072	0
28092419	0
6442511	0
11452465	0
9579210	0
4386957	0
6598344	0
32887829	0
4593361	0
3024946	0
16741022	0
3013268	0
37689744	0
8546584	0
4860560	0
2517655	0
3095629	0
31946022	0
9663417	0
7185156	0
20818141	0
343809	0
16462691	0
3370783	0
121621	0
35153131	0
25908924	0
29588559	0
4493480	0
21228785	0
30439756	0
34314742	0
20051596	0
6572042	0
1262008	0
1350706	0
11755076	0
1856033	0
19978600	0
15739992	0
112252	0
43423670	0
26925611	0
19435866	0
6051671	0
22978958	0
