6017329	1
152500	1
549494	1
34121636	1
1068463	1
8187451	1
3615307	1
21415651	1
78374	1
5640400	1
1192290	1
20920866	1
41470580	1
1148639	1
1855159	1
167247	1
14641747	1
247036	1
258653	1
1701910	1
343430	1
1245280	1
3023172	1
13096871	1
4311054	1
5749917	1
36717	1
459546	1
3446383	1
64017	1
25647170	1
99670	1
40062793	1
212504	1
473096	1
49112	1
33345125	1
34318481	1
1744425	1
129153	1
1246723	1
9269384	1
4846083	1
1069994	1
151454	1
2218531	1
2015895	1
195686	1
316240	1
15863100	1
2579322	1
400265	1
645176	1
1864222	1
1383621	1
1016431	1
4286069	1
23393597	1
361302	1
2908337	1
1835887	1
440020	1
7585866	1
1090715	1
2361195	1
12642711	1
1842602	1
586111	1
523834	1
473715	1
324316	1
5424343	1
7561186	1
1426846	1
24056080	1
3294616	1
83402	1
2674410	1
22277356	1
902142	1
39577010	1
27951	1
30479	1
5182768	1
642306	1
3991811	1
23428298	1
27527969	1
7406	1
231759	1
77783	1
2372767	1
6360969	1
2626454	1
4976320	1
5954465	1
2748843	1
584934	1
1211852	1
3254938	1
9315706	1
25495582	1
1667096	1
208403	1
1129309	1
43261555	1
44285	1
194543	1
1616459	1
307512	1
183760	1
21309824	1
147336	1
17087991	1
1635794	1
3110081	1
5735390	1
9709	1
982586	1
19136191	1
1699727	1
310708	1
1418534	1
7988780	1
24060	1
23319765	1
32606814	1
1160406	1
3907678	1
2506023	1
10060928	1
654349	1
3999185	1
10894978	1
56615	1
2431367	1
72119	1
2021728	1
5159513	1
1094795	1
4453782	1
945453	1
2621030	1
15771808	1
2823191	1
12189137	1
3866825	1
1070849	1
3772624	1
525038	1
6068324	1
2042350	1
30165319	1
46348012	1
185015	1
1545141	1
26709	1
150877	1
23393465	1
12767159	1
240617	1
18175096	1
25405	1
3363598	1
334703	1
37211	1
14008773	1
5717983	1
7731122	1
4978481	1
23191554	1
349407	1
1081495	1
29022628	1
1943907	1
326834	1
3358532	1
1912596	1
1883147	1
991985	1
29760169	1
10550200	1
2624098	1
20459148	1
69621	1
1577894	1
15804582	1
18603579	1
2758790	1
13114	1
37679444	1
36579	1
326967	1
17242359	1
7281580	1
1950118	1
5621476	1
21711647	1
533847	1
12419182	1
25044	1
5928075	1
2682546	1
15600346	1
11215763	1
12111828	1
1422830	1
28151	1
9591652	1
3764086	1
4609617	1
650849	1
1727520	1
271406	1
30961923	1
31971502	1
1153667	1
2938305	1
1595	1
134352	1
164676	1
10987455	1
750496	1
1243846	1
32176388	1
2255715	1
2720020	1
31898183	1
3045876	1
1114890	1
2000719	1
4947383	1
30356929	1
1082558	1
232009	1
1750904	1
10932627	1
651616	1
2685037	1
23409276	1
5369479	1
13781163	1
10640301	1
37042768	1
999948	1
34419	1
12074737	1
28269246	1
30865360	1
8880985	1
1818915	1
1527064	1
559792	1
6801255	1
1589	1
52949	1
21456737	1
332214	1
958457	1
254423	1
2181806	1
7594262	1
23012973	1
1500142	1
3577100	1
710113	1
39676711	1
183729	1
49386243	1
20533178	1
2851570	1
73199	1
10393104	1
409236	1
708024	1
4063078	1
8766914	1
367448	1
8034298	1
665626	1
3061954	1
29731116	1
37980916	1
5833826	1
1134507	1
849942	1
171068	1
34419438	1
812685	1
36642594	1
459456	1
754153	1
13280654	1
4978618	1
37174939	1
5690494	1
5372772	1
4978017	1
518342	1
29039853	1
4012339	1
1683367	1
4826847	1
1107530	1
201443	1
16880	1
1816090	1
710895	1
26470119	1
5879584	1
5150308	1
424345	1
3273720	1
27551173	1
803957	1
433716	1
37086	1
12556	1
2933920	1
22877178	1
24388188	1
1856555	1
92633	1
66053	1
384394	1
967282	1
853379	1
4542613	1
1547966	1
3181469	1
17432028	1
737754	1
464312	1
7985859	1
26107072	1
838361	1
26598633	1
19059975	1
20717443	1
3669282	1
1911238	1
11057171	1
1078582	1
88351	1
10568373	1
1661	1
21833448	1
28746611	1
19997051	1
2029357	1
5087163	1
1048640	1
3266548	1
61914	1
444395	1
157320	1
2095148	1
29392528	1
3649486	1
2921421	1
254597	1
43941891	1
10209822	1
1285252	1
107450	1
66145	1
17717333	1
16783185	1
47909	1
3376822	1
7252175	1
2995481	1
2316357	1
1955008	1
181348	1
5294853	1
2387948	1
1560340	1
456907	1
25958811	1
40389	1
38992713	1
26569402	1
27144695	1
373537	1
302511	1
18610364	1
327175	1
34952200	1
16783523	1
953301	1
2409141	1
39719620	1
2644549	1
13957	1
1676121	1
4928779	1
4358920	1
31488315	1
22358819	1
1515944	1
3283775	1
43620	1
15289887	1
203756	1
774005	1
57614	1
70300	1
23293803	1
1208762	1
1034465	1
20958	1
22042714	1
48701	1
4704298	1
872235	1
11241431	1
47367	1
356007	1
1631704	1
6290441	1
9456658	1
609535	1
4085994	1
2768975	1
505163	1
78498	1
19730891	1
378597	1
595053	1
10859532	1
2046356	1
14848625	1
4319	1
15339993	1
31255	1
519607	1
944886	1
365375	1
2296353	1
448609	1
34613571	1
536658	1
145154	1
1174967	1
39843	1
11514448	1
1278928	1
818332	1
32388620	1
1502289	1
52814	1
128242	1
2303569	1
621672	1
81886	1
17357705	1
3947876	1
21699	1
2330188	1
23483535	1
1781548	1
4846933	1
44316498	1
1810154	1
6535905	1
153791	1
12725919	1
2476808	1
2477752	1
5638067	1
26941	1
389789	1
16897621	1
160458	1
239835	1
366457	1
3876133	1
994043	1
1747468	1
294994	1
155547	1
31615401	1
368491	1
512056	1
3115281	1
255587	1
24518	1
677696	1
25436099	1
41939736	1
566952	1
31805	1
37165545	1
6006203	1
8549094	1
344070	1
400912	1
263991	1
370077	1
8852492	0
11545898	0
9396557	0
11100864	0
44788780	0
3438861	0
3485824	0
1531954	0
6826438	0
8856799	0
3806329	0
4192586	0
4190104	0
2872237	0
4478345	0
31073639	0
48671734	0
48540316	0
7580624	0
1782378	0
4023291	0
14055360	0
3675294	0
11499763	0
32764613	0
5480397	0
3122938	0
114030	0
8862109	0
18978483	0
8073208	0
21075038	0
761940	0
36377449	0
7125134	0
3058391	0
5779747	0
1955604	0
27899624	0
38443402	0
28900875	0
37324867	0
2046798	0
4520663	0
3426343	0
8034605	0
7853901	0
2226391	0
18839561	0
475230	0
864774	0
2360437	0
829502	0
3965967	0
9110974	0
27179658	0
8251786	0
21201443	0
16377286	0
14591393	0
6646435	0
2402898	0
20165263	0
37097562	0
40496692	0
44044241	0
22444074	0
33070200	0
23625631	0
104927	0
1638177	0
6133299	0
2827907	0
167485	0
17557777	0
29599225	0
729870	0
1176697	0
2747938	0
13950896	0
9728700	0
26463704	0
9458994	0
33813128	0
36678193	0
5895646	0
208674	0
10713772	0
15947467	0
6943415	0
2321	0
41438115	0
1580801	0
2769861	0
20505510	0
3007285	0
45261424	0
2772315	0
17503842	0
22481967	0
17513052	0
3045976	0
3339406	0
26550158	0
17826120	0
11790559	0
13422659	0
10543222	0
4687132	0
38580469	0
1240637	0
12677713	0
1297462	0
1603885	0
37188627	0
5302213	0
727093	0
16199194	0
2918889	0
403225	0
33663108	0
21510773	0
23310	0
23813395	0
30456653	0
20679781	0
13490658	0
31075250	0
6326220	0
139015	0
7984370	0
13891317	0
38743379	0
33426385	0
4239342	0
13660744	0
27667313	0
10248759	0
284767	0
9869558	0
2298460	0
44415600	0
11131382	0
45475975	0
31915767	0
13216534	0
1946834	0
30987037	0
3290717	0
1107728	0
28467587	0
1648383	0
16447956	0
455042	0
29504366	0
16368442	0
26263951	0
5802739	0
22339230	0
92217	0
16052349	0
4160734	0
10827331	0
1702812	0
11543403	0
262620	0
21805621	0
13739371	0
408301	0
34214923	0
1509224	0
1298636	0
22853024	0
21435338	0
22269291	0
15174104	0
150722	0
88887	0
30865589	0
2932256	0
663077	0
5260031	0
197904	0
494156	0
18399729	0
12504865	0
5335865	0
3981001	0
31275116	0
33212870	0
967894	0
24180081	0
9348604	0
16238172	0
13448465	0
255553	0
12860097	0
24889427	0
15703677	0
19075903	0
170490	0
575015	0
1024700	0
321862	0
22535445	0
1146087	0
34800997	0
28775961	0
3682630	0
2133647	0
45154184	0
47612761	0
2275279	0
8642108	0
11109398	0
101046	0
44421089	0
783249	0
17014232	0
951476	0
1582226	0
1296445	0
18672199	0
42568748	0
1553478	0
33724946	0
907219	0
5403070	0
35606018	0
1353671	0
3738802	0
111197	0
4254744	0
1801448	0
2312759	0
6006019	0
10559531	0
462871	0
4122444	0
23183811	0
108023	0
11376811	0
31251451	0
21937030	0
28417818	0
17402636	0
3758905	0
34282975	0
43202965	0
29704174	0
14790906	0
13677451	0
42313998	0
37795758	0
133087	0
9380612	0
3294876	0
32094990	0
1261441	0
2811295	0
38972558	0
42899592	0
15606102	0
9376824	0
2576644	0
4640968	0
3727025	0
12630702	0
1074011	0
25181839	0
1894394	0
19879620	0
44602048	0
4416107	0
2721250	0
2180950	0
31344489	0
15878596	0
3205597	0
3144278	0
31273315	0
8366975	0
35911885	0
681510	0
34781117	0
48737415	0
7034392	0
13857478	0
2908143	0
24838129	0
3595972	0
28303607	0
33021302	0
42998961	0
1283901	0
889258	0
47074213	0
34379579	0
24062260	0
137300	0
932515	0
6894580	0
31730101	0
33970903	0
7996660	0
9852674	0
42630834	0
11078970	0
1526181	0
23647679	0
29458397	0
1955275	0
222657	0
27763760	0
2138661	0
24410946	0
6274650	0
18812624	0
6182667	0
31602759	0
42103819	0
3344906	0
23284997	0
47149503	0
5925745	0
21126291	0
21348305	0
12632730	0
109464	0
24927818	0
2140062	0
5556077	0
22738160	0
1281166	0
7137182	0
4821958	0
43657450	0
9128	0
7846725	0
1778019	0
22459833	0
5598058	0
11630288	0
189630	0
6421460	0
11506997	0
4695687	0
11270518	0
7749976	0
47559665	0
127413	0
11524912	0
503898	0
12278159	0
22656617	0
1428314	0
4910786	0
30470199	0
5611943	0
27898517	0
166837	0
9158172	0
73164	0
2581594	0
38066188	0
13707539	0
23384620	0
38148488	0
28836113	0
112191	0
13386904	0
1557316	0
25716399	0
23959862	0
5829062	0
10414739	0
30874940	0
1053312	0
14351415	0
15396115	0
3058672	0
2992549	0
1744982	0
2269095	0
174227	0
37706362	0
17487618	0
958001	0
31171169	0
637993	0
2617569	0
9294503	0
9721533	0
10171510	0
37156012	0
10619007	0
25927801	0
22138388	0
13624290	0
31055741	0
25818618	0
23306114	0
32985770	0
1429265	0
17475556	0
30705269	0
949855	0
5713356	0
19010055	0
716011	0
45393301	0
6564869	0
28163602	0
7273583	0
36662591	0
447200	0
498684	0
7549161	0
2806221	0
9158222	0
1199915	0
45705882	0
5706437	0
86665	0
8506889	0
1957247	0
12795666	0
11184761	0
7340797	0
32998011	0
30208059	0
30160137	0
1302584	0
746847	0
6915594	0
48347274	0
3651982	0
49087694	0
12220682	0
10896784	0
3644380	0
38559153	0
47334237	0
6158845	0
9325398	0
134689	0
38356823	0
23171988	0
37164153	0
21551816	0
1374211	0
46285372	0
2728114	0
9353731	0
15389185	0
6547939	0
49042743	0
123199	0
10004259	0
108823	0
12822612	0
16366056	0
38580825	0
5285857	0
15492463	0
1714662	0
7634921	0
462415	0
1148124	0
10048387	0
13353237	0
23400003	0
41426828	0
36884840	0
2874585	0
2832295	0
126260	0
9115152	0
19320313	0
529373	0
1184207	0
117005	0
1038768	0
29341017	0
1214801	0
14936459	0
1110694	0
2604390	0
8077467	0
12925911	0
8152651	0
7209569	0
27856650	0
20984738	0
21467572	0
8182202	0
2373670	0
33152900	0
581328	0
31292169	0
