4029650	1
2174544	1
2791395	1
385726	1
3973	1
304586	1
10507616	1
8278567	1
4492762	1
110759	1
127828	1
97500	1
15702936	1
1344840	1
2198484	1
1847143	1
732605	1
6894384	1
15250858	1
179328	1
61978	1
6481898	1
700196	1
24737435	1
2894655	1
428618	1
28094976	1
233912	1
4629929	1
38966834	1
67003	1
3249820	1
219974	1
775134	1
19709238	1
1390325	1
49588	1
9847458	1
7078883	1
42599497	1
62013	1
21422125	1
5903178	1
42350150	1
3626149	1
29096352	1
443406	1
3546051	1
1150269	1
2528895	1
27363771	1
1489006	1
4472557	1
11551846	1
1432602	1
3933084	1
26218910	1
1097916	1
217370	1
32714296	1
101249	1
109607	1
2973752	1
467504	1
3320842	1
1578527	1
18460657	1
440239	1
3142681	1
34823184	1
4009	1
354345	1
175579	1
40718462	1
6149297	1
2276696	1
301816	1
3744423	1
150976	1
2387033	1
110972	1
48024366	1
312597	1
14837988	1
21814770	1
968463	1
2928273	1
61629	1
4829210	1
15391065	1
463329	1
341861	1
13402377	1
355720	1
844215	1
30932361	1
2100966	1
23620267	1
1083821	1
647570	1
855177	1
5192778	1
52667	1
10478685	1
17099271	1
4680610	1
3109686	1
80197	1
5928395	1
149606	1
134432	1
20985168	1
130835	1
20777182	1
36290864	1
4469180	1
42034926	1
2016669	1
1395296	1
2379581	1
30863971	1
35114745	1
29143500	1
40680814	1
14145231	1
3494375	1
2165522	1
17562415	1
4757022	1
40169956	1
2610161	1
66179	1
8625507	1
6654	1
246303	1
11661108	1
24376133	1
28961672	1
138106	1
39902584	1
1716460	1
3109032	1
6160852	1
572851	1
1652169	1
26636096	1
3882482	1
137842	1
352697	1
5425847	1
175928	1
628786	1
6011650	1
5681608	1
32387406	1
182812	1
1184440	1
419222	1
663596	1
396952	1
2454847	1
908464	1
11219780	1
2344231	1
53678	1
34296152	1
20938006	1
1050219	1
44742734	1
2029	1
30162524	1
5222135	1
668027	1
5698863	1
899626	1
27281374	1
12655382	1
263064	1
7455840	1
5412973	1
14905908	1
188158	1
9814498	1
62133	1
9470608	1
2462689	1
1666479	1
266999	1
109778	1
409725	1
1226300	1
1290848	1
28008856	1
8288986	1
109185	1
2604898	1
922984	1
16177017	1
11409436	1
65873	1
40584235	1
119926	1
6242592	1
5639491	1
12650843	1
8389045	1
13878568	1
911264	1
92220	1
10970957	1
49625	1
639104	1
3338984	1
297883	1
1024556	1
24923255	1
110358	1
8443101	1
14218810	1
356905	1
137708	1
44980	1
1773600	1
27804135	1
5426385	1
1752214	1
107913	1
2632473	1
22653289	1
263168	1
1492926	1
808955	1
1391765	1
9461082	1
28105437	1
31883300	1
38367532	1
2180847	1
42599188	1
317362	1
2587125	1
1277972	1
69790	1
29856757	1
710832	1
89313	1
886285	1
22391968	1
751324	1
23277174	1
2700157	1
5924137	1
5213081	1
4047060	1
87066	1
368391	1
3196646	1
21736090	1
882940	1
38470630	1
13827279	1
2043791	1
19157472	1
192825	1
2668162	1
579144	1
39570607	1
25937473	1
723930	1
18951309	1
1609929	1
528748	1
15504254	1
1657622	1
9730889	1
112273	1
22081791	1
4472801	1
672911	1
2375151	1
4936411	1
571397	1
2638090	1
24761767	1
6922763	1
881982	1
12367	1
2679213	1
20612543	1
806405	1
3345747	1
1066282	1
2458134	1
428925	1
13666679	1
263763	1
1164776	1
2640008	1
39296402	1
2152	1
450827	1
13802023	1
1918246	1
765199	1
6222872	1
993993	1
1463602	1
36109144	1
4197289	1
3549471	1
42861878	1
10932704	1
4176355	1
4131343	1
1119882	1
3727582	1
2488212	1
759334	1
5003154	1
2050270	1
22185423	1
38084958	1
32476737	1
340384	1
9995	1
9339341	1
27637477	1
160564	1
2192185	1
3649498	1
89492	1
6231	1
2787560	1
24736273	1
375081	1
1104900	1
127992	1
28887639	1
35983465	1
24978895	1
7758667	1
40491	1
998362	1
172051	1
2806743	1
106786	1
32412323	1
2804131	1
1708451	1
112444	1
66326	1
1570796	1
30328671	1
1346502	1
46052	1
46608435	1
1569859	1
5584113	1
45313687	1
3555822	1
2408539	1
8387821	1
6132011	1
2137952	1
22156	1
38247153	1
110446	1
42079752	1
18595	1
848619	1
8270585	1
924199	1
14475831	1
720168	1
20372638	1
20208732	1
1776826	1
21496766	1
24473883	1
182261	1
20228298	1
697455	1
267241	1
4590600	1
3067531	1
16810830	1
44010556	1
460979	1
107167	1
15722524	1
8009975	1
889025	1
11635125	1
2012665	1
833219	1
26126479	1
127581	1
9944427	1
3496605	1
2939232	1
638137	1
409044	1
43042480	1
94728	1
1780581	1
265806	1
19717310	1
924841	1
32681876	1
23688327	1
18935732	1
163639	1
45220805	1
18787	1
750798	1
168114	1
2807564	1
4903945	1
2053872	1
39920271	1
1720677	1
6647240	1
2986438	1
1599923	1
4172756	1
336962	1
6902653	1
25197311	1
5487221	1
123354	1
26439787	1
41390208	1
20689292	1
1553314	1
518436	1
287104	1
36923224	1
2516974	1
395365	1
10841547	1
4829	1
23210674	1
10873488	1
13965778	1
44311760	1
725235	1
1647558	1
3757485	1
650218	1
30606660	1
521574	1
1972559	1
1735841	1
83013	1
472600	1
986873	1
4293093	1
354975	1
3143516	1
717016	1
665239	1
15511	1
1594602	1
841314	1
15966038	1
13740913	1
1299299	1
1616355	1
3537215	1
697887	1
177989	1
268090	1
450698	1
161148	1
10808707	1
53930	1
11635624	1
303988	1
8539042	1
188834	1
1001922	1
544652	1
1065429	1
4971000	1
563462	1
1485652	1
4723513	1
189764	1
4714170	1
12549562	1
20571299	1
241135	1
18874567	1
44090314	1
537591	1
1491062	1
614426	1
37930501	1
23731830	1
36449611	1
35965658	0
15930189	0
5518445	0
21399889	0
11954120	0
25008706	0
7411700	0
8827598	0
30533847	0
8100646	0
137300	0
27956520	0
4878255	0
1255756	0
33097113	0
40842749	0
6596631	0
3823090	0
3944003	0
14556743	0
2823716	0
277746	0
43967347	0
35170577	0
2472949	0
1621463	0
128928	0
5868871	0
5775293	0
25215834	0
34086553	0
7298927	0
19192345	0
20896379	0
239419	0
727110	0
2492361	0
31994616	0
38394970	0
5675291	0
8099387	0
37166411	0
4103094	0
363957	0
357505	0
7333230	0
3765762	0
473964	0
12138449	0
40226043	0
25874893	0
2125927	0
33106765	0
6440325	0
31102433	0
11410329	0
15057702	0
893047	0
757021	0
1458014	0
22056940	0
6382812	0
3941338	0
11267589	0
23989356	0
44527482	0
1254881	0
39943283	0
3930941	0
22492702	0
35325964	0
6097350	0
208417	0
5793637	0
4095298	0
4636963	0
2605621	0
6241259	0
116942	0
451819	0
33916486	0
12511023	0
6475505	0
18432521	0
2475740	0
21989689	0
35297076	0
46311249	0
1749535	0
7642112	0
27558196	0
11908062	0
7313390	0
2883627	0
878775	0
17041185	0
9531404	0
3108585	0
7566093	0
2663135	0
39064546	0
6926953	0
171581	0
22409218	0
9768801	0
1135580	0
16074577	0
1508634	0
12674745	0
2809788	0
17288160	0
16767688	0
10972530	0
3839107	0
24190667	0
466228	0
2154540	0
22810310	0
1393450	0
29035470	0
15885722	0
8632030	0
4200731	0
5583518	0
5922424	0
44241372	0
1472594	0
501530	0
3944717	0
5061559	0
32919067	0
18704509	0
3010751	0
4843227	0
47019373	0
34275627	0
23556304	0
26357682	0
7116240	0
1773776	0
127945	0
261600	0
431570	0
15113525	0
17486641	0
21203847	0
8798904	0
32293887	0
13563338	0
135728	0
4747393	0
1291686	0
1389539	0
44498481	0
22888362	0
46210177	0
2212766	0
24014971	0
21364218	0
147473	0
2630391	0
367762	0
12993080	0
12196227	0
1797871	0
124903	0
27591777	0
2044850	0
33323230	0
20350964	0
36268616	0
244839	0
33446361	0
3843128	0
805749	0
4110713	0
1127402	0
18863237	0
370551	0
624818	0
20064379	0
632994	0
6133534	0
46279733	0
22832822	0
262635	0
6461354	0
6296326	0
12527113	0
27148056	0
1383378	0
4639893	0
5799376	0
4997513	0
7589934	0
5148188	0
32495261	0
34259455	0
7960374	0
1838671	0
19369775	0
7983296	0
1918839	0
497899	0
1512283	0
11033722	0
998245	0
919021	0
3157083	0
39016024	0
15129999	0
26236566	0
1493572	0
504478	0
43599974	0
3919589	0
5948157	0
23678179	0
13382652	0
1868261	0
2621093	0
1096887	0
22463181	0
4337996	0
6298792	0
1677926	0
2361360	0
20023938	0
974888	0
18884152	0
1684763	0
2694844	0
1781922	0
4163845	0
691838	0
1596828	0
5452278	0
5221762	0
5213560	0
6881528	0
19415714	0
39491356	0
23823029	0
898072	0
5061880	0
745215	0
37399788	0
19207388	0
876383	0
43248858	0
26099291	0
24963235	0
617281	0
26643514	0
30608504	0
20448357	0
10650678	0
1427266	0
31840428	0
1775852	0
47018032	0
3581337	0
2518086	0
1709861	0
8029852	0
521511	0
27644826	0
8077922	0
11443171	0
1384900	0
9640912	0
26280905	0
36632213	0
3672663	0
30865494	0
25336084	0
18847566	0
19025236	0
22604338	0
31385575	0
1370541	0
4699757	0
1624332	0
7089688	0
38223945	0
2275486	0
186234	0
2992342	0
6771159	0
41262343	0
16337616	0
40143171	0
2174588	0
5376361	0
39635867	0
47824655	0
10128026	0
13111116	0
23610444	0
2334728	0
6606565	0
4668705	0
25648451	0
1698370	0
14257731	0
1345432	0
4660171	0
1256604	0
782133	0
524408	0
19601861	0
36114008	0
26865371	0
29890953	0
25012178	0
528406	0
43570279	0
649275	0
13118358	0
19996899	0
22029999	0
1112876	0
11898959	0
20121266	0
3611684	0
26939584	0
6732766	0
16265755	0
6736565	0
33394566	0
109450	0
35757332	0
24137754	0
5143539	0
549662	0
68545	0
28425329	0
378533	0
2431552	0
9132510	0
22007302	0
49510606	0
24512682	0
30702825	0
44264102	0
9673621	0
22251468	0
48314	0
516989	0
13717479	0
21512646	0
112587	0
2263827	0
7118299	0
30161101	0
3255019	0
8845049	0
954858	0
5212397	0
2117795	0
33386704	0
1134	0
20392921	0
17369615	0
35514766	0
978071	0
37481208	0
7128485	0
43553437	0
14767418	0
20122739	0
1411790	0
4411641	0
23652440	0
32342938	0
1402491	0
42063579	0
36701439	0
37749862	0
21877639	0
23536176	0
11519672	0
12759482	0
16439547	0
30509021	0
26294499	0
31064696	0
5457293	0
20735878	0
11544055	0
23099899	0
40001250	0
5208887	0
10307183	0
41047721	0
5198608	0
2135175	0
12657321	0
1916653	0
12698832	0
5605016	0
1033208	0
7890542	0
40974583	0
12081183	0
36892994	0
19178658	0
14119283	0
28830768	0
41525646	0
12849648	0
26267783	0
12694115	0
21566645	0
3031811	0
2260436	0
122065	0
8618036	0
568148	0
6977589	0
42487981	0
28238564	0
48174415	0
4416127	0
7361002	0
17609308	0
11335835	0
47888709	0
644280	0
37689744	0
6624703	0
392245	0
22788832	0
2650754	0
6997124	0
2021247	0
2682927	0
12048270	0
3080251	0
38727678	0
17469347	0
4916053	0
2129886	0
51130	0
3228202	0
386685	0
23306715	0
4367641	0
1089261	0
448660	0
14093598	0
21305475	0
27373280	0
12131061	0
12844696	0
186829	0
19316427	0
45714153	0
3739611	0
982586	0
48401169	0
14386562	0
46647936	0
7237949	0
251867	0
2063477	0
24466022	0
9847719	0
2036467	0
2819370	0
2574200	0
29597067	0
26554203	0
1655202	0
10289104	0
13706195	0
7695697	0
41402977	0
2509831	0
2711674	0
29256780	0
17147935	0
10656487	0
7880845	0
2993733	0
11197837	0
40004107	0
136956	0
36981544	0
8007040	0
27897847	0
6022634	0
7800762	0
3031480	0
526130	0
3875132	0
16799709	0
24775679	0
24989990	0
27033037	0
