18799329	1
18804770	1
2477185	1
18494500	1
6341603	1
49360850	1
1448810	1
32807245	1
12025200	1
625384	1
3291015	1
18516350	1
15888546	1
157740	1
28072520	1
1004834	1
253313	1
18820049	1
2170997	1
15501844	1
3968322	1
2016341	1
7892482	1
18818035	1
15829462	1
15886410	1
12945000	1
15810566	1
43485209	1
74334	1
16964611	1
2866664	1
18801229	1
2100026	1
12565057	1
11135860	1
16067545	1
45299888	1
6302387	1
30863562	1
15450569	1
5558246	1
1448723	1
5369116	1
19677766	1
477896	1
1459389	1
697476	1
6583116	1
3116484	1
18801108	1
3108420	1
18556815	1
2049701	1
18816317	1
18799358	1
273591	1
58213	1
9536705	1
18790635	1
15918601	1
611318	1
16038775	1
3124733	1
14173890	1
4351734	1
1882220	1
8999457	1
14645820	1
2965339	1
4354467	1
405636	1
2543575	1
18293768	1
16037250	1
236986	1
766813	1
18785549	1
18819922	1
1351949	1
18804700	1
16040611	1
12021590	1
290281	1
1228886	1
18780529	1
15884610	1
28371151	1
15886909	1
12593481	1
18516937	1
3300973	1
17570798	1
18790469	1
21095713	1
3175332	1
11649720	1
15745082	1
15435262	1
17570585	1
1803709	1
86926	1
15782732	1
2296493	1
2252238	1
15822261	1
291052	1
18790699	1
1148226	1
15502900	1
18454948	1
28175973	1
4954135	1
15438880	1
16055031	1
15923372	1
15737473	1
17012948	1
897099	1
18450495	1
15922926	1
1647211	1
1536096	1
14985610	1
1427662	1
11695449	1
12737477	1
18779457	1
15520617	1
14039485	1
44290946	1
15809680	1
15579761	1
20313929	1
18494520	1
1637597	1
18494512	1
3569963	1
13433810	1
1545384	1
2964208	1
8860430	1
33575421	1
4472718	1
16045515	1
7901015	1
11136083	1
16054823	1
24621471	1
15430743	1
18494391	1
1177	1
17784684	1
15917555	1
17151176	1
3174626	1
15433164	1
2937703	1
2258162	1
92443	1
8968915	1
1130386	1
59134	1
9453076	1
10172819	1
15791967	1
16039216	1
15917152	1
11992871	1
9185119	1
20796574	1
15803416	1
13195273	1
1016936	1
312944	1
16971262	1
15871449	1
15930291	1
1881258	1
1145031	1
921911	1
18565046	1
9839150	1
6388900	1
2559299	1
1921491	1
16038195	1
18817769	1
2646420	1
4890640	1
19322926	1
16743329	1
9410156	1
292676	1
16053224	1
7404196	1
18516446	1
4052899	1
9528950	1
6390932	1
17786307	1
15921213	1
321196	1
15809600	1
28125936	1
2980387	1
18556901	1
15568427	1
3175091	1
2965327	1
16020265	1
9333963	1
15438297	1
9346037	1
17539461	1
3136336	1
15450495	1
6583093	1
7989271	1
15822417	1
3272451	1
15887574	1
14651261	1
42976903	1
569569	1
1727971	1
12227283	1
3071422	1
2127470	1
33952465	1
28414072	1
18516597	1
716629	1
20796165	1
2049566	1
15507544	1
1126430	1
16982466	1
16055309	1
2049770	1
3156712	1
44035	1
17570033	1
9445716	1
16038227	1
3559313	1
2982042	1
15933354	1
28371733	1
28182379	1
30491930	1
12509542	1
12965039	1
16964613	1
5447835	1
15879246	1
18804589	1
13672583	1
18788700	1
29594259	1
21288718	1
14202327	1
18806368	1
24815212	1
20057	1
27872964	1
16981351	1
1234326	1
5360853	1
6552597	1
5649732	1
11913982	1
16982473	1
18295755	1
660294	1
386947	1
21347120	1
1009228	1
15934075	1
102478	1
15911624	1
13819458	1
14806724	1
21749007	1
16043967	1
12036867	1
673010	1
1070333	1
2768488	1
14668566	1
18801106	1
18780465	1
9538866	1
2647378	1
289825	1
9892109	1
3272443	1
567956	1
15416285	1
18817731	1
955604	1
9735516	1
18565097	1
15949645	1
16040529	1
791109	1
15899892	1
15197996	1
17705122	1
10281248	1
19427632	1
8252123	1
18788862	1
18304974	1
15917918	1
2695267	1
799464	1
1427686	1
15791718	1
15803367	1
5263236	1
810270	1
15822664	1
18516432	1
15497441	1
58198	1
6932984	1
18553418	1
32809581	1
18304964	1
4821249	1
15914414	1
83205	1
1830251	1
15790755	1
16968441	1
19847153	1
221013	1
252374	1
3581914	1
18900735	1
355894	1
5263228	1
9225047	1
13288168	1
15804242	1
1228908	1
1499650	1
21823064	1
5311779	1
1175835	1
28277175	1
15829685	1
15430097	1
413525	1
5367878	1
15822182	1
17423788	1
1270259	1
2164196	1
38807204	1
2049669	1
15875633	1
6558650	1
17570698	1
15811063	1
934288	1
3233120	1
15822577	1
9893078	1
12933306	1
18565081	1
5476153	1
14851393	1
15822157	1
18553371	1
2570058	1
111261	1
18779486	1
18553378	1
15792257	1
3912230	1
18304978	1
428262	1
20227365	1
521553	1
3156777	1
18790530	1
1138889	1
19981084	1
18792029	1
20002689	1
4122694	1
18800982	1
7486168	1
101610	1
3736215	1
79493	1
15437491	1
18516661	1
3238023	1
17844417	1
11975953	1
18813405	1
20795825	1
15607407	1
8015133	1
214482	1
15501282	1
1606335	1
14852861	1
550686	1
17570456	1
15432619	1
16226367	1
18516536	1
5258051	1
16971333	1
1017014	1
15652973	1
15567822	1
15923512	1
18304914	1
3532493	1
15433737	1
28371615	1
5146274	1
15880401	1
1276506	1
16964480	1
521557	1
9306849	1
24103	1
15809595	1
4966407	1
594209	1
7755	1
15768217	1
17631572	1
1512762	1
17751124	1
13725461	1
33476787	1
415866	1
44251	1
15078434	1
1419403	1
15626050	1
89922	1
3101209	1
5045746	1
2027196	1
1462274	1
15439533	1
4521660	1
1051570	1
2149749	1
16054509	1
17045859	1
15675522	1
15829341	1
18552674	1
504698	1
2169411	1
10649002	1
14943294	1
16981390	1
3463179	1
18511085	1
11291946	1
4645898	1
1640855	1
16037234	1
73444	1
1719580	1
15945264	1
48979577	1
13496685	1
3174247	1
1877877	1
4581786	1
13143609	1
16054939	1
15791686	1
7684901	1
15923757	1
19852176	1
14599152	1
15898611	1
1748765	1
101607	1
5534313	1
6745288	1
18516353	1
20796485	1
18780406	1
273916	1
16046201	1
13030908	1
24540559	1
1768016	0
2069122	0
41494488	0
6416693	0
12225528	0
190020	0
150718	0
1838485	0
13354602	0
134119	0
12556372	0
59940	0
15517633	0
9946879	0
23371588	0
368650	0
1042613	0
1496089	0
15339291	0
4229398	0
2305175	0
41451375	0
1407341	0
10097776	0
15588517	0
36541770	0
22510077	0
32762942	0
12944747	0
32038301	0
14877865	0
921991	0
33065839	0
12579135	0
5525457	0
17354477	0
2877968	0
11717807	0
1618107	0
8856229	0
2598246	0
1235920	0
838649	0
34556736	0
19042900	0
381546	0
28293501	0
17803157	0
41787312	0
3473913	0
6472061	0
31157873	0
986710	0
42477302	0
380558	0
33135755	0
15625822	0
24825463	0
23671596	0
38673025	0
42361347	0
35904384	0
1280312	0
4080764	0
1878824	0
93444	0
44321507	0
25050333	0
18903378	0
13190479	0
21151614	0
12527607	0
15031419	0
12025134	0
1117691	0
4676358	0
4250853	0
1190561	0
1557309	0
20608846	0
13028794	0
151199	0
4764195	0
36807956	0
12938680	0
4747538	0
6263612	0
7138110	0
22587658	0
11180070	0
2530422	0
12267099	0
12937914	0
2924047	0
354924	0
62331	0
31117	0
39398115	0
11490467	0
25912263	0
49370202	0
249171	0
20464629	0
28301796	0
2048621	0
4306161	0
48721540	0
6527676	0
8574112	0
9112290	0
866204	0
31204984	0
542282	0
133976	0
308528	0
3520551	0
6493058	0
3457704	0
2062722	0
32387602	0
2221538	0
42535187	0
6347300	0
2074045	0
2593847	0
39336063	0
36700626	0
5912700	0
10723564	0
7692821	0
37309582	0
4374317	0
1616001	0
230357	0
3940288	0
19917323	0
6000159	0
11243908	0
10103507	0
33608650	0
14143461	0
40343640	0
6278836	0
18918022	0
3834589	0
7094568	0
3472165	0
34476982	0
39129360	0
1750147	0
152119	0
2275798	0
14599714	0
46355452	0
12649514	0
3992647	0
44552024	0
2742799	0
36983312	0
20702483	0
12896435	0
17018827	0
14048886	0
36658032	0
919118	0
6989422	0
11340890	0
1331819	0
6157862	0
22302454	0
4059886	0
5766942	0
1259733	0
39461774	0
5739240	0
2068812	0
871651	0
834368	0
20289289	0
127692	0
2605718	0
359923	0
18365761	0
1653169	0
339211	0
7747884	0
13051946	0
46305552	0
1794354	0
4023363	0
22861302	0
11953320	0
39293205	0
21395814	0
15648696	0
17705597	0
389358	0
22450394	0
26932917	0
17899639	0
6341806	0
22435556	0
32859708	0
632135	0
32753949	0
13073532	0
18569606	0
32713806	0
1284004	0
3597450	0
16646315	0
1635016	0
21337588	0
33952949	0
13247106	0
28933832	0
3728790	0
4926161	0
37867562	0
17148498	0
22806197	0
18987346	0
39743631	0
41361839	0
4755179	0
7454501	0
4916504	0
2486772	0
4198483	0
16311568	0
3623903	0
25273718	0
3195586	0
1386895	0
26461149	0
36613262	0
37494792	0
1077371	0
32765046	0
9388891	0
15471856	0
327416	0
10544078	0
5177312	0
111141	0
40470686	0
8281088	0
3045120	0
9226716	0
5533531	0
19059338	0
13860705	0
39298756	0
3188479	0
16455492	0
20817747	0
5935598	0
20874971	0
569670	0
11681480	0
24170255	0
32204114	0
4271679	0
12563267	0
1399163	0
19376450	0
19825348	0
12427905	0
30246882	0
117481	0
13788128	0
20926143	0
8295373	0
312510	0
12030547	0
2867579	0
491727	0
4880147	0
65104	0
27930199	0
37476483	0
17940863	0
23292496	0
1968991	0
10449714	0
1915800	0
1241813	0
35743539	0
12245627	0
43909648	0
433737	0
19340057	0
38776916	0
36814075	0
2455978	0
22859314	0
11720468	0
32848714	0
33292946	0
14662410	0
2799712	0
1871691	0
889271	0
7486571	0
11564169	0
2324255	0
5446711	0
36549811	0
19803818	0
34746253	0
39656241	0
24021560	0
39173081	0
11696343	0
14812467	0
3263990	0
106505	0
15783129	0
9123418	0
1688639	0
4237981	0
36802108	0
1274420	0
4276475	0
34298385	0
17368255	0
13378422	0
12127860	0
2663908	0
14299713	0
9184801	0
37739	0
524139	0
10269738	0
34460	0
14901563	0
1565636	0
6834745	0
2385373	0
3096968	0
3288512	0
11443697	0
16603916	0
19028714	0
1157625	0
4339	0
5391943	0
13696856	0
12396301	0
19618098	0
36411734	0
27473787	0
20608	0
36360780	0
5435370	0
38804105	0
5423809	0
13441483	0
16625967	0
5770936	0
7365648	0
10047499	0
292438	0
20366900	0
38023935	0
29585974	0
47582352	0
2846163	0
23930948	0
1163320	0
34866460	0
23733	0
10912118	0
12768338	0
28779903	0
48509908	0
22012671	0
13891090	0
15025026	0
7848781	0
12440294	0
10083610	0
1706982	0
13366616	0
7842472	0
20533983	0
32504140	0
122242	0
268137	0
112233	0
9313472	0
301744	0
5059591	0
26613488	0
27507128	0
225181	0
1855123	0
18093511	0
14091593	0
994398	0
12680968	0
3556801	0
6569544	0
1113290	0
25784744	0
43779314	0
12738282	0
47630748	0
3735091	0
33012332	0
8900763	0
30876976	0
1685644	0
27693844	0
11615025	0
31001060	0
41099623	0
22759120	0
984803	0
33136717	0
1221440	0
6162070	0
36994258	0
31641517	0
6051501	0
18733185	0
26500758	0
32297181	0
1409097	0
4306372	0
779795	0
39682915	0
7745548	0
7407401	0
5576175	0
8309689	0
29085268	0
18746760	0
29654225	0
14989712	0
2318278	0
22574698	0
30639993	0
38163444	0
50908	0
29690248	0
12382083	0
8848854	0
2445728	0
32763492	0
4916561	0
46875692	0
12104213	0
30500735	0
36285438	0
6767269	0
685132	0
1623441	0
21805520	0
2923272	0
5339778	0
24099177	0
6025214	0
46785598	0
34169494	0
18756850	0
45529337	0
2032736	0
7444490	0
22811455	0
5532662	0
15370226	0
25616328	0
1671570	0
600210	0
2022947	0
2041543	0
35795860	0
2631728	0
6769790	0
316643	0
3189546	0
14339508	0
21873682	0
5189746	0
42672988	0
38560751	0
2757018	0
28859071	0
6937355	0
20617049	0
89069	0
3519873	0
6906060	0
22752982	0
7288365	0
2431105	0
1777331	0
5140095	0
3868274	0
