7697504	1
2025378	1
411929	1
12853101	1
2839538	1
762763	1
8844023	1
20497486	1
3966933	1
19022230	1
384518	1
13028694	1
13205398	1
2834331	1
2725803	1
22850627	1
446783	1
10966327	1
31377778	1
31015198	1
68032	1
34664087	1
183304	1
352327	1
12764400	1
3529302	1
732727	1
21468511	1
1171582	1
474275	1
9227595	1
1687158	1
1167513	1
47780013	1
345984	1
905664	1
35052502	1
4641	1
76804	1
109449	1
15189552	1
7378166	1
41895762	1
516616	1
5240205	1
418894	1
22518	1
3318081	1
2272283	1
558793	1
4449097	1
21663936	1
1725188	1
268831	1
8236135	1
3902454	1
3451145	1
1123511	1
3771276	1
18131503	1
14689328	1
2774473	1
12587230	1
166781	1
39576	1
181553	1
20632	1
1997184	1
2504428	1
348356	1
10482	1
15468983	1
2709690	1
45846	1
225695	1
461771	1
32393	1
74567	1
1583415	1
2402308	1
377585	1
6980353	1
5102319	1
9510883	1
58106	1
7701222	1
1834650	1
171141	1
233710	1
152002	1
7574506	1
5293165	1
554261	1
48582897	1
1020830	1
7124419	1
15906612	1
1046324	1
229667	1
28787945	1
2198997	1
7479674	1
1580850	1
5649425	1
422642	1
4306091	1
3332640	1
13570	1
26250155	1
2032324	1
674089	1
57554	1
8079	1
2222601	1
1422223	1
58244	1
3309425	1
261918	1
18794997	1
8996213	1
3385322	1
987725	1
73930	1
1090242	1
2387422	1
7152156	1
3245646	1
142027	1
2000245	1
5355749	1
19413514	1
23867	1
41987	1
36742102	1
4472127	1
13376770	1
452586	1
559565	1
4958179	1
274508	1
1172325	1
29700502	1
18582416	1
3633306	1
1003859	1
30138316	1
38140377	1
2992	1
18707961	1
680383	1
38657303	1
12646339	1
907192	1
7109475	1
5590702	1
82789	1
207910	1
33079624	1
3818974	1
2400729	1
20264	1
999748	1
3442865	1
21045101	1
1041286	1
1012347	1
3182458	1
6205827	1
1396060	1
6185733	1
22949419	1
20255900	1
920556	1
9400849	1
210732	1
162749	1
2574982	1
12123079	1
15027361	1
626897	1
20104099	1
35926235	1
12803399	1
5934852	1
3305712	1
19374175	1
434931	1
280342	1
30889779	1
214934	1
649484	1
693611	1
2076349	1
1729077	1
956410	1
12385156	1
2447097	1
167027	1
51888	1
1348370	1
2664474	1
31883342	1
31745420	1
2384556	1
1554999	1
3095888	1
73522	1
3644025	1
11551846	1
22492828	1
223155	1
330659	1
406474	1
97690	1
627321	1
17382381	1
149681	1
270737	1
141757	1
20637396	1
2384438	1
1255719	1
10513672	1
8109210	1
540156	1
468995	1
11799579	1
880468	1
1688593	1
1859	1
2103217	1
3054569	1
990770	1
189614	1
2448105	1
22799062	1
298306	1
28645	1
29922	1
1068978	1
1093519	1
28830252	1
1116778	1
23293941	1
365213	1
1987653	1
6169127	1
1809873	1
231829	1
36895677	1
1528221	1
275454	1
4108736	1
44398290	1
29798	1
23832785	1
29859879	1
20701567	1
2600365	1
78747	1
5895305	1
11803299	1
223901	1
116606	1
274834	1
101954	1
252772	1
295828	1
14224329	1
2543721	1
10113483	1
277315	1
12212831	1
23575939	1
6122069	1
1809059	1
746126	1
2494213	1
17144117	1
382592	1
2925227	1
177840	1
204276	1
28817595	1
1269779	1
76310	1
26136751	1
14312	1
56444	1
1214438	1
2756918	1
18842395	1
1918835	1
78056	1
25558340	1
245655	1
282752	1
1010057	1
208150	1
7321030	1
1551597	1
34952000	1
139248	1
28842008	1
4448326	1
152364	1
1915200	1
1748392	1
6493433	1
1236122	1
1030617	1
745856	1
1199200	1
12152911	1
18979778	1
6319065	1
91687	1
17679758	1
1660020	1
4351340	1
176069	1
13920882	1
37574369	1
1250742	1
5064339	1
5260559	1
2740395	1
1660612	1
23927409	1
845096	1
6199975	1
142721	1
845954	1
21507950	1
2762560	1
2218795	1
136013	1
2802921	1
897281	1
150340	1
276342	1
1307603	1
646314	1
4706893	1
33787081	1
9977129	1
418611	1
25787074	1
333998	1
329344	1
7951	1
1034172	1
229023	1
1572751	1
115408	1
94742	1
1870151	1
865389	1
662134	1
44627180	1
13381784	1
45008	1
1471049	1
169778	1
31913022	1
145388	1
18610764	1
458290	1
5017604	1
1683292	1
1597837	1
14652340	1
3306412	1
2321130	1
166357	1
95157	1
925985	1
8686612	1
12298570	1
600841	1
731591	1
1090058	1
1884712	1
2389259	1
337420	1
25890428	1
23277840	1
260077	1
1634379	1
217184	1
12419182	1
43346724	1
6519772	1
213472	1
1082403	1
433824	1
4752732	1
321365	1
23451059	1
2038410	1
1442766	1
2938728	1
28973003	1
5953506	1
1658184	1
11507227	1
307335	1
262550	1
115521	1
3031637	1
2241181	1
1849446	1
178951	1
1234514	1
1105295	1
10173133	1
19844891	1
25754	1
6269650	1
280484	1
6426840	1
1010219	1
20476526	1
807510	1
183515	1
27658566	1
7756636	1
382349	1
41520179	1
12815981	1
29579246	1
171108	1
1184541	1
8282374	1
2021211	1
365192	1
35951398	1
383186	1
8994	1
144152	1
7535062	1
3222482	1
5431361	1
11450144	1
3170873	1
328940	1
2036836	1
12014262	1
11983070	1
24058868	1
9497332	1
648793	1
25348853	1
8763268	1
11418671	1
4944621	1
49855	1
34011871	1
202851	1
6335765	1
161978	1
162870	1
921759	1
7907317	1
1994850	1
324800	1
531911	1
35125582	1
302511	1
11686235	1
412087	1
1092057	1
16142326	1
6540670	1
416207	1
1089742	1
22605159	1
23139303	1
574518	1
204381	1
7476290	1
1694414	1
1064068	1
1530221	1
1943311	1
975385	1
667018	1
518018	1
53374	1
24235208	1
1186927	1
21711	1
1792776	1
612233	1
1932659	1
299935	1
18952945	1
71415	1
545811	1
3104954	1
13651104	0
750896	0
2036531	0
7963500	0
7277672	0
3303739	0
1499437	0
2533866	0
47368090	0
5678550	0
18541613	0
15152964	0
10397316	0
41064355	0
20496694	0
1800933	0
9543787	0
22280723	0
13077471	0
41066895	0
44532891	0
1711717	0
15332643	0
838016	0
26538390	0
31813913	0
1496688	0
11915324	0
18754599	0
132818	0
9732181	0
20539043	0
2544694	0
43849525	0
34922982	0
42902115	0
20998930	0
20436380	0
396834	0
23455454	0
47739506	0
24340207	0
14096175	0
300011	0
37982175	0
9508900	0
6742995	0
32947061	0
24870909	0
35955016	0
12595172	0
13955095	0
6481556	0
492220	0
22180144	0
3854037	0
1863256	0
22756662	0
15881415	0
15537999	0
2897489	0
11234588	0
19058437	0
206383	0
16254026	0
16652083	0
7030447	0
1631871	0
39425747	0
21252751	0
593561	0
120189	0
10190892	0
46683	0
9650243	0
30233888	0
12151280	0
2318701	0
1090228	0
17683530	0
22883014	0
871893	0
1846666	0
22083490	0
24432646	0
19110818	0
12542166	0
92536	0
37478187	0
32189649	0
126118	0
24453419	0
1699760	0
15505129	0
1966569	0
14739468	0
2713627	0
7914352	0
19684990	0
29084935	0
3116368	0
7793785	0
17874456	0
26710186	0
80802	0
905616	0
9590682	0
2091025	0
3792104	0
2930895	0
25486816	0
7567521	0
14146965	0
3145456	0
797330	0
8821615	0
7946715	0
20764183	0
35221766	0
1499761	0
4426354	0
4680924	0
18280832	0
36233900	0
10236568	0
45573203	0
253174	0
47364248	0
3047037	0
3355218	0
4432540	0
17080980	0
4811462	0
41447325	0
2108981	0
4487106	0
17121861	0
10764189	0
8008908	0
5688667	0
6090994	0
955461	0
635307	0
30274548	0
18624696	0
12488185	0
13506498	0
10850541	0
16913648	0
6160535	0
3609295	0
3553749	0
405434	0
43473177	0
12516709	0
13684549	0
2521790	0
29155611	0
14282849	0
1052544	0
36195103	0
28322522	0
7771350	0
35750401	0
6789262	0
22062296	0
9689504	0
919010	0
928593	0
43580637	0
108511	0
14437602	0
39449585	0
837213	0
23574793	0
2822046	0
2298836	0
7289688	0
44563667	0
39659198	0
1418787	0
33814536	0
838247	0
31177125	0
4068483	0
32657840	0
861898	0
24960980	0
841856	0
31410560	0
40241514	0
23020505	0
12623073	0
1740379	0
2481392	0
2147608	0
30887969	0
3894502	0
123676	0
97476	0
32532362	0
30988344	0
19855581	0
4740627	0
31840137	0
17962862	0
1844265	0
16083300	0
2960641	0
745675	0
5530532	0
12504525	0
17849289	0
9142650	0
19486397	0
48152669	0
33639858	0
5555572	0
1428991	0
3771879	0
5709973	0
1774826	0
11770301	0
17586039	0
10960540	0
6703889	0
3584428	0
983115	0
1051970	0
359303	0
28576701	0
19236704	0
42742061	0
32652315	0
8880426	0
32785781	0
20008898	0
11780127	0
2201803	0
8810988	0
168919	0
4133032	0
2539663	0
25558721	0
34414683	0
3889477	0
24286913	0
8722825	0
48509897	0
1620011	0
1433557	0
33499509	0
11245613	0
3216523	0
2180374	0
432396	0
20462183	0
5115526	0
60024	0
6504336	0
12602492	0
5076192	0
138413	0
42805978	0
24097778	0
40615727	0
11118985	0
4476804	0
19602208	0
21513331	0
863306	0
23240785	0
27432847	0
12839033	0
31299973	0
6827553	0
18902969	0
1601846	0
18500513	0
2066574	0
1256069	0
34529374	0
119974	0
46194498	0
42796347	0
8824105	0
24939122	0
4776946	0
6774416	0
36936765	0
216685	0
37161024	0
4771736	0
2542213	0
2459369	0
8699088	0
2843056	0
14930472	0
2168379	0
34617819	0
2156510	0
4856063	0
9299976	0
60171	0
841972	0
501548	0
8238618	0
42984491	0
23588933	0
11284254	0
16126697	0
33146591	0
545267	0
12594568	0
9952865	0
6228003	0
136992	0
150759	0
22494230	0
1143007	0
17657061	0
17640719	0
27759563	0
17220951	0
2802	0
20261920	0
10063319	0
1212747	0
26976765	0
27612074	0
15058365	0
3250610	0
25100065	0
22507908	0
36515001	0
5715101	0
6233762	0
8837064	0
30269723	0
13611700	0
36658001	0
8357726	0
5323393	0
12506598	0
12599601	0
14449245	0
8013864	0
2085032	0
20632167	0
43856971	0
26019812	0
2108835	0
6522904	0
32149187	0
35114410	0
12612295	0
3547764	0
45565986	0
972653	0
14715420	0
26456533	0
9114403	0
38835032	0
1189192	0
134697	0
19262457	0
25704484	0
23874631	0
405103	0
4986162	0
26764592	0
3202721	0
18200522	0
4454824	0
8272729	0
29447348	0
11932152	0
26741751	0
31234240	0
2490895	0
152413	0
23219350	0
1115629	0
6249661	0
45669706	0
27899337	0
28175209	0
7804321	0
1275913	0
8748407	0
13861211	0
1484886	0
1264439	0
811378	0
377816	0
29089301	0
32097831	0
6504173	0
32368509	0
2881159	0
19099908	0
19214290	0
47492746	0
95067	0
196840	0
10893191	0
7817667	0
18170465	0
8027373	0
7045445	0
16743075	0
611814	0
39045936	0
11038577	0
1080144	0
7327840	0
1861473	0
19662138	0
13516454	0
38014734	0
9445849	0
4151615	0
8975072	0
11272558	0
35969626	0
18642857	0
392250	0
40578635	0
3126824	0
38516862	0
42604277	0
22746560	0
35782251	0
915487	0
1125559	0
8582990	0
31777853	0
33519242	0
18901229	0
215892	0
907625	0
36060165	0
59961	0
27868191	0
4978850	0
1403359	0
20772162	0
26847574	0
507179	0
19118673	0
17392427	0
4366399	0
11332655	0
22580	0
16196686	0
5720935	0
24096728	0
39204860	0
2351829	0
5565075	0
5725532	0
24897931	0
33700690	0
5967431	0
10392653	0
28966521	0
1034995	0
523913	0
10370	0
4320520	0
31858872	0
21829402	0
733534	0
29338088	0
28245289	0
45616815	0
6698363	0
12061115	0
35253160	0
138635	0
16172717	0
35903267	0
32971785	0
6840756	0
9585941	0
2328177	0
33205160	0
1872612	0
2255568	0
32647348	0
35492568	0
234776	0
45663127	0
9481491	0
3400990	0
135796	0
10602335	0
31379700	0
13252503	0
989880	0
