804150	1
6412303	1
9823098	1
168968	1
648294	1
4693798	1
2475752	1
10224562	1
3405965	1
24506291	1
205506	1
7729523	1
2667815	1
1597576	1
14513605	1
5420849	1
29854564	1
6880137	1
31535335	1
13577505	1
4200803	1
2614577	1
19805678	1
706301	1
27964866	1
18850407	1
3569609	1
517142	1
3022837	1
1573295	1
873874	1
3264594	1
1520528	1
5714542	1
5399441	1
15199682	1
2070689	1
1208595	1
15826503	1
21660055	1
149959	1
5806211	1
8763891	1
27372704	1
4486421	1
635681	1
6537262	1
5926955	1
16008385	1
44552278	1
2029170	1
1313290	1
165934	1
537195	1
5477730	1
411215	1
2710899	1
171235	1
341549	1
6240669	1
465901	1
7683596	1
634661	1
2000818	1
505664	1
194652	1
13545446	1
868652	1
1006	1
3000070	1
17368654	1
2009361	1
548733	1
2620298	1
1068607	1
31808804	1
12323727	1
4861424	1
3026744	1
27481264	1
613634	1
1251074	1
3856881	1
2207390	1
15368369	1
11628486	1
7687031	1
1745405	1
717480	1
3346067	1
31329803	1
1082715	1
40159011	1
34592999	1
12418981	1
8804768	1
17616025	1
17721419	1
8160630	1
690007	1
3244707	1
325909	1
40165110	1
8221901	1
4609617	1
34111880	1
32742753	1
1969143	1
6079863	1
3493706	1
9127046	1
5878864	1
3721697	1
15761344	1
11324195	1
22551694	1
28011482	1
401079	1
13470	1
24941369	1
211087	1
349823	1
2168341	1
12010057	1
1351184	1
908565	1
2033667	1
1078824	1
14844111	1
2912785	1
1334935	1
2368118	1
19524160	1
22336422	1
18963463	1
392949	1
39796081	1
1313805	1
2199760	1
213589	1
2617579	1
7798538	1
169242	1
2141016	1
31855729	1
555988	1
38893177	1
9341859	1
3792182	1
45340529	1
1749176	1
6665962	1
524596	1
492056	1
31804949	1
16894586	1
348736	1
4634691	1
214203	1
18695462	1
13433919	1
23057814	1
23116760	1
7814910	1
505963	1
396803	1
4987699	1
165567	1
11521469	1
1036328	1
171390	1
39860663	1
13700396	1
698657	1
17738326	1
18044622	1
13884728	1
368204	1
236842	1
19515872	1
40678568	1
3603793	1
35321267	1
36963342	1
19758645	1
993532	1
12362290	1
2955539	1
6257738	1
8508274	1
12272726	1
19135450	1
27125578	1
863973	1
40611428	1
37333771	1
5284316	1
885284	1
254173	1
35002419	1
20810796	1
46406388	1
25829417	1
314780	1
2314279	1
42301573	1
21780427	1
20649001	1
6715514	1
30050951	1
30450	1
205109	1
490304	1
4074856	1
8313529	1
14125623	1
6772159	1
30538343	1
3921300	1
1640329	1
38349252	1
2380290	1
9911	1
1809816	1
37427943	1
27614	1
31560337	1
3326168	1
182890	1
31718094	1
47767262	1
188827	1
1821778	1
46540717	1
32181610	1
27917554	1
9311522	1
28480	1
6100008	1
6517629	1
43682251	1
31235951	1
13990433	1
691181	1
3869441	1
894260	1
236765	1
18312177	1
1939689	1
24721010	1
73257	1
1811620	1
4664010	1
18165943	1
31994616	1
2324269	1
2971305	1
19020059	1
2113844	1
29307816	1
26288129	1
908737	1
324644	1
164348	1
265586	1
1943156	1
480735	1
242068	1
29664543	1
30873938	1
1733011	1
1769361	1
982692	1
33499888	1
2013364	1
36192122	1
384518	1
602958	1
2690885	1
20439062	1
2347628	1
3583665	1
1657956	1
1360508	1
2484677	1
4680249	1
24188609	1
198480	1
4283186	1
39925554	1
3572131	1
24373171	1
2787237	1
1845373	1
1934198	1
5378468	1
365839	1
1562313	1
2005060	1
41245530	1
6926558	1
1606571	1
13553046	1
12559951	1
1147217	1
25548080	1
3205676	1
168593	1
3440828	1
2284919	1
1140227	1
1269508	1
999383	1
29335941	1
4804768	1
10335432	1
3216089	1
140637	1
23779445	1
880267	1
263187	1
966024	1
215566	1
26589358	1
1888537	1
13090015	1
22962538	1
2351306	1
5231992	1
2649370	1
37926497	1
152424	1
413189	1
38406514	1
3811527	1
804186	1
2992920	1
22443091	1
24933305	1
15622	1
1851350	1
10577	1
262383	1
36176046	1
3090812	1
21518722	1
1170986	1
3724134	1
902829	1
43517388	1
47770095	1
183094	1
7308053	1
38806613	1
11256773	1
8935003	1
20158960	1
212504	1
1125365	1
4396962	1
7150178	1
1166530	1
276783	1
207545	1
12045654	1
28685	1
36830918	1
4023987	1
644760	1
6068	1
27439601	1
4876091	1
2253925	1
8182757	1
2198937	1
32180564	1
23573414	1
11673	1
1211712	1
37641322	1
4269711	1
896529	1
1472458	1
10043264	1
10066043	1
859855	1
5325658	1
1951358	1
412558	1
4954769	1
676660	1
4144565	1
4700989	1
34135105	1
62017	1
192892	1
3650095	1
312877	1
11717385	1
1163586	1
64962	1
34087843	1
544605	1
3114319	1
33488305	1
429643	1
5971538	1
7282357	1
6114774	1
2480513	1
6644540	1
3761997	1
9424472	1
11248597	1
194230	1
10892616	1
36615	1
46813517	1
7273259	1
47836891	1
487971	1
174843	1
299475	1
6335798	1
14818683	1
36695413	1
518515	1
40225157	1
1792760	1
3563077	1
173124	1
241291	1
167702	1
42158268	1
27328338	1
533860	1
1620364	1
24353547	1
3582592	1
6701199	1
825761	1
336201	1
1337480	1
5103631	1
14588586	1
7678041	1
11213660	1
563184	1
2243660	1
26461338	1
25960513	1
31787077	1
1562502	1
2143902	1
17146416	1
1665989	1
424686	1
31232096	1
12099434	1
24757922	1
1616335	1
7286053	1
5135435	1
2627867	1
6332301	1
673067	1
4150111	1
22314592	1
20070322	1
1610950	1
42363	1
3632526	1
4415263	1
2194399	1
2511602	1
1358569	1
2420319	1
39261310	1
17480165	1
1702675	1
53257	1
5661053	1
2308573	1
34970964	1
5711476	1
6377345	1
25867592	1
38205217	1
23230076	1
29389504	1
4499062	1
24874360	1
39773490	1
11343196	1
4784659	1
869160	1
105407	1
10006799	1
35646628	1
184860	1
341070	0
3151317	0
8123014	0
3376765	0
13621939	0
3233510	0
13205718	0
14335797	0
26681910	0
21225282	0
13344873	0
48892189	0
30247127	0
12464523	0
41201986	0
6020648	0
10392764	0
7934070	0
3573170	0
21941144	0
5688739	0
36436896	0
11184112	0
199773	0
11459734	0
23382168	0
39810627	0
759223	0
690311	0
43349797	0
4342059	0
5235588	0
12831706	0
20086376	0
33913631	0
8875327	0
11800740	0
869387	0
44165472	0
17062206	0
42970097	0
235680	0
12497107	0
22790985	0
4314229	0
8142185	0
2926205	0
42604918	0
12310614	0
845754	0
33635883	0
23418577	0
31279049	0
12431283	0
46693963	0
12556034	0
1106551	0
36688492	0
11339834	0
11159981	0
1471164	0
1872804	0
32791091	0
2698019	0
18411587	0
6426246	0
25670432	0
4394960	0
5791641	0
10539261	0
27419119	0
30082127	0
36650624	0
41090178	0
17211075	0
37401145	0
556181	0
20860405	0
5550489	0
39477123	0
7348630	0
25243075	0
6763257	0
4603758	0
8789213	0
26180652	0
34967063	0
28894	0
12595385	0
202402	0
23204022	0
386706	0
3661986	0
6753425	0
27731894	0
12149699	0
4965158	0
6478246	0
14562488	0
24857568	0
25875280	0
3104806	0
5500214	0
178617	0
5783841	0
21098823	0
31744390	0
18777417	0
4456663	0
127249	0
28761190	0
22537804	0
2727969	0
9229843	0
1902273	0
8533830	0
22070895	0
2939537	0
23741624	0
12757222	0
3289842	0
622652	0
43328204	0
1331511	0
218457	0
7930875	0
3600326	0
43516516	0
19746721	0
1988619	0
8294806	0
5384303	0
16269113	0
16590012	0
16589549	0
33555863	0
33955271	0
28917749	0
16028360	0
963681	0
26554241	0
1068739	0
33446637	0
45094696	0
1377085	0
1159215	0
40676871	0
21528752	0
16449896	0
12559153	0
10477674	0
2926150	0
1950476	0
110896	0
11269730	0
915327	0
16782418	0
877026	0
151225	0
4615749	0
6234185	0
1336177	0
39682154	0
40311763	0
231432	0
10650393	0
46760246	0
40389924	0
1296783	0
33564897	0
5181627	0
16215620	0
16836615	0
434196	0
1528031	0
1690583	0
15045767	0
7950724	0
19618302	0
8329716	0
18260541	0
9786698	0
5807875	0
1519128	0
16012823	0
1455298	0
8126208	0
27661546	0
42874170	0
3815025	0
3042119	0
5994283	0
1907222	0
26316	0
494527	0
5544757	0
14143223	0
19611166	0
4804914	0
11983354	0
9450601	0
4638986	0
5310713	0
1965591	0
1939527	0
565694	0
2820384	0
15335011	0
24018829	0
1165075	0
502134	0
84148	0
48448287	0
38801389	0
3473009	0
921384	0
31170069	0
19070497	0
135416	0
34293308	0
44596583	0
1457546	0
10807395	0
5399004	0
8141045	0
360038	0
2753728	0
6047747	0
14467325	0
9104544	0
10705374	0
612479	0
30154876	0
2665562	0
2080580	0
7719782	0
26980631	0
6524395	0
3014807	0
9081916	0
21860218	0
37775171	0
3527516	0
9461954	0
2723569	0
3007421	0
9033016	0
10444185	0
30582263	0
7400363	0
20568779	0
18864341	0
48831052	0
2908703	0
27633695	0
33163674	0
6964057	0
23844052	0
30887737	0
649902	0
8515843	0
41651092	0
6814069	0
1847612	0
34377492	0
1948686	0
11709616	0
1264134	0
17585133	0
22571764	0
2254411	0
22093201	0
15652728	0
1354872	0
16757090	0
45042220	0
207419	0
1644012	0
11914150	0
34117965	0
6190880	0
879171	0
38790278	0
4141942	0
6905305	0
5803857	0
12364926	0
36512180	0
4584023	0
10043126	0
35883401	0
6705504	0
10119176	0
247724	0
6634220	0
48287259	0
875773	0
5392916	0
1529937	0
1332814	0
1163464	0
8446088	0
2668424	0
1438850	0
13845251	0
12808338	0
32755912	0
34414082	0
1251942	0
31422226	0
4980780	0
16008853	0
4583476	0
8795301	0
7404698	0
40375953	0
22037572	0
24954234	0
876930	0
1531363	0
11686773	0
14447565	0
2802601	0
15680889	0
737742	0
32072509	0
1080403	0
30919776	0
18980457	0
36016723	0
22303190	0
31228095	0
3242883	0
8704371	0
12736501	0
7524539	0
4319094	0
41659460	0
4571655	0
21814385	0
307024	0
39357303	0
10157831	0
25625500	0
8376174	0
26561598	0
10595256	0
3098534	0
2868250	0
11559365	0
6736175	0
96741	0
48171653	0
6008028	0
2993267	0
1869165	0
5618612	0
48252915	0
5586829	0
2575497	0
9623730	0
40681331	0
3610876	0
39943931	0
3201363	0
12751928	0
30246271	0
823826	0
33298059	0
36359542	0
1150481	0
19491242	0
45151027	0
6367753	0
15575630	0
8803038	0
2630517	0
234569	0
33371510	0
6916465	0
2486756	0
1063527	0
1939964	0
1350398	0
27593976	0
3554497	0
42972471	0
63734	0
6300866	0
31271947	0
29648251	0
9130267	0
821998	0
31508905	0
29500195	0
15839990	0
10603675	0
18175060	0
43374348	0
5088715	0
3477529	0
10309892	0
5377531	0
819778	0
18303133	0
27498644	0
27140577	0
23465467	0
4319218	0
30404841	0
2012038	0
25959127	0
366009	0
2327511	0
148089	0
32583527	0
16714713	0
6554584	0
12161395	0
33075308	0
32730663	0
30796552	0
48842778	0
70201	0
34946369	0
2420539	0
26513643	0
3251849	0
27836450	0
9411448	0
1687473	0
28328372	0
31068362	0
6112839	0
43055434	0
6573191	0
18443317	0
613020	0
34519967	0
157384	0
8136780	0
36885150	0
27485829	0
5857761	0
23480499	0
15275856	0
2950001	0
22497692	0
8759393	0
42115650	0
34594273	0
245655	0
4413994	0
18433426	0
21106652	0
7684539	0
23206562	0
18679536	0
49535516	0
1147959	0
7735689	0
10126252	0
429139	0
300823	0
18825129	0
101366	0
15160565	0
2234842	0
1347306	0
12064694	0
8138282	0
3056404	0
128559	0
1666272	0
841560	0
5687512	0
117989	0
27973971	0
4261231	0
2487704	0
1234948	0
13271172	0
2790066	0
2188381	0
40456096	0
6580366	0
1595611	0
39380226	0
18789119	0
188206	0
30742140	0
2869413	0
18321618	0
12851657	0
28946385	0
17753594	0
23928415	0
21133176	0
10336271	0
19233591	0
