8237432	495185	0
13931788	46439	1
1677156	23003	1
45230488	37010	1
6762103	147885	0
1284870	18895	1
791855	70402	0
41858659	6880483	1
685895	61032	0
43070641	7489105	0
23275799	9258	1
27069	22921	1
1795879	1562201	1
9734819	52682	0
22231212	34533	0
258221	6880483	1
425385	37010	1
26745378	23040	1
833962	24269	0
123612	455461	0
31437132	23003	1
174004	4599312	0
40095131	341029	0
30010437	3340881	0
31437132	838801	0
14631	9258	1
21989233	25414	1
1704278	30503	1
238285	18895	1
23275	25084	0
29035109	18957	1
40300362	17741	0
286736	29816	1
685947	590177	1
12281	354236	0
13132439	2922874	0
2755188	419686	0
433707	24983	0
595344	37304	0
30871747	9247	1
13437520	60330	1
31341328	53723	0
205495	9258	1
668027	10772350	1
2340344	7959	1
4101100	29174999	0
7697407	6880370	1
5302039	25414	0
4435095	1269164	1
7925	9247	1
29035109	18895	1
12963	1864889	1
2767570	184483	0
3245338	23003	1
1752682	37010	1
45230488	25202	0
542552	23040	1
13437520	37010	0
90682	18917	0
3995120	26700	1
4824664	17994	1
1677156	48778	1
440324	23040	1
4755052	27020037	0
313348	1606543	0
57987	42882	0
581057	171171	0
10058679	6880483	1
17343132	18717981	1
294996	25414	1
27415000	3792917	1
45556004	59157	0
743205	24694	1
10623525	11114	0
29780	18895	1
20812043	53309	0
16340	2772118	1
41858659	880112	0
440324	89313	0
2199587	24743	0
294996	21478754	0
1989064	63753	1
272065	503474	0
8329761	228250	1
5137538	19636	1
219709	615724	0
2306482	37349	0
47836	18831	1
24086	894	1
308	25447	1
24129602	931814	1
47096	23040	1
102262	5180	0
4163	364377	0
2887932	6024	0
7925	2130	1
8101680	1598092	1
48039	9418	0
7524674	21665	0
2340344	42882	0
310126	11185	1
4824664	25202	1
47836	1269164	0
26745378	16102540	0
27415000	587618	0
433707	2130	1
40357056	8591	1
5618535	102883	0
35377606	18887	1
11604648	9247	1
1677156	24388	0
286736	45434	1
25785410	43254	1
18744292	166162	1
4399425	6880483	1
5421679	29107	0
615394	24388	1
22254404	2343714	0
3192731	26787	1
19036648	29823	0
47643	10772350	0
15287818	24743	0
484674	70603	1
248859	2871407	1
457623	9258	1
5525588	26651584	1
23827898	385745	0
23575	357796	0
30010437	1271121	1
196578	9258	1
17382073	3054209	0
170626	6131049	0
32007296	9282116	0
2131871	192007	0
7524674	177778	1
11088446	18895	1
15941	12636	0
25785410	4112321	0
20868091	18957	0
175401	679759	0
2015918	146740	0
152487	3397134	0
31362188	9247	1
80039	41904517	0
26946267	5869	1
27069	9258	1
28349473	1343980	0
9734819	11185	1
30627449	882424	0
41328840	2002497	1
548540	23585	1
1082423	22986	1
4285582	25414	1
36721857	3397134	0
1582235	237890	0
19036648	19376	1
10054410	24388	1
2362767	1674993	0
22812187	18895	1
4163	46426065	1
335570	18963910	0
1819956	22760983	0
27959950	2122	0
40222465	20062	1
10321866	411590	0
4017794	30299	1
230154	19636	0
5479867	8591	0
314725	19370746	0
95184	376890	0
43070641	14631	1
4285582	49938	0
8211	50650	1
228980	22261	1
404431	36922	0
1739664	6880370	0
34348533	39301	0
15170825	25879157	0
3450464	1538038	0
9130986	1538038	1
20122942	23003	0
685947	6037917	0
5421679	9247	1
28365344	46426065	0
31341328	2122	1
4040297	884589	1
16153	23585	1
14747575	10401954	0
59658	37010	1
1311139	6880483	1
20812043	23040	1
36304349	586276	1
796629	218404	0
41328840	17806555	0
191431	40740793	0
26104	13451	0
3408	26833	0
21490890	1414677	0
17435692	3541416	0
3820043	37010	1
4213262	32897	0
592243	18839	0
59658	1262	0
10321866	34454406	1
21490890	171964	1
5018128	12562715	1
3826525	23585	1
22812187	24902	0
4806760	13692155	1
980934	29266	0
36721857	37010	1
206346	382494	0
48039	6880370	1
92195	9325864	1
1046676	495185	0
41428393	1598092	1
833962	48053	0
713688	4693	0
3958162	262635	0
12374593	48041	0
13988	34413	0
983	4744384	1
39902663	18717981	1
88839	18483	0
1272067	146740	1
16340	181889	0
18460683	26700	0
36721857	19121349	0
5949726	2770842	0
571418	5135982	1
457623	1544392	0
1757807	17547	0
44379533	13704154	0
7524674	455461	1
2231472	17547	1
3446104	192007	1
2611765	76939	1
84444	2517216	0
13988	364377	0
11604648	19711	0
17741	10396793	0
51074	931814	0
457623	23040	1
4300907	31718	0
685947	22348	1
602663	171171	0
8758610	237248	1
1010808	30106	0
17435692	3340881	1
191431	10772350	1
38422	585250	0
1179596	18887	0
15961376	17994	0
33833	9247	1
4147554	24694	0
15287818	37010	1
15260177	23040	1
2119888	52965	0
16489	6880370	1
30871418	23003	1
5094956	2049749	1
18624344	63380	0
4024033	1632710	0
42650568	882424	1
8776885	4463773	1
2199587	9258	1
595344	23040	1
369507	599178	0
143884	17373932	1
38224674	23040	1
2905913	6880483	1
4300907	630327	1
3558520	5626	0
41328840	1022287	1
571418	615724	1
75233	6880483	1
312906	294827	1
20868091	13276	0
5618535	50326	0
4040297	20458	0
1010808	2019214	0
197275	2049749	0
32510665	9247	1
22794175	25614	0
2725737	25140	0
2951290	40380617	0
47643	26651584	1
22794175	22986	1
16288	16517438	0
912033	5664	1
27970018	652849	0
4729117	9223	1
43395	18895	1
30627449	24743	1
8660005	1666883	1
3245338	37010	1
2951290	234984	1
7270459	46426065	1
9734819	24902	1
22954	10401954	1
13792	146740	0
796629	26651584	1
152487	23597	1
3950942	21368888	0
1936136	53132	1
462243	52965	1
4513331	748760	0
19451	10388705	0
302884	8072	0
1024326	357796	1
316840	5626	1
102262	2943008	1
2368766	9236	0
19373	177778	0
713688	22261	1
310126	51123	1
9179273	21555729	1
12250362	1598092	0
177557	18895	1
258221	70603	0
41323414	82533	0
15963644	5664	1
29780	1864889	0
3958162	6880370	1
1470340	46439	1
2809268	9282116	1
22954	22986	1
90682	22921	1
44307	17524	0
11947057	16369	1
4399425	15926892	0
310126	783925	0
47643	64959	0
17618352	76095	0
47643	3792917	1
40300362	3054209	1
41328840	25869076	0
22794175	43069524	0
27959950	23585	0
27547331	37010	1
4285582	18403	0
24081508	1693811	1
369507	16366	1
173966	22921	1
14249060	2049749	0
484674	51885	0
28597743	186861	0
17435692	9282116	0
37143	600329	0
243114	2772118	0
38224674	2557305	0
14285621	1022287	1
30012256	1632710	1
15246792	22158	0
8065155	70603	0
25388607	1562201	0
2015918	9258	1
2907794	11114	1
912033	5135982	0
174019	936385	0
747048	12636	0
5234262	1946540	0
1704278	297220	0
13792	18895	1
23040717	364377	0
45146618	4881604	0
8738289	9325864	0
47643	7959	0
13931788	333365	1
12007	204511	0
4824664	788091	0
3797870	882424	0
38224674	9258	1
571418	9247	0
152487	2122	1
196578	7582544	0
191379	19540058	0
2593247	15300335	0
592243	23040	1
16489	6024	0
13762034	18413531	0
595344	27020037	1
6160581	752	1
2982594	1904053	1
272095	23040	1
12557	21555729	0
15246792	37961224	1
123612	16369	1
404431	12636	0
427836	22934	0
1219317	221742	0
13067263	19370746	0
48039	7169189	0
39902663	13692155	1
36721857	4463773	0
210244	166162	1
11782633	24388	0
1838677	29266	1
25079964	1218284	0
2566942	628762	0
1165171	171171	1
1561870	76939	1
4500633	510845	0
50089	30299	0
28349473	6880483	1
1182523	25414	0
659907	9786024	0
42481477	3397134	1
22254404	9258	1
22295963	4112321	0
27069	11719855	0
743205	375380	0
1891740	23247	1
38224674	569	0
36094933	5897742	1
15963644	2557305	0
12185869	2871407	0
484674	20786042	0
4240618	1551073	0
841452	42882	1
31362188	766888	0
16623	586276	1
251240	21663	1
484674	29174999	1
314725	2513801	1
7437783	294827	0
5356017	50650	0
1748	18949668	0
205495	5177	0
542552	7355	0
1024326	16366	0
2593247	16366	1
6720447	15295	0
148809	1022287	1
38422	29174999	1
18744292	45134	0
237667	6639133	1
37143	22939	1
424304	22939	1
457623	11719855	0
5356017	22926	0
1989064	24743	1
33237673	5126087	0
1141327	884589	0
42251515	1666883	0
12730969	352939	1
29035109	2241273	0
24086	48041	1
48050	1269164	0
764313	1551073	1
42650568	9518	0
33411265	170653	0
8065155	6037917	1
2306482	6024	1
36304349	169407	0
6813298	2130	1
1819956	18831	1
828076	13692155	1
8211	240468	0
21989233	22986	1
24081508	931814	0
341297	11185	1
3271073	1904053	1
32349940	18839	0
177557	38890	1
1082384	351227	0
24081508	348729	0
35335662	1544392	1
3194780	2513801	0
13931788	439074	0
13762034	22261	1
12557017	5626	1
2015850	6880370	1
3842308	788091	0
147079	184483	1
36948	618162	0
24081508	27763	0
489002	106238	0
66612	2906083	1
2625475	16366	0
341297	1343980	0
25060891	23603	1
40300362	2744606	1
11782633	33660916	0
16340	23040	1
15170825	6285354	0
1936136	1063286	0
11959	140339	0
1077984	1607411	0
13988	9247	1
75233	8886	0
564568	302256	0
12963	191429	0
22180428	24694	1
5767324	166162	0
31362188	1022287	1
173966	33158	0
30010437	51119	0
12281	18963910	0
1739664	18831	1
776738	237890	1
548540	357796	1
40300362	23585	1
2618354	36922	1
44379533	23040	1
3400637	11328678	0
20860	9258	1
1077984	432513	0
5479867	748760	1
954797	22081	1
7780773	2744606	0
17256427	140339	0
13669872	11185	0
1179596	375380	1
6720447	23003	1
153803	9928	0
2350935	37196	0
5543894	9247	1
3209746	5961	0
24129602	18483	1
13427432	661863	1
18744292	1311096	1
1082423	894	0
26946267	325736	0
856045	51885	1
5234262	1693811	1
394272	26787	0
590599	142910	0
28349473	200340	0
6813298	98983	0
22254404	1214877	0
489002	38890	0
20116557	25414	1
1826352	8072	1
80039	83484	1
15170825	42796964	1
2767172	19280734	0
22180428	18895	1
1936136	22261	1
2593247	192007	1
30627449	9223	0
952926	76939	1
6047123	52682	1
219709	24388	0
11782633	22261	1
1403783	9247	1
611323	4708237	1
23078170	9247	0
3820043	6880483	1
335570	18895	1
393256	6880370	0
457623	70603	1
26993261	19685	0
25079964	9593	1
45112946	9247	1
7534167	8884904	1
1004355	4744384	0
23275	9258	1
321979	13470	0
13988	38802668	0
13067263	24388	1
152707	177778	0
308	1632710	0
7333072	765430	0
153803	9258	1
3061089	48990	1
2362767	14400	1
43390744	23040	1
27415000	630327	0
685947	9258	1
298725	16366	1
14631	5938176	0
5618535	3741945	0
2907794	13749	1
11088446	46112	0
743205	4463773	0
22812187	57521	0
59789	2128182	0
17618352	882424	0
13988	6880370	1
5370656	17741	1
666212	9258	1
243824	788091	0
272065	2241273	0
197275	5734	0
27547331	18985062	0
24086	17524	1
20868091	4599312	1
404431	6880370	1
2907794	11291009	0
3245338	18895	1
148809	14773	0
298725	307154	0
11194	503474	1
31362188	9786024	0
23827898	13692155	1
1752682	45134	0
41428393	5897742	0
12281	18831	1
313348	142910	1
75233	42882	0
33228799	23003	1
605735	22348	0
791855	2130	1
1409290	20062	0
1561870	4797057	0
3271073	21176677	0
56244	23247	0
191379	304939	1
243114	2107559	0
23275799	26833	1
3628924	23040	1
272095	6285354	0
556846	10772350	0
6047123	2049749	0
685947	64959	0
132471	5897742	0
36721857	18895	1
3386412	9786024	1
21566	17524	1
2767570	5826	0
16143	6880483	1
3842308	23040	1
1077984	37010	1
36721857	44816	1
45556004	16369	0
5525588	240468	0
833962	6880483	1
3820043	290237	0
2199587	18895	0
87172	19280734	1
15260177	27113	0
1588837	9258	1
668027	12401	0
14285621	4672294	0
1311139	9258	1
4604413	53451	1
45146618	52813	0
2905913	29816	0
1219317	21401843	0
1935651	8591	0
11947057	23003	0
1004355	106238	1
45556004	22760983	1
841452	23597	0
23275	22986	1
11340731	23585	0
8065155	18949668	1
251240	9223	0
564568	23040	1
11109	22986	1
609071	148979	1
248859	165451	1
153803	10772350	1
2174008	60330	0
84444	748760	1
17343132	2221011	0
875857	21368888	1
3242380	159211	1
174019	9247	1
32349940	6880483	1
1588837	30862657	0
15260177	9258	1
11781924	102883	1
314725	655002	1
1622981	2107559	1
17573116	13756	1
20844942	63185	0
623244	1609286	0
45146618	8130927	1
33237673	18895	1
36304349	2130	1
40949287	13831	0
875526	13756	0
11782633	46426065	1
37464286	237248	0
24129602	1262	1
7610225	21401843	1
22295963	6880483	1
451653	8884904	0
7524674	17547	0
1091473	51319	1
189690	894	0
43395	14914	0
7925	14539	0
30376172	844186	0
228980	53723	0
1826352	510845	1
2611765	153324	0
19451	9258	1
42809386	5826	1
17054475	6880370	1
948915	936385	0
18624344	4213	1
5949726	455461	1
47096	13561452	0
40111970	3541416	1
2340344	23040	1
1403783	310584	0
98996	63753	0
195684	23474	1
16187	317633	0
2077	24997119	0
1219317	9258	1
143884	438005	0
321979	37010	1
316840	742515	0
7489105	39301	1
41905158	41904517	1
2982594	153324	0
12281	18895	1
425385	2128182	0
155895	34533	1
15260177	41330767	0
24086	23612	0
30871418	52682	0
948915	18895	1
21989233	45434	0
17741	9247	1
16340	4522868	0
362445	23040	1
2809268	78449	0
15246792	12636	1
39902663	17547	0
16593123	44379649	0
4413558	661863	0
589305	25614	1
1826352	788091	1
4898440	22939	0
2015850	1551073	1
32988170	19280734	0
427994	5626	1
2611765	884589	0
2515919	23040	1
179109	53132	0
6439120	18717981	1
90692	1397910	1
1826352	33660916	1
159451	200340	1
45146618	419686	1
424304	21215203	0
48039	333365	1
310126	19634230	0
16340	9247	1
35261875	146740	0
2306482	13692155	1
833962	9247	1
592243	9418	0
177557	2604124	0
32510665	297220	0
45230488	61032	1
5611943	880112	0
4721799	76939	0
2611765	23003	1
5356017	37010	1
13988	22261	1
19373	2130	1
5618535	18831	0
5618535	13749	1
153803	2241273	0
57987	37010	1
40061732	16366	1
404431	22261	1
84444	32897	1
32007296	18895	1
424304	9247	1
238285	18973869	0
43421	10772350	1
19373	18895	1
36948	10772350	1
40338902	42199619	0
40300362	9247	1
13931788	58849	0
1826352	170653	1
205495	23603	1
1820701	1011982	0
18972136	22261	1
2566942	2130	1
47836	310169	0
201112	166162	0
197275	221742	1
5356017	1551073	1
1826352	29816	1
3242380	24269	0
43390744	63380	0
2905913	19594028	0
205495	19280734	1
202475	880112	1
612408	9247	1
19373	988	0
42501777	12598	1
2847218	352939	0
1820701	16366	1
2625475	22926	1
685947	22672118	0
23275799	19641	0
1187936	341029	1
24081508	18917	1
5618535	8195726	1
33228799	309379	0
155895	1607411	1
548540	218404	0
8660005	186861	1
11109	23597	0
5767324	46426065	0
1522072	38890	0
8329761	13831	0
3773900	46439	0
4948395	2204161	0
7925	270804	0
38455	46439	1
16623	294827	0
4040297	70603	0
8667351	9014	0
2755188	1311096	0
30871747	1519001	0
30627449	14109	1
23275	48053	0
19373	44379649	1
2340344	243391	0
201112	37010	1
40980045	317633	1
6762103	18895	1
26993261	23040	1
22254404	11328678	0
3061089	1978133	0
1826352	18949668	1
558945	46439	0
27415000	34171748	1
4163	21368888	1
16593123	13749	0
47836	13692155	1
623244	23040	1
8776885	76095	1
22954	17547	1
40630925	2204161	1
20860	525298	0
9038310	51885	1
1936136	9247	1
2625475	5756554	1
9038310	30862657	1
246538	376890	1
12374593	752	0
612408	742515	0
2458898	24743	0
11087326	15179951	0
1311139	685789	0
685947	146740	0
3408	2922874	1
45146618	9247	1
2350935	9593	1
308	26805	0
828076	53723	0
912033	42882	0
2368766	23003	1
1152135	8886	1
166969	5756554	0
954797	1802769	0
30627449	2343714	1
1284870	146717	0
11958	5176	0
13745964	15295	1
272065	42199619	1
983	16369	1
2077	9247	1
26104	37010	1
24081508	23003	1
2015850	3262885	0
12281	1214877	1
11087326	18895	1
2713672	1632710	0
875857	6880483	1
23078170	11114	1
875857	348729	0
13669872	9247	1
10058679	13831	0
2119888	148979	0
8237432	13306	1
912033	2906083	0
90692	18933569	0
45343	19594028	0
42035006	317633	1
1091473	16102540	0
1082384	46426065	1
16593123	22261	1
4285582	22986	1
30010437	18895	1
32710366	63185	1
658274	38890	1
302882	748760	1
206346	18895	1
123612	765430	1
1217818	21368888	0
1677156	204510	0
2279482	4708237	0
35261875	24983	1
40300362	9014	1
31429563	28246	1
1172511	6131049	1
3245338	236430	0
1311139	32612	0
22180428	4744384	0
33833	586276	0
27069	199169	0
6439120	882424	0
6345126	165451	0
12195438	6639133	0
58198	41904517	0
148809	9258	1
23040717	11114	1
2515919	192355	0
210244	181626	0
1826352	140339	1
39902663	9630	0
5018128	15475369	0
21635202	18831	1
1141327	9593	1
4213262	153324	1
40949287	48990	1
308	22939	1
272065	22921	1
952926	375380	0
1010808	9258	1
7697407	153324	0
659907	17741	0
1936136	11064	0
457623	328969	0
17741	53451	0
22954	33158	0
10073	5756554	1
4024033	9258	1
16288	23040	1
45112946	948900	0
16143	514075	0
581057	23040	1
1046676	23040	1
666212	14539	0
1210885	23585	0
59789	6880483	1
33833	43472912	0
210244	23040	1
794399	12598	0
3267395	53723	1
552586	10401954	0
14747575	2130	1
2907794	8886	0
8065155	22986	1
3446104	1311096	0
14249060	13749	1
4824664	22934	1
9903002	10772350	1
17054475	14631	0
11958	25140	1
31429563	2871407	0
747048	177438	1
243114	153324	0
3797870	9258	1
407082	11328678	1
23078170	13749	1
3820043	1308594	0
4806760	4168072	0
3628924	4213	0
41323414	9593	1
3209746	9258	1
15170825	2343714	1
592243	37010	1
175401	23040	1
16143	9223	1
171850	23603	0
14091688	19594028	1
1677156	48990	0
205495	43254	0
33237673	844186	1
18972136	313563	0
47643	23474	0
39089099	1262	0
12557017	25525	0
362445	748760	0
42650568	61032	1
11958	18895	1
12007	422247	1
8296748	5756554	0
8598604	652849	1
23401634	30862657	0
40980045	1414677	0
1826352	354236	0
462243	15295	0
31341328	168622	0
11959	9258	1
1010808	23040	1
856045	168622	0
40061732	1606543	0
44307	1022287	0
2887932	1551073	0
313348	43254	1
21989233	24136	0
174004	6880483	1
2853336	9223	0
3245338	22926	0
45556004	18949668	0
