7315862	1
1203041	1
4108606	1
11931590	1
1406622	1
29197214	1
676054	1
4273783	1
5341950	1
625413	1
7024159	1
1283050	1
2008784	1
611545	1
8162782	1
36641135	1
30656841	1
304107	1
401291	1
9674112	1
7672486	1
1788458	1
250724	1
77799	1
437623	1
3206586	1
626144	1
127070	1
6492478	1
218663	1
959763	1
10797759	1
8120844	1
2305143	1
13418709	1
126366	1
963528	1
1611655	1
5847853	1
27257273	1
7957685	1
22055154	1
38950160	1
47622	1
38667910	1
38762388	1
4551637	1
2298740	1
6804145	1
15062	1
561722	1
30138316	1
4613899	1
19515872	1
11002461	1
1185883	1
2734852	1
8413131	1
2614279	1
153054	1
7471706	1
2308175	1
3171978	1
664864	1
4426856	1
4133698	1
2556643	1
1858821	1
2380327	1
50485	1
538552	1
2106470	1
4528804	1
9041105	1
39535878	1
38025189	1
213275	1
6523303	1
1056595	1
1358345	1
913797	1
405267	1
1911565	1
375466	1
106421	1
7982500	1
1838071	1
9784400	1
311445	1
86050	1
1447986	1
1584240	1
30307	1
7419344	1
632119	1
23290914	1
1267716	1
1562969	1
24981628	1
155925	1
295079	1
44920	1
1323520	1
45033675	1
3916458	1
34285914	1
1297194	1
4322316	1
12402095	1
87536	1
1906429	1
8688036	1
31623	1
838415	1
1589554	1
807529	1
14996982	1
698374	1
1509817	1
965518	1
79935	1
639796	1
57356	1
116742	1
42268616	1
1599266	1
19791040	1
21442231	1
3623089	1
318466	1
9352240	1
1365050	1
1164352	1
361280	1
20217	1
11934246	1
63110	1
32237	1
561955	1
210568	1
1394709	1
14860300	1
1566175	1
89555	1
3801600	1
26574	1
760613	1
19912542	1
3331987	1
12874009	1
452981	1
60491	1
695435	1
1884244	1
9042370	1
236599	1
28761553	1
205326	1
1584431	1
190809	1
33493008	1
3603689	1
1048323	1
153147	1
95816	1
5187001	1
41630866	1
654162	1
188444	1
45718416	1
286828	1
7156493	1
2878678	1
5637049	1
9323170	1
36152964	1
567683	1
6199492	1
2834207	1
1749769	1
1565710	1
665239	1
1104135	1
833647	1
2265259	1
1653661	1
1637894	1
20745696	1
14101920	1
4935393	1
26040863	1
6299774	1
3719969	1
358882	1
1851543	1
5034416	1
14510893	1
274116	1
10876585	1
74456	1
11113678	1
2108500	1
4886937	1
689524	1
983753	1
18861097	1
673041	1
76095	1
7730030	1
166957	1
3869822	1
8692908	1
3819549	1
1093496	1
53930	1
22409	1
22194	1
531096	1
870045	1
30863971	1
15379254	1
945803	1
4636409	1
27697009	1
60857	1
5736912	1
1417002	1
3633344	1
37209928	1
1754633	1
183828	1
2155004	1
4613669	1
6635437	1
1250648	1
7713110	1
167079	1
38367432	1
147576	1
8546793	1
67764	1
4891192	1
157481	1
454223	1
407178	1
16886663	1
564174	1
8202863	1
4382623	1
2053009	1
2269885	1
12920	1
15442105	1
718328	1
1842649	1
29394	1
3691622	1
44283041	1
7515865	1
43475654	1
404033	1
2484599	1
55523	1
18080696	1
12207865	1
31982010	1
3721290	1
56494	1
4881677	1
1646668	1
39416739	1
1430021	1
173505	1
370292	1
868516	1
8338567	1
36857	1
302058	1
322372	1
1618418	1
22803678	1
48440129	1
214404	1
241603	1
86018	1
7631780	1
2174333	1
282450	1
151916	1
1110864	1
34191947	1
55483	1
46531269	1
25093964	1
24723903	1
162180	1
3690424	1
1829938	1
55491	1
428002	1
1227223	1
62277	1
15161056	1
2304367	1
15138502	1
32864922	1
1741459	1
2185099	1
1676692	1
222292	1
32895202	1
5632303	1
1520136	1
163246	1
657531	1
2281044	1
5806211	1
29957	1
11915789	1
1447094	1
8952169	1
8313886	1
17133869	1
231463	1
259338	1
41703	1
4124328	1
402659	1
374039	1
965808	1
16219808	1
5581580	1
1576923	1
43098	1
7893287	1
22677206	1
4891206	1
48453769	1
16555	1
1861989	1
21513912	1
6134036	1
6653	1
61196	1
20171601	1
388137	1
4312	1
1160752	1
2564679	1
43355882	1
13826921	1
1152833	1
462566	1
7590158	1
12447884	1
3923956	1
19971458	1
142698	1
239646	1
1832044	1
28938	1
9180590	1
24837598	1
38999042	1
7806287	1
29465712	1
4103837	1
389780	1
152771	1
5894966	1
12508528	1
4814036	1
5123945	1
1874415	1
87184	1
40221450	1
2882887	1
2465864	1
23880	1
99799	1
1469695	1
530095	1
431426	1
23805173	1
5093797	1
1860904	1
214804	1
287735	1
243651	1
1607411	1
4764291	1
4722105	1
10057387	1
89697	1
7037408	1
615476	1
2519908	1
8378509	1
3430	1
20143190	1
11113586	1
635383	1
482954	1
908217	1
17006480	1
1464138	1
3623103	1
6790760	1
1847014	1
1809605	1
19892713	1
478435	1
1546743	1
172118	1
87231	1
5204185	1
558219	1
852431	1
1006	1
2296342	1
1618535	1
22390673	1
261059	1
6768749	1
3568420	1
5720819	1
8716535	1
579572	1
3904397	1
11672	1
217450	1
1234735	1
436699	1
7012397	1
4397102	1
2824361	1
4308236	1
11281322	1
268833	1
26803131	1
3095197	1
5768665	1
19698503	1
321084	1
10109063	1
1257770	1
6282935	1
1954843	1
380851	1
1910482	1
256913	1
173861	1
217800	1
398696	1
2014143	1
3993315	1
21291914	1
2716705	1
563040	1
77879	1
2397544	1
8381912	1
405913	1
3454336	1
220570	1
3435284	1
62392	1
578152	1
60261	1
887344	1
19644137	1
3383572	1
1659626	1
7188720	1
11589635	1
37091543	1
1642890	1
1668848	1
1214	1
480171	1
24342325	1
1993383	1
19075932	1
591104	1
2870689	1
390867	1
2002022	1
880795	1
4520208	1
50344	1
2264839	1
21243373	1
27990501	1
753617	1
847459	1
863113	1
747521	1
127331	1
25204	1
12839891	1
2411046	0
7415699	0
6606251	0
4144789	0
376535	0
36101256	0
4459327	0
1616594	0
2936326	0
37091720	0
1441335	0
4303168	0
4741303	0
18394333	0
19092347	0
4687948	0
39298888	0
1713207	0
11504597	0
3396087	0
326374	0
29102737	0
481123	0
41520984	0
1920165	0
3781367	0
6000080	0
6588949	0
14472308	0
5291801	0
9977611	0
10906233	0
3062543	0
1479817	0
1144835	0
48597455	0
7992553	0
46472292	0
483047	0
1027223	0
31676977	0
1647619	0
9623899	0
12788390	0
5130513	0
14655368	0
501748	0
10669778	0
11148042	0
14567581	0
726651	0
31778721	0
24818523	0
3098320	0
127637	0
15128501	0
47712865	0
3963746	0
3077477	0
38329013	0
3393313	0
3229791	0
2473394	0
129820	0
10134222	0
11120652	0
1250509	0
8553809	0
3467130	0
3320216	0
17497546	0
2468393	0
15297037	0
951506	0
19985494	0
20952326	0
24227330	0
41372812	0
20851413	0
48860133	0
2274872	0
3181058	0
5407173	0
1625009	0
47079917	0
27757116	0
10064669	0
115754	0
39962593	0
11928522	0
23188729	0
1240806	0
26692515	0
10049880	0
1069040	0
179426	0
12044467	0
4435210	0
11382737	0
13406911	0
392592	0
8993836	0
2901515	0
48392896	0
6559366	0
11268822	0
36182697	0
28344783	0
9946570	0
1847375	0
34981853	0
4256256	0
936265	0
24950849	0
13292497	0
46995546	0
13992318	0
1302802	0
38473323	0
45108990	0
4884189	0
28312050	0
15982760	0
9805257	0
1384755	0
12237150	0
24483991	0
6215121	0
118558	0
16233740	0
17923686	0
38580517	0
8917371	0
14332614	0
442964	0
2601193	0
12453047	0
1859437	0
1704668	0
5103329	0
18427145	0
3658362	0
25051609	0
3766242	0
859018	0
1120744	0
2615956	0
42241083	0
4022684	0
12056587	0
3909645	0
25647990	0
10182233	0
7422419	0
18359287	0
1453101	0
9420932	0
39089032	0
117453	0
1904012	0
9486865	0
5858208	0
309541	0
9292148	0
8785734	0
827320	0
506300	0
47787667	0
43520768	0
3859274	0
2316810	0
55942	0
36406942	0
7205463	0
9402481	0
40777894	0
143525	0
46991850	0
48737953	0
21199795	0
19838877	0
2384094	0
35382218	0
32529619	0
214796	0
13031495	0
16194934	0
7726134	0
9041286	0
19478920	0
32340564	0
5631372	0
1583454	0
43964106	0
13127856	0
3997052	0
17702257	0
1479835	0
2163533	0
18422023	0
21589094	0
20372638	0
149719	0
3195491	0
630457	0
24596499	0
14064079	0
27687544	0
46254532	0
44730078	0
39771415	0
15530829	0
5319923	0
2011203	0
21029037	0
2649353	0
11948440	0
12134688	0
30981832	0
429949	0
1796133	0
1911076	0
15513168	0
5704889	0
14524476	0
2372779	0
6311844	0
2928023	0
4778602	0
11544780	0
10265321	0
4751482	0
2256360	0
1585052	0
46820678	0
44207	0
29876518	0
1446093	0
5880273	0
1632070	0
2270191	0
9446740	0
19988587	0
7788049	0
18191389	0
26082071	0
235968	0
8672738	0
14117436	0
15045660	0
29052640	0
19209655	0
458993	0
10806539	0
895122	0
32928677	0
34235329	0
489493	0
262332	0
1517697	0
4700672	0
1019959	0
322159	0
21769322	0
3017534	0
248548	0
7311005	0
5009608	0
6462983	0
117606	0
2101616	0
29074315	0
2172155	0
22634423	0
317195	0
16021616	0
40423853	0
3584438	0
639723	0
12537996	0
23256385	0
5492178	0
3112999	0
32412059	0
1238068	0
15580490	0
28700557	0
110054	0
34397004	0
11951395	0
3959905	0
3907572	0
556655	0
2726593	0
5472788	0
7693062	0
23943954	0
295524	0
14491012	0
37401094	0
8321367	0
5178625	0
12143877	0
41808603	0
1407767	0
4470925	0
474521	0
26261634	0
5938177	0
6555022	0
12862825	0
111070	0
18938664	0
893509	0
6783113	0
15641014	0
2151782	0
19498673	0
4430215	0
2583494	0
1685644	0
566951	0
20863761	0
42987019	0
1582284	0
19729451	0
37722533	0
3721400	0
2330171	0
29335416	0
27068211	0
1178325	0
36707746	0
108406	0
5746333	0
326334	0
46547067	0
60061	0
26120207	0
33657463	0
49205296	0
1948283	0
13372786	0
4339386	0
1432307	0
17369731	0
3781307	0
29878856	0
38444880	0
843850	0
38624822	0
5141167	0
132563	0
3210416	0
45360564	0
23577127	0
17655674	0
251833	0
16589990	0
2841196	0
259478	0
881890	0
8136118	0
4428873	0
881586	0
1033164	0
32044314	0
2505721	0
34147647	0
30622317	0
9877105	0
400173	0
4972198	0
20441427	0
4505722	0
30110712	0
12428960	0
1888016	0
42009794	0
28019464	0
45452832	0
1902674	0
27263635	0
1047984	0
3209035	0
11881918	0
23829435	0
1512303	0
10826759	0
450813	0
4599342	0
18935923	0
5249810	0
585098	0
27173563	0
9949798	0
4523200	0
2374738	0
2482113	0
22517470	0
14939366	0
3742021	0
39298531	0
8374505	0
33365665	0
1911105	0
25876227	0
21304461	0
22494084	0
5000406	0
113613	0
30802597	0
21101969	0
4612433	0
22405385	0
20668187	0
30886101	0
1524350	0
24295276	0
2563157	0
30197723	0
12932678	0
13921828	0
28192116	0
17147270	0
18003501	0
130408	0
15019083	0
300100	0
2202253	0
39873184	0
42550773	0
29694992	0
43681026	0
16517046	0
1771914	0
29472395	0
227480	0
38965430	0
12826684	0
4489384	0
963205	0
571037	0
9567861	0
1046944	0
473525	0
7824051	0
7190950	0
1596594	0
28158638	0
15790429	0
20055299	0
13707537	0
21335486	0
681653	0
20220537	0
7421509	0
1634882	0
3771212	0
6559762	0
2316057	0
325410	0
28099779	0
209150	0
12488536	0
4420586	0
2361909	0
21829045	0
5026271	0
3116177	0
3582822	0
22023981	0
2008087	0
3742829	0
3985689	0
21451830	0
3968330	0
1216697	0
4196518	0
10087605	0
48784861	0
1142255	0
3727398	0
3386051	0
36175152	0
25679964	0
11028458	0
23584270	0
10046970	0
113193	0
3573278	0
5605112	0
978633	0
4641911	0
1593910	0
1940745	0
17165517	0
12601150	0
8102759	0
74655	0
