26296222	1
3764640	1
20260379	1
23076689	1
455086	1
2883178	1
21490	1
3050376	1
2843158	1
8324667	1
6509149	1
515314	1
548739	1
1711732	1
90267	1
2697339	1
181895	1
3694188	1
10287227	1
297978	1
2544285	1
14790180	1
30857467	1
1501424	1
1557342	1
303444	1
22022527	1
33582	1
1378871	1
1148492	1
354987	1
249116	1
20537542	1
363188	1
90451	1
1371857	1
42866902	1
6900130	1
177755	1
3077141	1
2963921	1
517951	1
20365402	1
3100521	1
5809564	1
2133647	1
5776207	1
2021981	1
192042	1
13168570	1
18963983	1
20953422	1
20330523	1
7001913	1
37197945	1
20717240	1
412096	1
3429494	1
15790644	1
15414750	1
65411	1
182215	1
5993699	1
245496	1
81476	1
6371100	1
24592447	1
3133549	1
1435856	1
359135	1
546099	1
33292873	1
217067	1
33306	1
21138956	1
306127	1
675426	1
98642	1
496995	1
3913176	1
238338	1
7340719	1
3823904	1
1444356	1
3694845	1
1825923	1
647630	1
236387	1
443777	1
93489	1
8053588	1
505391	1
75839	1
11882163	1
16687044	1
1531007	1
36609089	1
23519814	1
12566618	1
33953744	1
3024793	1
5009157	1
4993921	1
2407924	1
728579	1
1580628	1
1139218	1
47202753	1
11039790	1
166537	1
4934587	1
23028847	1
233375	1
245966	1
1298114	1
21506190	1
3338700	1
36811727	1
8347	1
1842027	1
393057	1
530187	1
256301	1
3446045	1
118787	1
2684468	1
6742748	1
297726	1
457487	1
2497175	1
326072	1
5919849	1
1223529	1
7399459	1
227141	1
3140213	1
503295	1
6187740	1
7111964	1
596380	1
1587357	1
1634444	1
3291063	1
4694072	1
43484	1
36806	1
30942	1
22432298	1
286779	1
16268557	1
77954	1
172732	1
33398322	1
1145328	1
116846	1
206506	1
2920703	1
373579	1
2014051	1
227101	1
29516731	1
177729	1
29825558	1
2006843	1
44399503	1
8354301	1
52638	1
14702037	1
632451	1
1997191	1
21793949	1
371579	1
1451439	1
8366780	1
4020320	1
21197	1
9424	1
19990681	1
300288	1
540732	1
851285	1
18998781	1
18542565	1
15674844	1
171595	1
1711225	1
2289726	1
39726683	1
147735	1
1630694	1
26644126	1
17179743	1
32736	1
3809811	1
15976	1
2219658	1
301292	1
1897595	1
7382149	1
2930090	1
7629923	1
5822342	1
7194467	1
943904	1
34594469	1
3651587	1
6793202	1
585363	1
875717	1
127790	1
822673	1
168917	1
3094695	1
192517	1
1022214	1
7952	1
753338	1
169320	1
35936339	1
7330442	1
56887	1
31006662	1
2853178	1
32640	1
7287921	1
1634	1
24743952	1
23676585	1
3985441	1
7875871	1
419331	1
11406882	1
483279	1
52995	1
101812	1
198669	1
7577325	1
22208	1
550321	1
216192	1
1118198	1
2728694	1
432449	1
5144840	1
1410072	1
2912526	1
2705161	1
455536	1
768912	1
3507365	1
23558638	1
11944078	1
8793991	1
77546	1
42437	1
25228183	1
20172640	1
5529850	1
160227	1
174716	1
6857524	1
20557129	1
18678709	1
9272073	1
227809	1
34533583	1
48127634	1
7182741	1
37876	1
383510	1
7560416	1
1307869	1
3400484	1
41871087	1
1957937	1
7144	1
1464132	1
1148911	1
5073158	1
5186312	1
51346	1
2226953	1
18024945	1
3102384	1
3310687	1
211349	1
8713	1
85655	1
34525738	1
364538	1
2213822	1
260077	1
218684	1
1772127	1
5116032	1
379723	1
323298	1
1392587	1
3184365	1
2783242	1
13127856	1
375479	1
41827	1
164699	1
4325491	1
302256	1
39400840	1
6191163	1
2368507	1
9104577	1
7297905	1
3558719	1
30863756	1
19886	1
792557	1
1140610	1
1600088	1
47720785	1
32234926	1
47826174	1
1462735	1
450257	1
18231612	1
14193930	1
12680503	1
6793355	1
27734710	1
41960	1
37093729	1
1419779	1
1118379	1
612681	1
579193	1
30140355	1
9103833	1
39845	1
110086	1
17137602	1
548100	1
59265	1
3184380	1
2901887	1
74286	1
18948312	1
536249	1
31741	1
4339920	1
654526	1
38546	1
54578	1
813204	1
1393886	1
10838629	1
12524793	1
2935379	1
867895	1
458290	1
23548295	1
34053104	1
8752187	1
293615	1
33186583	1
3080636	1
214281	1
18283706	1
24706790	1
19035615	1
4775968	1
23772312	1
9483388	1
1322986	1
12665591	1
17345999	1
51970	1
38926977	1
3355671	1
2547	1
8625371	1
495814	1
357414	1
1340127	1
25806586	1
2985669	1
1963144	1
3614978	1
1951679	1
300602	1
319632	1
15356	1
24619	1
188488	1
18938226	1
12336118	1
2182554	1
3519867	1
54566	1
293671	1
3054853	1
679041	1
48550	1
8175258	1
32298254	1
16284496	1
778188	1
6657392	1
185177	1
1769531	1
1758939	1
3615658	1
25138094	1
25025332	1
760867	1
3326022	1
109507	1
2767904	1
880795	1
498246	1
735297	1
24885993	1
14646943	1
6197142	1
27059655	1
1114504	1
375172	1
4368592	1
3005488	1
5984328	1
4751498	1
107776	1
653868	1
1560178	1
10688139	1
6584221	1
1178580	1
3241185	1
6309961	1
17747	1
2669492	1
1446010	1
1134965	1
631159	1
21653626	1
14617	1
48348949	1
179500	1
33146851	1
201829	1
609138	1
3847201	1
395260	1
3299049	1
20449012	1
69160	1
32588047	1
17697787	1
383687	1
3479155	1
1287864	1
18157	1
1728007	1
2372548	1
1814110	1
259528	1
22873512	1
97497	1
24614630	1
22255688	1
7788131	1
23225823	1
5481394	1
1461173	1
17573198	1
5619176	1
697535	1
706999	1
1250532	1
201373	1
92413	1
6583	1
67801	1
23535218	1
27599665	1
241578	1
20886117	1
8984512	1
2481469	1
72010	1
883877	1
12978293	1
41334595	1
59592	1
888155	1
292614	1
3540391	1
1106787	1
36980	1
8918576	1
8570210	1
3249646	1
35723752	1
494336	0
1634907	0
10190357	0
7280246	0
17606746	0
134451	0
122004	0
15681883	0
7432236	0
22414879	0
22464391	0
130517	0
10651153	0
290392	0
34970964	0
23658470	0
34533955	0
30037564	0
148827	0
11017564	0
2685444	0
3272638	0
10434861	0
15312274	0
105444	0
4888082	0
11499825	0
24677005	0
7379432	0
2134739	0
19025896	0
984832	0
25031530	0
17685582	0
24750304	0
8029014	0
18798841	0
782741	0
17462925	0
11195731	0
16842593	0
232613	0
41066024	0
37632713	0
9456671	0
24931870	0
7001100	0
42538388	0
1242833	0
13960556	0
20008880	0
5362561	0
6672791	0
15721348	0
42324681	0
449305	0
46445883	0
2023639	0
6748758	0
2295452	0
24735389	0
2256750	0
17025380	0
43710175	0
10366620	0
27105022	0
1959014	0
5824632	0
481816	0
17206493	0
32028799	0
594295	0
21747997	0
48523078	0
19715532	0
42574097	0
6470536	0
367234	0
31223695	0
10224752	0
33355093	0
8134252	0
10054267	0
7527092	0
37920713	0
27348462	0
7495331	0
24772508	0
7768129	0
40677261	0
252707	0
29334818	0
39414667	0
7594783	0
713210	0
151459	0
20595572	0
48731591	0
20773296	0
4194744	0
6158730	0
28739053	0
11256591	0
11772951	0
7210261	0
1666504	0
41869861	0
2970348	0
36052803	0
10559797	0
21356060	0
8455287	0
4676402	0
22795491	0
12169694	0
41566311	0
414259	0
20236401	0
12265129	0
3382806	0
8792536	0
13227127	0
26669800	0
176826	0
43091698	0
17994977	0
2718549	0
13003923	0
28883754	0
766514	0
7865431	0
7110944	0
24010356	0
6981748	0
33105357	0
21338244	0
21107968	0
29506171	0
22762449	0
747580	0
4528864	0
59692	0
14023676	0
1062753	0
5824269	0
2482557	0
1031780	0
3834972	0
48650763	0
28915075	0
479320	0
24085654	0
31781261	0
4057682	0
33943928	0
39187373	0
344428	0
18907448	0
33881329	0
11316629	0
3184146	0
4946828	0
5435045	0
48378041	0
14598647	0
41982128	0
17391701	0
1050838	0
9941919	0
23195145	0
256668	0
9188671	0
24192479	0
7783293	0
2296771	0
3295502	0
21306890	0
1621630	0
13689461	0
23305764	0
17360142	0
2279880	0
43141635	0
33117851	0
12471	0
261292	0
251527	0
136491	0
318450	0
38836724	0
3234779	0
5961848	0
17673676	0
25725981	0
1474512	0
21633981	0
38229742	0
2557423	0
5537094	0
6929908	0
23346363	0
2495875	0
43456474	0
28462923	0
30560804	0
12348683	0
12350900	0
11930974	0
3032072	0
2740681	0
4662976	0
27980067	0
40175883	0
22474212	0
26292779	0
905277	0
2591853	0
26250145	0
24045673	0
6827326	0
46921518	0
1903058	0
21119394	0
3458961	0
7826769	0
10833027	0
4960529	0
5137103	0
1552620	0
3669622	0
2862946	0
140028	0
18601640	0
29585048	0
1883836	0
138608	0
45580835	0
13282749	0
137171	0
19343510	0
12115223	0
2407295	0
12467633	0
3611544	0
37160522	0
17290454	0
22647358	0
7521495	0
3731702	0
12092220	0
6183337	0
2424594	0
5884470	0
4207222	0
13515424	0
4911649	0
2753312	0
48694884	0
44116744	0
358998	0
3236709	0
15437362	0
34711654	0
10747502	0
24459990	0
1741606	0
4051322	0
766846	0
21699131	0
8252512	0
20899373	0
561708	0
1400654	0
34324591	0
7837842	0
69128	0
6076039	0
29823414	0
15376148	0
2489346	0
4360140	0
38295366	0
3282281	0
40049490	0
584004	0
13859617	0
12620591	0
3934945	0
1652870	0
2268877	0
11813837	0
11988703	0
5962340	0
18061321	0
134599	0
1768942	0
966071	0
17118532	0
7476627	0
10121063	0
1194084	0
39240338	0
117963	0
22933760	0
35763909	0
2114480	0
4577598	0
59207	0
3378905	0
1027161	0
7315738	0
6004815	0
15790507	0
11492529	0
1670927	0
189971	0
12891285	0
21621719	0
4698876	0
31727251	0
17054898	0
38285836	0
10225644	0
15454960	0
39233086	0
4650002	0
34056027	0
18984843	0
25489331	0
21574309	0
38320030	0
147422	0
521637	0
13656365	0
5043085	0
30531707	0
8056395	0
12380942	0
11684183	0
40428896	0
1353497	0
2987332	0
35137333	0
32767187	0
523645	0
635324	0
2013657	0
2879988	0
33818095	0
20218295	0
1800046	0
23431710	0
5806433	0
143206	0
2591880	0
1379762	0
15960384	0
5219682	0
27501294	0
7308044	0
35321205	0
12072328	0
1870607	0
1865671	0
1287385	0
510877	0
32357133	0
119319	0
280494	0
16335349	0
9208696	0
30280831	0
19880081	0
287165	0
5027266	0
24374779	0
5008150	0
12316572	0
4510384	0
17549570	0
6062334	0
23541919	0
26868655	0
1631956	0
21488263	0
8655986	0
38062576	0
31227103	0
13499587	0
6756250	0
1957773	0
4153734	0
3767600	0
16620164	0
5043185	0
177309	0
36531080	0
32345586	0
27746014	0
19922402	0
2610339	0
21230968	0
8847734	0
14619194	0
6852323	0
32061920	0
11760859	0
1523569	0
610272	0
2557893	0
7618125	0
29380523	0
3819855	0
9956199	0
3775581	0
14794348	0
14142830	0
27801239	0
429031	0
3439472	0
38286104	0
15692829	0
5576469	0
3462682	0
41664984	0
1408926	0
19920084	0
260209	0
624573	0
5087226	0
99328	0
560071	0
28357036	0
515299	0
8645795	0
1031958	0
25291600	0
21321778	0
32490128	0
16557266	0
7768524	0
12214739	0
4470059	0
1424945	0
28623798	0
31318479	0
1095912	0
9755199	0
1481662	0
73526	0
898074	0
12447834	0
4632596	0
6492235	0
2157228	0
4740753	0
6819532	0
12119085	0
4261040	0
152249	0
20927709	0
2504950	0
1087276	0
21952390	0
3605907	0
4502866	0
1024935	0
35669497	0
1713254	0
262822	0
26780275	0
31308971	0
26797380	0
43351799	0
356324	0
1584216	0
1369694	0
11189957	0
9074290	0
16040602	0
6332939	0
22439671	0
4188548	0
10642055	0
47874280	0
9103875	0
36337246	0
3290902	0
1231093	0
1989275	0
5030394	0
29994717	0
18540023	0
9037181	0
23277886	0
31086294	0
22543346	0
2507271	0
11411769	0
12712071	0
