23871177	1
309311	1
1770067	1
342641	1
27902128	1
12346915	1
505259	1
96329	1
4461013	1
33654133	1
5294583	1
110457	1
6935783	1
3144799	1
8127609	1
743822	1
244159	1
187036	1
458257	1
743757	1
5684015	1
28367	1
803572	1
994004	1
31463368	1
4330581	1
110547	1
320979	1
110561	1
34228731	1
4636735	1
15689784	1
13202353	1
187017	1
4237134	1
110495	1
1983254	1
17250	1
852690	1
699550	1
25518599	1
6343748	1
3453	1
3611332	1
8317093	1
1969271	1
728656	1
25921477	1
741950	1
20840330	1
6774299	1
19767168	1
1217432	1
19369262	1
31175592	1
1803598	1
1330338	1
2464203	1
32590924	1
225824	1
3018897	1
8942831	1
9264265	1
885243	1
25139839	1
23049315	1
1981967	1
519230	1
846396	1
194717	1
4946878	1
9478182	1
651521	1
19728078	1
2255590	1
1363367	1
405841	1
6198779	1
26725152	1
6788170	1
2859370	1
17134499	1
7287720	1
13300890	1
21240319	1
1864828	1
963048	1
25729137	1
24373474	1
673041	1
1877538	1
7740373	1
5568346	1
550628	1
735314	1
24313637	1
110548	1
18510299	1
1964136	1
110508	1
2730790	1
618543	1
1365205	1
2996107	1
126856	1
823899	1
14003239	1
8472871	1
207419	1
827961	1
1308083	1
750985	1
7479264	1
4237002	1
1740376	1
1505808	1
4440692	1
9432964	1
2852008	1
30748641	1
7651004	1
30160	1
85085	1
7201394	1
503857	1
4554886	1
935892	1
12777209	1
10600778	1
2965100	1
908752	1
770161	1
1186737	1
408442	1
11607867	1
884918	1
8660452	1
1283076	1
17256745	1
189016	1
162594	1
8733126	1
28570791	1
981727	1
4363193	1
40572969	1
670195	1
17603040	1
883169	1
762187	1
29762326	1
1758227	1
2011434	1
8211795	1
58018	1
4778090	1
31249082	1
19379855	1
8432271	1
30227	1
3840716	1
17540290	1
4205209	1
5211755	1
6121198	1
1754987	1
1733437	1
164106	1
7813670	1
2603609	1
5113563	1
10782307	1
252633	1
15131711	1
36252693	1
17436098	1
8369220	1
1105441	1
519634	1
314556	1
773845	1
37902664	1
16573988	1
3365296	1
702038	1
825274	1
888281	1
25435248	1
2350231	1
12843371	1
842736	1
18338309	1
11133997	1
15839990	1
11712308	1
1780754	1
5323788	1
18858	1
17726038	1
2357237	1
38163018	1
22759417	1
11719262	1
11225743	1
3447759	1
17602625	1
4636742	1
7512223	1
82058	1
6143457	1
110535	1
4870904	1
16750039	1
534366	1
11135256	1
29448942	1
3979861	1
9132467	1
12193467	1
1025115	1
18618239	1
36250494	1
68485	1
31363356	1
21951479	1
8921015	1
16886356	1
14855516	1
13108509	1
34721919	1
24132685	1
2472799	1
24708862	1
6286502	1
3691615	1
5090788	1
209827	1
26033832	1
3240908	1
6786535	1
5104457	1
845118	1
167790	1
22610520	1
4277521	1
3939042	1
5647519	1
57070	1
1970247	1
5696159	1
2397469	1
25327558	1
17019665	1
6252840	1
56887	1
177021	1
110484	1
11325563	1
4637624	1
986808	1
278442	1
110562	1
4392707	1
8894036	1
1926829	1
1284321	1
3303974	1
18530451	1
3348747	1
766402	1
16784820	1
75311	1
8743282	1
134762	1
48540896	1
1679582	1
15304261	1
287280	1
3231328	1
27121399	1
54146	1
1341549	1
1671381	1
17224873	1
327437	1
350666	1
5028371	1
7944055	1
706075	1
844439	1
157841	1
24079955	1
816426	1
13743725	1
35515	1
1403475	1
30864618	1
60098	1
18105597	1
5985961	1
33632513	1
28858995	1
31733668	1
11952142	1
1005984	1
762194	1
2289303	1
1178132	1
110556	1
78239	1
3948932	1
15906105	1
2659655	1
20040618	1
3861711	1
41172837	1
25130481	1
3223131	1
27178059	1
1081521	1
800076	1
3148646	1
16252699	1
44570896	1
7167610	1
207460	1
1785650	1
4742337	1
789113	1
9854969	1
12106021	1
110494	1
27345700	1
532343	1
28280089	1
144870	1
7366530	1
703283	1
4332468	1
770169	1
16671557	1
4272476	1
2158586	1
5960503	1
20049848	1
47269656	1
47865345	1
375954	1
573188	1
206779	1
1039974	1
1013395	1
2009490	1
5391778	1
309401	1
2102	1
16384865	1
19790227	1
3958357	1
1341472	1
20795339	1
762189	1
11368986	1
9449493	1
730538	1
17442887	1
3351981	1
1710652	1
2473370	1
22621	1
959655	1
110483	1
22347320	1
1341672	1
17565431	1
794571	1
8495622	1
494192	1
3017524	1
13270	1
10298133	1
27860785	1
24758814	1
110524	1
25458851	1
1130125	1
1529160	1
8698478	1
300534	1
1988113	1
110558	1
16883613	1
884600	1
30328453	1
3347476	1
26456353	1
10707	1
2917545	1
182534	1
27930303	1
13605841	1
14792443	1
17986784	1
14152725	1
15781858	1
15140783	1
20646206	1
1095689	1
684219	1
3533333	1
2606373	1
32846577	1
5981965	1
11043247	1
581512	1
6321810	1
17986701	1
5893639	1
23363583	1
2181138	1
13950705	1
5819937	1
16795433	1
9146744	1
4528401	1
898780	1
4425472	1
1341640	1
352979	1
9142577	1
9530814	1
173190	1
22940423	1
27131291	1
8299663	1
110499	1
110579	1
110518	1
30158	1
702948	1
7454712	1
85075	1
22286808	1
4997	1
676940	1
110584	1
15375305	1
576034	1
815225	1
2166798	1
3521312	1
7814367	1
2109167	1
41833995	1
30876873	1
35749288	1
31080955	1
22746193	1
32483152	1
2451939	1
12357653	1
27594595	1
37103172	1
1608423	1
553362	1
904574	1
3032361	1
1669199	1
17993666	1
19344072	1
4565847	1
9745205	1
267705	1
15731920	1
15807018	1
10470750	1
110530	1
57078	1
37557034	1
250472	1
24877114	1
1036984	1
1177721	1
2053697	1
15780313	1
227922	1
11547537	1
728024	1
166103	1
110550	1
3120336	1
4868402	1
521227	1
12126956	1
2565011	1
827632	1
19250	1
20879470	1
9196675	1
385692	1
3764618	0
1495760	0
1112876	0
2950527	0
2556559	0
390145	0
5546638	0
8867900	0
42009786	0
46771893	0
3052605	0
24127913	0
1606922	0
9606071	0
377842	0
2837645	0
2330923	0
394901	0
3810204	0
25190111	0
3937833	0
47439545	0
6108879	0
2804439	0
14716698	0
91060	0
2221872	0
6734647	0
589932	0
47203441	0
20840138	0
2245867	0
7374681	0
3246240	0
23295132	0
7264809	0
12680305	0
22480364	0
1526650	0
44942502	0
19349317	0
21311238	0
27040325	0
13737447	0
45549968	0
1638165	0
7921420	0
36234094	0
14905208	0
1457692	0
5037674	0
35918217	0
4707371	0
9112052	0
451830	0
47002775	0
44125853	0
1532265	0
22947828	0
16028	0
15964659	0
1479152	0
20342972	0
192005	0
12931373	0
1144090	0
3440193	0
15379009	0
4035033	0
2416539	0
35636628	0
3864166	0
23404052	0
11150957	0
4676050	0
6358452	0
39938235	0
847469	0
7468549	0
10765679	0
10559707	0
22084567	0
24119297	0
5435415	0
24177417	0
23481883	0
37444095	0
18950277	0
2159930	0
44842238	0
6961468	0
21734987	0
35404470	0
75147	0
45225250	0
43508548	0
2201266	0
44161773	0
1911426	0
44924375	0
16278121	0
18147719	0
661672	0
2804715	0
5144564	0
8510606	0
38674595	0
7015897	0
29814683	0
3270336	0
43935459	0
3825832	0
40616694	0
2840135	0
45526853	0
138502	0
13770933	0
128332	0
15613512	0
3156766	0
21717450	0
32102865	0
2985254	0
13018168	0
43933541	0
29308925	0
23144533	0
32604752	0
1163271	0
44091308	0
6757029	0
17420619	0
11200533	0
4251561	0
11563410	0
20764183	0
8612119	0
826710	0
6685261	0
14985089	0
3723992	0
15130038	0
31930892	0
93702	0
1360611	0
183930	0
8113293	0
25266709	0
9996888	0
2066029	0
93166	0
1226201	0
1808407	0
11974044	0
266305	0
2225629	0
696512	0
9839150	0
18631011	0
861866	0
12119197	0
44239409	0
2320374	0
17729037	0
29412517	0
11703293	0
18054238	0
2160221	0
114959	0
12558231	0
2588702	0
28954872	0
1708309	0
2613467	0
1084323	0
3241908	0
20810008	0
17320693	0
15404183	0
1957324	0
3745021	0
21997760	0
8062964	0
24017848	0
417559	0
7345602	0
3371970	0
43146173	0
30253259	0
124724	0
1063258	0
26064674	0
3812020	0
14478169	0
41698185	0
21274705	0
4654776	0
35581607	0
1581455	0
35643381	0
2348231	0
14322898	0
2269618	0
181579	0
26757525	0
43529881	0
791215	0
326479	0
29389492	0
117493	0
19949541	0
589285	0
30247795	0
2332887	0
22727157	0
19285634	0
38846433	0
124034	0
242587	0
3228528	0
31618189	0
540245	0
44134423	0
29509920	0
41713816	0
35149624	0
4357593	0
1554284	0
28477190	0
36792343	0
1916996	0
412595	0
26721057	0
6715027	0
2730623	0
1335332	0
44846835	0
954798	0
162201	0
36447954	0
16249116	0
37951056	0
1054820	0
19737206	0
47338856	0
38820807	0
29979258	0
29520928	0
14435326	0
184483	0
7475444	0
30131875	0
1290554	0
8681472	0
5831590	0
11608476	0
35310266	0
22757337	0
27743380	0
20517867	0
11899367	0
37709084	0
3978552	0
4857798	0
8369199	0
7195609	0
41658215	0
1402818	0
218862	0
20994169	0
4999306	0
581650	0
32691189	0
3765941	0
597410	0
31052923	0
568120	0
13556020	0
1573751	0
1903020	0
25103178	0
2412263	0
7910053	0
7388422	0
3172937	0
2004954	0
30936920	0
27919	0
2296809	0
4547671	0
434747	0
21004764	0
32087088	0
24162411	0
17501016	0
15039896	0
1553644	0
35659846	0
3058125	0
632482	0
4462695	0
613446	0
1318043	0
501493	0
10569035	0
22621447	0
976516	0
10661298	0
4996613	0
10862879	0
20885362	0
44742232	0
13488668	0
4349355	0
15811102	0
2010035	0
15010723	0
33297884	0
31774157	0
135566	0
46642622	0
322646	0
4728427	0
2457208	0
3527616	0
662088	0
20713452	0
558825	0
16407660	0
127124	0
25253079	0
5338433	0
45421220	0
2281293	0
32845248	0
3767201	0
45042563	0
19627139	0
2271738	0
17307636	0
19136222	0
48866953	0
10721145	0
53450	0
7217252	0
31221702	0
14909593	0
23209518	0
33326423	0
3747610	0
15112475	0
8039972	0
5574359	0
1859239	0
11131616	0
27090400	0
34239624	0
23996976	0
11359714	0
4238332	0
420820	0
1936024	0
6729487	0
7017072	0
95004	0
563640	0
96345	0
8542291	0
2000658	0
765926	0
23510633	0
4356545	0
2773260	0
20013025	0
37930966	0
4003323	0
938883	0
44403342	0
1682892	0
8113069	0
8032610	0
2121071	0
242247	0
12510284	0
36630463	0
28186571	0
2536335	0
133371	0
484652	0
1306896	0
23567962	0
998336	0
15172989	0
10446604	0
30733973	0
355283	0
17347967	0
24520723	0
14304268	0
31241801	0
108841	0
12332869	0
23832149	0
14277616	0
3640048	0
8350527	0
4565117	0
4647202	0
5275889	0
36470140	0
9522521	0
10592654	0
14342463	0
14793962	0
2040458	0
16730380	0
6111360	0
654463	0
1429915	0
18815904	0
546740	0
122339	0
10938588	0
3644848	0
131229	0
12461615	0
12609988	0
16415386	0
6103522	0
15081524	0
44949344	0
25878328	0
329162	0
3829906	0
2482	0
3461177	0
4528243	0
15275075	0
29587446	0
9320149	0
28140229	0
45295146	0
8691175	0
14360032	0
696394	0
6552170	0
35469963	0
417261	0
25579956	0
24447202	0
1046731	0
10456236	0
3184822	0
7237929	0
2755209	0
14869478	0
144777	0
1093297	0
1680822	0
1418508	0
28898563	0
8017337	0
1556615	0
3407587	0
17607177	0
12421810	0
7493486	0
162835	0
5347958	0
329030	0
6353052	0
2786743	0
13537184	0
15031205	0
43940727	0
2917667	0
23252013	0
12662703	0
7304250	0
38493862	0
13480538	0
17040827	0
63834	0
46393410	0
1776316	0
1324404	0
45093793	0
13762198	0
4834853	0
10621931	0
10526510	0
3541472	0
439693	0
19662361	0
9912775	0
36597758	0
22804054	0
2281414	0
31054813	0
154614	0
