10772350	1
32464959	1
633247	1
3835596	1
2569890	1
5097015	1
356113	1
11627650	1
729764	1
910147	1
17813863	1
219283	1
2143479	1
1203555	1
2161851	1
1512338	1
683441	1
3154499	1
854900	1
31156300	1
12981666	1
17388250	1
16067519	1
439185	1
153718	1
9659901	1
24365	1
20859	1
1393751	1
43945	1
655073	1
17158538	1
2876631	1
110939	1
567809	1
151196	1
40111059	1
3498911	1
3410964	1
23070467	1
136482	1
13863473	1
2296235	1
123417	1
1300409	1
1458074	1
27366219	1
5168174	1
1593664	1
433340	1
35866484	1
1979500	1
3037946	1
1788567	1
43967886	1
3285568	1
69852	1
1375875	1
3516310	1
77738	1
10010535	1
18521501	1
412096	1
563915	1
5031497	1
669113	1
12800	1
6476075	1
100416	1
211321	1
305572	1
1552187	1
27154	1
730754	1
352603	1
1158955	1
14657629	1
938003	1
2213903	1
3733842	1
396235	1
38480967	1
1164082	1
608685	1
32432	1
4319334	1
405548	1
6476028	1
25806	1
1930009	1
7581994	1
187178	1
389780	1
19337262	1
30267	1
549333	1
2499459	1
22714480	1
2194119	1
45281	1
1453774	1
589527	1
14949242	1
18379088	1
75340	1
899442	1
997431	1
359220	1
1126578	1
22421566	1
6169108	1
23523924	1
1594608	1
22711320	1
24221402	1
263549	1
5191061	1
225153	1
39256818	1
1851137	1
8818117	1
1624399	1
30858251	1
1454147	1
11282737	1
667665	1
12453602	1
1887709	1
5980779	1
2693306	1
4218119	1
155056	1
2014815	1
3504808	1
6715099	1
741527	1
307925	1
14112923	1
166957	1
3997734	1
41213317	1
7514929	1
102251	1
74608	1
31296230	1
396687	1
5626	1
3016526	1
26671687	1
23270459	1
1563520	1
34162102	1
12786335	1
34805069	1
83400	1
5351695	1
22853968	1
205873	1
972252	1
31767783	1
38180	1
23239668	1
47434468	1
488361	1
386449	1
181651	1
349159	1
1411443	1
1475882	1
882202	1
471247	1
974853	1
17007089	1
2180729	1
977873	1
6489017	1
23030139	1
7556348	1
3271505	1
18528784	1
360720	1
4360	1
21009880	1
2041512	1
6483262	1
301496	1
20185	1
8311	1
448026	1
75215	1
1506907	1
11211178	1
635315	1
30374	1
10297736	1
4105311	1
16120343	1
17673834	1
1154413	1
62520	1
376929	1
45770	1
122392	1
1782238	1
2807341	1
17537	1
860937	1
14231674	1
28840	1
2229858	1
353081	1
15461719	1
5739117	1
415200	1
4889890	1
1769827	1
10681911	1
37669	1
158992	1
426628	1
6745617	1
11144536	1
23229753	1
997191	1
2367202	1
1161691	1
18618239	1
14984	1
295598	1
903097	1
314437	1
1758117	1
803808	1
4606081	1
962384	1
3406	1
25658664	1
34258	1
5845677	1
5417852	1
842773	1
6113008	1
2465773	1
743761	1
48965	1
1399124	1
1216401	1
347422	1
34171748	1
366377	1
1485007	1
143357	1
12920027	1
3849696	1
37808739	1
22288303	1
294501	1
2382902	1
189825	1
10973707	1
1559508	1
38243422	1
68453	1
25348757	1
19242322	1
5596470	1
591681	1
946164	1
325610	1
18010084	1
374833	1
8409020	1
342207	1
2282803	1
788601	1
2865735	1
637166	1
593659	1
72750	1
183330	1
6311569	1
6783682	1
2032	1
645032	1
4516949	1
459505	1
47836725	1
25471014	1
327072	1
905858	1
3384844	1
28227402	1
863475	1
19918520	1
334411	1
239897	1
1511632	1
10602335	1
4184720	1
181973	1
14846188	1
1505440	1
5201251	1
2308250	1
2299930	1
214761	1
1209793	1
21132373	1
27614	1
397174	1
58635	1
44248931	1
3271497	1
1560814	1
9590148	1
1041707	1
351616	1
3595064	1
31509212	1
7418002	1
24512682	1
40872664	1
7892	1
578090	1
3215997	1
7238969	1
4109789	1
636082	1
4781857	1
1624662	1
623020	1
16923452	1
2019294	1
157351	1
963095	1
2631573	1
235364	1
1281394	1
1126508	1
18341614	1
9211464	1
2249630	1
3520317	1
133648	1
240951	1
15139579	1
8778917	1
662281	1
19681430	1
3743796	1
6390689	1
467899	1
3324292	1
1519287	1
12492354	1
120142	1
32745	1
11260	1
2526551	1
5006115	1
158589	1
200731	1
184215	1
23470895	1
757584	1
118786	1
5615951	1
680721	1
2377550	1
20019500	1
765459	1
9830229	1
680370	1
12814823	1
411375	1
9420964	1
11898195	1
14227437	1
92396	1
7032057	1
882199	1
3746113	1
163154	1
149620	1
2177268	1
17349984	1
6124000	1
1064157	1
4675	1
3893669	1
7078215	1
4077352	1
2034512	1
3623664	1
5690454	1
11227	1
48395	1
3124976	1
682290	1
953895	1
8635829	1
4693569	1
8053332	1
27936	1
2743228	1
763287	1
53214	1
16196871	1
1470142	1
18247391	1
6201901	1
35064425	1
1160666	1
472610	1
571462	1
25536	1
22576	1
2286781	1
1826784	1
6243661	1
29222301	1
30864460	1
9647043	1
2681197	1
24151	1
42726	1
858762	1
1980975	1
19446	1
1749123	1
2385629	1
3717	1
28895462	1
46136	1
103915	1
662349	1
28397	1
32094990	1
215100	1
4217949	1
3562398	1
2495632	1
861697	1
214404	1
482161	1
10048	1
2437495	1
407732	1
181149	1
2612551	1
1209545	1
18842431	1
46822896	1
204974	1
6932395	1
8778660	1
85441	1
5765329	1
9028799	1
41246204	1
210453	1
1319150	1
4971	1
16160292	1
1570325	1
188002	1
60832	1
16678071	1
32592693	1
13040306	1
23251	1
2180767	1
375303	1
21066229	1
2110406	1
1465201	1
2226815	1
30776	1
40329411	1
1865843	1
3280422	1
343445	1
5232	1
788091	1
2467818	1
401902	1
20913864	1
582887	1
153476	1
1618134	1
177778	1
1905142	1
853172	1
48924483	1
20828	1
21965389	1
619451	1
904245	1
10272	1
309861	1
36589992	0
224619	0
37427469	0
10546204	0
1988619	0
33089851	0
6738354	0
105546	0
458829	0
21533345	0
31945462	0
16738303	0
27367229	0
35298374	0
20625	0
17840695	0
32779493	0
1345523	0
859523	0
18054133	0
2299132	0
875392	0
2165955	0
22568233	0
37554691	0
38037944	0
34147401	0
17375474	0
12764679	0
26394983	0
4762451	0
13122226	0
1451630	0
10065274	0
1641320	0
4026667	0
1411883	0
17847615	0
22747572	0
6444257	0
25398690	0
27256171	0
29024367	0
9054243	0
26906776	0
3124266	0
13084849	0
3985817	0
30690894	0
206570	0
22831379	0
35737251	0
451717	0
15638998	0
43708698	0
47433761	0
8816923	0
2184426	0
11473603	0
14644224	0
5808815	0
74688	0
1499430	0
40133655	0
22853834	0
649723	0
76400	0
131328	0
681442	0
10465467	0
33148192	0
7092211	0
4103082	0
24824674	0
2819652	0
42552765	0
8084872	0
19926632	0
27586376	0
1018704	0
25014034	0
15266795	0
14535033	0
1764058	0
1679890	0
15890376	0
3563381	0
6011307	0
4391202	0
17791747	0
28670182	0
9006261	0
123399	0
5379726	0
11748641	0
26114786	0
5556571	0
3307105	0
19532321	0
20789147	0
23595607	0
25484509	0
30992374	0
32374496	0
34551413	0
6715832	0
16193750	0
5522744	0
10823309	0
46305700	0
9553268	0
16027926	0
35812928	0
231920	0
36128802	0
3164768	0
31770121	0
33605562	0
12321426	0
2242889	0
1583427	0
24402581	0
749031	0
3841377	0
13238185	0
44842853	0
1479615	0
8677967	0
33733090	0
134174	0
2257573	0
24716442	0
5381305	0
6214555	0
35362222	0
3032410	0
474375	0
3566829	0
4439374	0
1415518	0
6100647	0
25817590	0
4127681	0
16102301	0
3166914	0
44333189	0
9688446	0
63010	0
23015014	0
37138528	0
11985409	0
35981950	0
136274	0
8868211	0
12249560	0
39860824	0
42173103	0
20794946	0
4361618	0
1982144	0
440017	0
11994878	0
5016387	0
13618796	0
18790832	0
36605204	0
41287882	0
2809230	0
11285598	0
1686604	0
28344837	0
11062169	0
1068155	0
5654439	0
27638943	0
3035016	0
5797243	0
2481209	0
29613978	0
3864712	0
10741624	0
37778953	0
48102302	0
20256188	0
15438742	0
13797259	0
22162106	0
6329919	0
4514129	0
31623837	0
1619087	0
33737067	0
4228972	0
12406	0
7330023	0
5072968	0
1807944	0
30553834	0
37743059	0
12720308	0
10475530	0
139742	0
7032479	0
2587819	0
2429464	0
3152356	0
1682409	0
22272035	0
24181109	0
20276531	0
8663447	0
20235670	0
6113270	0
19449732	0
18185597	0
13092077	0
7461749	0
3548245	0
32106979	0
12856060	0
1535731	0
1379594	0
2672422	0
1555215	0
34465400	0
27868767	0
6975611	0
42439092	0
30640033	0
12355661	0
1674351	0
41697032	0
8661748	0
2509859	0
2807888	0
2761089	0
22948677	0
38323580	0
4381881	0
298704	0
17084964	0
5153877	0
4368238	0
9761470	0
11395049	0
4819295	0
2366578	0
42458222	0
21785598	0
562376	0
4455024	0
14354141	0
1646184	0
1741544	0
33451327	0
36506008	0
45297219	0
5316841	0
21950711	0
25801967	0
6488315	0
12913894	0
3056072	0
16257770	0
226619	0
10860982	0
6984940	0
17087594	0
18018968	0
1451427	0
1959301	0
12286604	0
36126400	0
15925363	0
3475964	0
1027953	0
2269914	0
3224844	0
22888735	0
19698385	0
3495997	0
17039851	0
589397	0
5968851	0
44168628	0
1626300	0
19453591	0
13330775	0
23522076	0
13011713	0
31094840	0
31613752	0
2391894	0
22841459	0
26930783	0
19347502	0
13832997	0
357885	0
4146567	0
45696950	0
5232277	0
47676870	0
22274038	0
35047087	0
22596831	0
13605801	0
12249387	0
47138712	0
2234842	0
12232676	0
12253225	0
7777110	0
6801340	0
39851915	0
32112486	0
31349790	0
94602	0
43161176	0
6716877	0
416935	0
19359142	0
26749224	0
272081	0
12319109	0
12103935	0
30734437	0
9484467	0
31915529	0
47525619	0
3139885	0
14688804	0
5990326	0
41066432	0
13372206	0
3303998	0
31178483	0
33028656	0
1849322	0
3227934	0
14609060	0
1488897	0
62399	0
29072714	0
1461300	0
19632639	0
9268207	0
26592857	0
15606219	0
120624	0
22011755	0
2596042	0
1520970	0
20980617	0
2358591	0
21654982	0
957192	0
212334	0
18643883	0
21197515	0
3594345	0
14970689	0
299434	0
2997912	0
24814590	0
3423642	0
147622	0
3587624	0
190831	0
42274149	0
25247516	0
19369775	0
5978340	0
41717417	0
25615663	0
1946332	0
1306273	0
14755671	0
31741502	0
4541558	0
734250	0
35015487	0
1612035	0
48304874	0
649131	0
13745061	0
2833355	0
25069362	0
1171657	0
49045152	0
1686258	0
22636579	0
17825911	0
3173722	0
38449775	0
741950	0
3070369	0
577439	0
26838291	0
18609852	0
46782380	0
6555817	0
1050134	0
1223646	0
8236064	0
17956318	0
132181	0
1195790	0
6573559	0
11827639	0
3563829	0
35390835	0
2090104	0
18564713	0
44431225	0
32066828	0
745268	0
7110903	0
119576	0
32872969	0
20310511	0
34413599	0
9254640	0
2719953	0
8720586	0
37547934	0
3301021	0
24413476	0
11100212	0
518166	0
6118617	0
36543759	0
37600474	0
33891703	0
24021944	0
9328456	0
13852026	0
27139797	0
32655695	0
19933605	0
9875769	0
3381826	0
3884726	0
11032177	0
8493221	0
5184112	0
5648189	0
26460678	0
148994	0
11346671	0
11069270	0
976088	0
4246963	0
1050241	0
139784	0
95697	0
1125673	0
6495137	0
1911081	0
29834070	0
2806132	0
1606862	0
855791	0
12171821	0
24712793	0
24734787	0
1682107	0
2337328	0
1016702	0
1997324	0
10586592	0
1875023	0
13750288	0
3951831	0
12108323	0
807150	0
6825168	0
1855636	0
110322	0
459244	0
8086390	0
90731	0
3902120	0
8668185	0
38845100	0
13288216	0
20236196	0
3019165	0
2363657	0
3080108	0
12588381	0
18557191	0
13429101	0
70964	0
15270555	0
7278863	0
6170184	0
5958545	0
17080062	0
2952029	0
3651596	0
