350522	1
9693417	1
14445081	1
1408655	1
34634640	1
36229920	1
8288142	1
73216	1
21402	1
25260024	1
7305266	1
646314	1
4197629	1
705022	1
36466535	1
5941555	1
332526	1
11934191	1
37165482	1
10988099	1
317647	1
2476800	1
2273870	1
22204509	1
13298965	1
3171343	1
403793	1
17924606	1
2405135	1
11922234	1
5227023	1
1074373	1
37161057	1
1203027	1
3518564	1
13484423	1
2578865	1
36229934	1
2606816	1
6548197	1
1220125	1
1813702	1
40092945	1
1818106	1
6449176	1
30246742	1
6957210	1
8438467	1
12016444	1
34624	1
46272296	1
417660	1
28330491	1
2555503	1
255771	1
15979994	1
28618185	1
10322632	1
32791997	1
28703539	1
16174346	1
7745661	1
32369221	1
33391009	1
59076	1
1813435	1
3568151	1
1820168	1
15675138	1
2810932	1
10075008	1
3603250	1
464960	1
42242283	1
471474	1
7805409	1
11922465	1
3645184	1
6333000	1
7703762	1
319608	1
427040	1
328574	1
206932	1
25193627	1
6965437	1
3573617	1
12772131	1
2178	1
197232	1
1333859	1
62582	1
3860010	1
8475910	1
65569	1
573822	1
30005038	1
272778	1
1111187	1
178010	1
986915	1
3783005	1
20177718	1
2854265	1
30027932	1
199778	1
930573	1
231516	1
17490642	1
437481	1
300668	1
16504493	1
1587197	1
4981151	1
10517489	1
16644292	1
626625	1
1079096	1
36731516	1
2493166	1
502907	1
9717378	1
25668435	1
6854404	1
9490205	1
39276581	1
24067069	1
36462349	1
6458046	1
6278577	1
1631364	1
21677311	1
2684519	1
35860852	1
2049992	1
472997	1
4498531	1
6459588	1
1037955	1
474145	1
344940	1
57765	1
17703338	1
958139	1
188778	1
31331	1
1404321	1
4696177	1
8426976	1
28870753	1
12800277	1
1567458	1
10421052	1
17890415	1
36041400	1
37271418	1
163806	1
20903111	1
15897308	1
1995922	1
43514744	1
37089658	1
1854818	1
4313479	1
7747108	1
2706410	1
386542	1
248975	1
9602684	1
11145632	1
575593	1
5850021	1
2621077	1
903203	1
3348652	1
3769114	1
39591110	1
32071171	1
14445060	1
1335643	1
239688	1
1032974	1
18842668	1
1322393	1
1614461	1
2641257	1
6027764	1
11384735	1
32912647	1
36834599	1
26108568	1
508478	1
8424243	1
7118187	1
8288132	1
3031222	1
6477710	1
32021114	1
1051234	1
395906	1
472716	1
9274358	1
11396573	1
490409	1
2553885	1
11448602	1
159961	1
1570533	1
38441	1
5233540	1
3673982	1
31498061	1
13864249	1
36394582	1
1483613	1
6692507	1
1121236	1
485781	1
18748952	1
417646	1
26108960	1
8458603	1
472924	1
1322525	1
15479126	1
20540477	1
5764722	1
696033	1
1210354	1
8811322	1
3033095	1
18504059	1
19386449	1
3317491	1
36609483	1
13083104	1
5153086	1
421208	1
17943488	1
18295929	1
1351572	1
4270672	1
31697282	1
6873794	1
675774	1
521235	1
2879593	1
370551	1
1250804	1
5806984	1
4296547	1
947688	1
15821966	1
3304199	1
2646461	1
9618287	1
57835	1
1342272	1
10644534	1
11809360	1
213636	1
474153	1
11386690	1
191388	1
4638951	1
12264632	1
36384805	1
366730	1
2564892	1
4898251	1
18685782	1
522895	1
408191	1
926265	1
902215	1
31936242	1
16350589	1
2904641	1
39691461	1
465674	1
1652709	1
1589875	1
143904	1
36545209	1
41113513	1
16257162	1
17319394	1
34656579	1
484672	1
398965	1
1210893	1
31762396	1
36493489	1
921518	1
8522889	1
11384647	1
442032	1
20617042	1
949560	1
43116930	1
36854628	1
13443726	1
420888	1
203279	1
1106313	1
1109514	1
261096	1
539760	1
8329064	1
1765519	1
3489696	1
212007	1
514670	1
1701776	1
23947411	1
403899	1
26709230	1
443910	1
1441146	1
37175641	1
34991318	1
5920997	1
410809	1
3253235	1
759415	1
24032909	1
6477345	1
36404205	1
2952210	1
37605399	1
485200	1
1853523	1
7617746	1
193233	1
2286545	1
10512172	1
7486290	1
436113	1
31023210	1
30876952	1
1042635	1
958151	1
192181	1
17880868	1
3689425	1
12128074	1
12677713	1
1694801	1
435140	1
7605701	1
205162	1
33517104	1
1341108	1
14541388	1
1696521	1
36526412	1
22311187	1
36230398	1
446267	1
8523103	1
36230034	1
9780231	1
5523643	1
1139040	1
196870	1
404385	1
26986044	1
9513504	1
476212	1
1101615	1
667813	1
17491939	1
457917	1
5114850	1
1636096	1
2447662	1
36230061	1
4176558	1
12002562	1
36831349	1
32425947	1
472281	1
644519	1
7268393	1
19552847	1
7178870	1
9313241	1
229963	1
41021783	1
926238	1
8499109	1
2474900	1
28633001	1
34176425	1
8527055	1
36230259	1
1144982	1
527767	1
3516669	1
3231599	1
943775	1
25682407	1
512052	1
21021719	1
207368	1
17493291	1
3085746	1
36230271	1
13375121	1
30239559	1
1130176	1
14475015	1
3843521	1
10709802	1
20431102	1
1954053	1
6480263	1
3382825	1
2245330	1
13083818	1
10977826	1
21189639	1
10566784	1
8625933	1
37107069	1
28027968	1
11629711	1
9423231	1
9406818	1
3198603	1
8783176	1
4352439	1
14445239	1
4236584	1
2070801	1
21701314	1
25215723	1
40767168	1
2045237	1
28736026	1
2864100	1
8288051	1
748643	1
5856358	1
28057591	1
198871	1
247552	1
367803	1
2035920	1
1858739	1
25138264	1
475758	1
3442319	1
15433097	1
16545084	1
21388997	1
610484	1
417164	1
11970114	1
178128	1
14262834	1
1493074	1
311608	1
514893	1
19445506	1
618507	1
5881357	1
13210831	1
3010318	1
31562018	1
25808083	1
36229955	1
429282	1
21509416	1
3419617	1
60521	1
2342364	1
7703856	1
6126872	1
2995061	1
140725	1
46345381	1
614642	1
8134889	1
15442	1
22108119	1
82050	1
1203656	1
7530871	1
1624896	1
2262725	1
1003844	1
426670	1
37184786	1
17235399	1
32274	1
24260845	1
11785352	1
758526	1
17422938	1
793123	0
966107	0
126029	0
7350001	0
30548141	0
649994	0
22061269	0
4272383	0
6532460	0
18239637	0
3125942	0
32509182	0
25288278	0
5377545	0
28829823	0
5322778	0
4092442	0
32107086	0
26277350	0
6838385	0
1332645	0
32158172	0
220712	0
4019388	0
13677387	0
6095862	0
23548956	0
40474641	0
11630247	0
20768038	0
23829218	0
6553379	0
6237275	0
549239	0
29530829	0
1327583	0
2237175	0
22025235	0
4996383	0
617711	0
12783089	0
42579266	0
1895752	0
18634678	0
3407129	0
2932203	0
21381242	0
21130283	0
6632617	0
36696528	0
5622227	0
31496756	0
11821756	0
12308944	0
39395711	0
1092070	0
22604898	0
5768113	0
6553323	0
23437038	0
25571160	0
36802569	0
32982278	0
31816175	0
27074012	0
3272474	0
25763248	0
12135022	0
31598217	0
2302348	0
14065261	0
1191183	0
12623102	0
4767469	0
549615	0
2820843	0
47139909	0
29107529	0
28372078	0
24879590	0
2448872	0
31629875	0
46940093	0
15414811	0
885466	0
2023363	0
24547043	0
27889901	0
7118050	0
7094190	0
19995077	0
39998072	0
23502692	0
1233609	0
15612772	0
2454141	0
5607211	0
3385604	0
27033037	0
337362	0
135820	0
185763	0
771649	0
626814	0
10274141	0
4243198	0
14924978	0
21029996	0
4635094	0
4611260	0
926941	0
33778	0
14336288	0
36193004	0
22130997	0
8397444	0
2808422	0
3190242	0
413555	0
23066152	0
26619514	0
11579944	0
12010762	0
23569174	0
2424591	0
42666334	0
29354201	0
208212	0
13377395	0
13451214	0
11688632	0
20597	0
5988174	0
37071737	0
35532935	0
3373058	0
2758023	0
11742099	0
40210315	0
210209	0
157272	0
2043575	0
5945	0
148045	0
25213989	0
13384760	0
32270277	0
20611919	0
476159	0
6322227	0
8054611	0
17758475	0
10856203	0
26174917	0
2820861	0
18584282	0
1955243	0
262597	0
2069137	0
40619145	0
5000605	0
1217217	0
6095005	0
26985497	0
26991675	0
33374902	0
697062	0
35339642	0
10421944	0
30356354	0
23758540	0
12854502	0
1019702	0
1877852	0
1404518	0
31290737	0
1015717	0
3644499	0
11797883	0
4013040	0
18074264	0
23294	0
1222193	0
29260236	0
747524	0
3045571	0
28541702	0
8070	0
35594973	0
26543759	0
3065103	0
2780689	0
6838124	0
358155	0
31950650	0
41485903	0
2507946	0
37834334	0
129490	0
7544332	0
34083836	0
2021992	0
2381892	0
2804571	0
247991	0
3079144	0
15283691	0
8583833	0
12003838	0
13909708	0
4492060	0
24026566	0
35699692	0
304861	0
1274164	0
46294169	0
2297139	0
29193701	0
23161827	0
31478000	0
34571351	0
19840970	0
1965400	0
4148382	0
1810219	0
2336283	0
21380563	0
13083438	0
394528	0
7334229	0
42044199	0
23082242	0
16057664	0
15430235	0
2575718	0
752850	0
908663	0
32784597	0
48761184	0
12931650	0
2263171	0
199505	0
3557929	0
5518707	0
41156298	0
20248858	0
1339973	0
70107	0
15253499	0
5363304	0
2537370	0
5603330	0
31319732	0
36060545	0
32707201	0
6029322	0
12427893	0
5854646	0
13807769	0
36149650	0
633095	0
5935169	0
16234290	0
140059	0
1364445	0
32580459	0
443231	0
13711800	0
2158497	0
23814356	0
6843662	0
47988925	0
40755194	0
2609329	0
8054154	0
8819540	0
7288218	0
55639	0
41512150	0
6185440	0
5517309	0
32102383	0
29098855	0
472961	0
36799056	0
4372220	0
22604562	0
18479389	0
6554770	0
6478801	0
29272398	0
20003595	0
769985	0
20705284	0
26970325	0
12741048	0
37040945	0
692376	0
39442288	0
5885117	0
11397245	0
6856350	0
14409051	0
13207479	0
11270922	0
25730820	0
25137062	0
12125712	0
18999172	0
42752774	0
1438860	0
8822154	0
41492193	0
807936	0
18645813	0
375673	0
5284292	0
14449583	0
5807820	0
1329337	0
1414105	0
35656629	0
7202005	0
5017596	0
135865	0
11544291	0
9919374	0
25772141	0
3163310	0
499092	0
758177	0
1029802	0
3151554	0
1096480	0
7992766	0
459697	0
43308055	0
17502753	0
8518452	0
553529	0
46438882	0
34050487	0
144634	0
1775676	0
5804426	0
6927325	0
15071774	0
419216	0
81316	0
3508438	0
14822559	0
23443233	0
288728	0
20707757	0
9994979	0
3037299	0
1343127	0
5180585	0
2540408	0
18810470	0
46927335	0
553852	0
19494339	0
12923002	0
1500166	0
32222949	0
30645100	0
4579217	0
1480945	0
6704626	0
659310	0
2184689	0
37192113	0
43196672	0
6954110	0
228551	0
7256280	0
1190681	0
38178235	0
47682772	0
8287673	0
22497832	0
11851725	0
28372628	0
23248391	0
42230747	0
13843640	0
7860386	0
1840999	0
216556	0
44062363	0
42248869	0
30500246	0
8819452	0
2687183	0
27828258	0
376856	0
2923272	0
43248873	0
19630649	0
1083141	0
18900548	0
20398078	0
1740410	0
22601761	0
9317934	0
13811382	0
38098966	0
10556656	0
831596	0
18072670	0
18637779	0
18740872	0
174140	0
125833	0
14516300	0
47411	0
7493371	0
6178443	0
23459909	0
39975326	0
9713368	0
23311100	0
219732	0
14933654	0
16800307	0
1706185	0
1715621	0
14700319	0
112103	0
3779161	0
13878825	0
26066903	0
19394681	0
1317215	0
17325234	0
94023	0
2037842	0
3450664	0
46642705	0
14696859	0
14307106	0
98531	0
3293505	0
24227330	0
35889826	0
404629	0
21645306	0
17458501	0
35730496	0
31906466	0
49607727	0
3659958	0
379444	0
4851597	0
1081881	0
759701	0
23586862	0
12097966	0
21447225	0
5477618	0
7362	0
4128582	0
11807163	0
27679504	0
93291	0
31019953	0
31862983	0
3995152	0
2281669	0
5408816	0
4342409	0
3431909	0
1246005	0
1015882	0
4395058	0
27856647	0
624236	0
21079998	0
1405171	0
22321817	0
21541613	0
12267042	0
18991642	0
15040159	0
5401126	0
1259705	0
33809966	0
628832	0
10180428	0
13414425	0
5717942	0
25120528	0
401675	0
27596487	0
3267498	0
846061	0
637911	0
25677006	0
32652758	0
