6788044	1
17955595	1
15424805	1
39366839	1
74658	1
29517536	1
4832313	1
232298	1
489917	1
6437644	1
4168085	1
42169308	1
52793	1
1681585	1
38252401	1
381923	1
2613793	1
116505	1
282963	1
4056799	1
16826804	1
1537033	1
678412	1
22443684	1
5082704	1
453763	1
414987	1
28064550	1
16452116	1
6138129	1
38542733	1
11011142	1
102916	1
1313933	1
43814993	1
501649	1
620480	1
36060686	1
2979345	1
13932959	1
15305237	1
13419562	1
18428145	1
38073122	1
2306230	1
5629986	1
1345951	1
308864	1
9077130	1
25771934	1
2545354	1
1038224	1
22236991	1
6126223	1
3058647	1
37867537	1
2460755	1
1669684	1
22799606	1
21986876	1
430948	1
6245132	1
24272081	1
703217	1
405151	1
2194592	1
6557872	1
1265248	1
1430822	1
3275358	1
418286	1
9184715	1
1913720	1
1647580	1
23939387	1
30669623	1
1801493	1
2571986	1
30176665	1
1828635	1
5789722	1
35981249	1
5757358	1
1651215	1
4860	1
13848070	1
3839992	1
1430883	1
4141269	1
3310980	1
17706794	1
25694136	1
148102	1
6736997	1
611769	1
1652614	1
6788037	1
15514394	1
7397317	1
1094333	1
520702	1
400815	1
2946878	1
1201256	1
5446471	1
10299353	1
2351948	1
107341	1
116331	1
408192	1
313915	1
16919	1
255964	1
1959220	1
894673	1
23872514	1
363591	1
10095882	1
1226281	1
1414071	1
12471435	1
1176763	1
10479	1
8603101	1
6787844	1
825869	1
118186	1
1783877	1
27140626	1
32677131	1
124463	1
23615215	1
15251797	1
6125801	1
1783874	1
44573956	1
23532783	1
854401	1
570913	1
22631054	1
7287758	1
21705818	1
2031393	1
21368498	1
2669944	1
39635	1
2207604	1
8584887	1
10506299	1
1483002	1
560668	1
26063443	1
8663247	1
402882	1
36483892	1
24852366	1
107656	1
38419340	1
33260703	1
2379742	1
2597320	1
809560	1
4473829	1
2245158	1
5673670	1
6700056	1
56474	1
9777498	1
16253967	1
26973	1
17945327	1
27761018	1
1346121	1
2982864	1
3228860	1
1104395	1
23419600	1
4998755	1
8807723	1
11208088	1
1659117	1
8657891	1
27318	1
5820319	1
19626055	1
6145181	1
1242993	1
1126636	1
1499374	1
4128594	1
459248	1
5727850	1
107810	1
23160294	1
1868139	1
5424050	1
31062302	1
20812043	1
1410103	1
56274	1
1388082	1
14659127	1
6815960	1
242104	1
25352318	1
31444275	1
48104	1
957533	1
41612609	1
2803079	1
9801983	1
487061	1
1104754	1
10166400	1
22836999	1
15539448	1
39070026	1
5948752	1
2288713	1
959490	1
1437772	1
36714285	1
20954723	1
20343826	1
28920858	1
13537957	1
26021359	1
12482641	1
11838422	1
1738433	1
7085711	1
12607164	1
13980059	1
4159399	1
39283444	1
242667	1
9617883	1
3624885	1
2558309	1
1159080	1
17855755	1
2965925	1
31806112	1
6699703	1
206772	1
10720694	1
915327	1
1057273	1
15304902	1
27659748	1
24917237	1
950860	1
3840185	1
2845688	1
3536422	1
1126949	1
7808919	1
62520	1
8131414	1
18131	1
34291	1
29512822	1
1614371	1
2620566	1
5967033	1
8634223	1
5584989	1
44522545	1
11978561	1
240258	1
1634414	1
2121169	1
15894666	1
6883456	1
16487143	1
204701	1
96220	1
48068174	1
127105	1
656035	1
7033378	1
20790768	1
2374232	1
11656054	1
16720914	1
29688374	1
3706059	1
6029266	1
465233	1
37987965	1
13119785	1
1646254	1
27355442	1
1052083	1
18784723	1
17377888	1
1385881	1
14240043	1
15463814	1
3952482	1
3010961	1
74616	1
95060	1
2701113	1
34290	1
1172751	1
4027223	1
15441	1
536950	1
250462	1
2119351	1
10609255	1
14301875	1
39048453	1
16279676	1
46409677	1
13231278	1
17313512	1
2321517	1
5974289	1
10683373	1
506961	1
31137062	1
11825477	1
22814175	1
6363079	1
15236	1
6125780	1
4286069	1
373116	1
6392866	1
23739263	1
23736246	1
1297520	1
440080	1
5910700	1
9492574	1
5952263	1
5675801	1
434533	1
33989804	1
1328261	1
13601590	1
5810035	1
1043348	1
707565	1
5435185	1
15522170	1
11989884	1
10235429	1
6125858	1
4728667	1
10361034	1
13723984	1
423783	1
872103	1
74655	1
854091	1
1427932	1
68517	1
32757646	1
1810501	1
6569817	1
352551	1
37992325	1
43712714	1
21867852	1
28050262	1
34977502	1
20141884	1
5079325	1
26640611	1
9364783	1
23384265	1
57602	1
32159508	1
19791439	1
7317954	1
19782935	1
16510278	1
299734	1
1551254	1
2694173	1
4601608	1
24863389	1
272884	1
6098961	1
6293498	1
17131	1
2035220	1
3271939	1
11349750	1
1469661	1
27612509	1
6792934	1
1978628	1
5968387	1
25816347	1
8071118	1
6699508	1
443316	1
1017592	1
17256026	1
3647084	1
109665	1
25815972	1
30008858	1
28027427	1
34490205	1
17644452	1
23536627	1
3796677	1
25023161	1
29587170	1
338330	1
42515572	1
1386185	1
28136592	1
14185779	1
2551620	1
33256712	1
6111651	1
4336688	1
262593	1
19435825	1
34160915	1
7413960	1
2604716	1
7371886	1
149206	1
36965434	1
21528240	1
6717374	1
808224	1
36764633	1
12687622	1
1904581	1
9981353	1
13372836	1
306419	1
877940	1
403782	1
4685649	1
923946	1
7322445	1
467419	1
27290834	1
6569963	1
2676954	1
23923203	1
1058530	1
474065	1
6787807	1
1293078	1
729863	1
1545210	1
8913106	1
2030585	1
7359118	1
3120652	1
23239521	1
6641	1
545097	1
22670917	1
684407	1
700121	1
23205095	1
16691326	1
4356275	1
194636	1
9328908	1
3045976	1
1109152	1
232872	1
6788006	1
1039506	1
15106250	1
1999326	1
22948895	1
1654923	1
19648686	1
46172	1
299067	1
10535469	1
12019130	1
4064527	1
4624044	1
2614315	1
107657	1
98570	1
118025	1
3508818	1
35840828	1
16277934	1
2714697	1
453942	1
11889928	1
1446564	1
9361594	1
32424503	1
2159372	0
23218108	0
2708006	0
1934279	0
308036	0
6770314	0
5231767	0
41449047	0
3492970	0
44005503	0
6418218	0
1836310	0
7441317	0
31675052	0
21557307	0
2658900	0
34915870	0
10473649	0
3134827	0
15285709	0
67049	0
185803	0
4075735	0
26154240	0
1982914	0
49518236	0
12806838	0
709239	0
14331	0
40837819	0
11829663	0
5724602	0
8213718	0
24744	0
36756375	0
11346980	0
46275217	0
5408961	0
3996698	0
35657308	0
10687788	0
14580095	0
2930564	0
10131735	0
9498599	0
42328297	0
34756336	0
17141447	0
2258054	0
2086989	0
31058861	0
1348320	0
24195630	0
6768793	0
40997703	0
32164190	0
18331790	0
19043440	0
9149932	0
2829144	0
1437575	0
40568231	0
39201248	0
20784783	0
5802473	0
329052	0
14736972	0
5474368	0
28323297	0
2968368	0
1044703	0
33609519	0
769192	0
25113603	0
136185	0
42906001	0
5976869	0
136284	0
1227279	0
4059301	0
2350987	0
3958424	0
29298508	0
11915417	0
11979338	0
2752484	0
12976383	0
4534001	0
376189	0
31607751	0
19110091	0
4777077	0
35702360	0
47368090	0
10244472	0
966096	0
4499535	0
4444850	0
18765418	0
2215486	0
11302209	0
2428651	0
4096502	0
18315318	0
3458650	0
3739555	0
2639312	0
1531151	0
42527258	0
49243921	0
43789858	0
42653954	0
15521619	0
5581705	0
22533020	0
41757968	0
1436845	0
1594192	0
349723	0
232367	0
1406725	0
46577029	0
3114831	0
10299567	0
665542	0
20938141	0
13538359	0
23233258	0
2976313	0
27653176	0
19080878	0
20886536	0
3304564	0
2161284	0
12051338	0
296002	0
5224518	0
874189	0
11236613	0
4142591	0
32669423	0
37688886	0
109550	0
27968837	0
10406929	0
26759459	0
15970587	0
38323070	0
1043793	0
14298059	0
3483943	0
617744	0
17252423	0
4107645	0
7915215	0
44912565	0
4738400	0
7040349	0
46337101	0
21629697	0
22134952	0
8418179	0
2855217	0
2363657	0
19178965	0
34017047	0
36515016	0
4342898	0
36156084	0
21935742	0
41487102	0
33820409	0
39606	0
43749118	0
34511208	0
6540977	0
672327	0
26591519	0
5198803	0
6475459	0
151304	0
5818679	0
3191873	0
13110010	0
16654942	0
1423167	0
19556824	0
43442251	0
19127305	0
26960313	0
46428063	0
27226063	0
6360729	0
39138667	0
5161691	0
2212622	0
2153862	0
5036739	0
38870633	0
125098	0
24294611	0
2797047	0
6326973	0
26387087	0
47105690	0
38242599	0
10454424	0
12780597	0
33043697	0
1013738	0
210482	0
8099951	0
35840427	0
7175286	0
115454	0
31333154	0
2691	0
30065215	0
18986272	0
189774	0
39020962	0
1948459	0
24735465	0
5705809	0
2021700	0
42211463	0
43134518	0
2723479	0
48841193	0
12451631	0
7113552	0
13860542	0
1217660	0
2286978	0
43933588	0
15055494	0
33813519	0
2871598	0
14949774	0
12151696	0
230623	0
735553	0
4418735	0
4503966	0
2683424	0
6739456	0
6958325	0
41378792	0
29927513	0
38768440	0
26386437	0
25943638	0
43225308	0
8076047	0
4488081	0
135551	0
33841348	0
2688385	0
126330	0
14822244	0
28476411	0
25082948	0
26179	0
37680436	0
2711558	0
6553702	0
25603899	0
1076906	0
40137077	0
28132970	0
468738	0
14967488	0
6719812	0
22914997	0
48595993	0
10406211	0
8667422	0
2624308	0
8539825	0
188307	0
22891942	0
19174163	0
17257969	0
19479634	0
10792032	0
796351	0
47450397	0
38238931	0
32379916	0
884396	0
1471898	0
27802891	0
4208402	0
191415	0
747338	0
6208991	0
3925498	0
23228817	0
22198439	0
3043193	0
1585995	0
9485612	0
7122112	0
11021134	0
6780995	0
3881355	0
25527199	0
41792662	0
20401520	0
1995876	0
18584744	0
1381818	0
16956044	0
6051112	0
925289	0
15700140	0
2901637	0
4170840	0
1681580	0
46704780	0
195719	0
2784175	0
827557	0
26918492	0
10497218	0
20550264	0
2395833	0
28796951	0
7541880	0
44187054	0
3491678	0
23962119	0
5910899	0
12960635	0
3319666	0
366314	0
4247207	0
4441090	0
8280960	0
14200172	0
2706223	0
40080126	0
18505386	0
28372438	0
963591	0
15998682	0
7944158	0
16038090	0
18483759	0
1443922	0
24221907	0
3767085	0
11245612	0
1713425	0
21849474	0
25079964	0
20813632	0
1171498	0
9471956	0
2384853	0
514893	0
12766918	0
1290337	0
31849804	0
1769993	0
2402422	0
7484033	0
125432	0
2138750	0
26608129	0
25385232	0
28004638	0
12331080	0
34561214	0
21374490	0
26090633	0
44359946	0
994343	0
5745912	0
4047087	0
91555	0
8695171	0
11452987	0
19283898	0
4822605	0
652793	0
2193908	0
1780668	0
207063	0
28391130	0
501802	0
15552119	0
14936850	0
34512887	0
14411102	0
6446400	0
22752518	0
260983	0
3650091	0
19383766	0
14922695	0
1019533	0
19635910	0
19863277	0
6789321	0
7624873	0
18539638	0
16825007	0
15087849	0
3304646	0
42075353	0
2674334	0
46320168	0
4352663	0
5258659	0
4138316	0
250363	0
42972523	0
1377744	0
9467729	0
321653	0
2556410	0
45531687	0
2979909	0
23610235	0
1452234	0
3853685	0
14904921	0
1706589	0
25269842	0
34486789	0
1070600	0
20434183	0
362368	0
3672720	0
7640072	0
10840624	0
12971108	0
1652530	0
37895734	0
2120545	0
9833206	0
21574806	0
28838240	0
6241609	0
2916871	0
15134550	0
12388	0
146172	0
30463136	0
45314885	0
2797271	0
20767643	0
12255337	0
570394	0
1751944	0
3139694	0
23555984	0
16323081	0
27599521	0
1223603	0
6848099	0
420186	0
1572218	0
903978	0
25142200	0
21578794	0
7355887	0
853306	0
26531073	0
1117114	0
19651014	0
15465336	0
205076	0
41676397	0
2400922	0
44265315	0
3520800	0
24227	0
4562531	0
21735270	0
13407293	0
28038150	0
4966419	0
6910763	0
7174530	0
14620715	0
3485943	0
12498403	0
25346948	0
3621096	0
2584161	0
6061826	0
1349086	0
18881005	0
44147565	0
3723644	0
10121722	0
2428370	0
48401939	0
