29793798	1
11904750	1
29918131	1
11026396	1
120176	1
15403135	1
2249008	1
9168091	1
111930	1
57378	1
46852	1
4178538	1
6005951	1
97048	1
6950760	1
34630412	1
22062296	1
10670782	1
2928298	1
1501261	1
731043	1
79717	1
2862257	1
4396132	1
2243417	1
1801814	1
191179	1
295160	1
15519170	1
7720036	1
296927	1
2218690	1
1497754	1
24060	1
2291467	1
83324	1
4152452	1
566687	1
354695	1
28986978	1
492056	1
12381545	1
20049710	1
10805336	1
330417	1
193875	1
1754270	1
34749	1
8782328	1
181688	1
3240521	1
129470	1
8338188	1
13704727	1
152261	1
17202853	1
15375634	1
4067761	1
250497	1
8340238	1
3286021	1
2167989	1
17612434	1
3057890	1
1235356	1
82100	1
2905071	1
938325	1
1224592	1
2624618	1
12991309	1
25084992	1
2640768	1
34593519	1
18596928	1
3166662	1
19092475	1
1979690	1
444912	1
222514	1
1035918	1
299489	1
7774331	1
19942238	1
25092686	1
3483752	1
924079	1
16002766	1
169132	1
128968	1
3688814	1
598361	1
24717405	1
15174827	1
15454310	1
1249454	1
18976459	1
26658782	1
30767268	1
17708250	1
3342240	1
69286	1
4662316	1
18435202	1
81274	1
7999850	1
366024	1
17109065	1
40918405	1
2462815	1
2125670	1
99812	1
2819891	1
2294935	1
5638764	1
1634924	1
3432996	1
46007	1
3863993	1
11247577	1
2799418	1
14655866	1
18102182	1
163704	1
663886	1
34385	1
693192	1
36891326	1
4540726	1
5323673	1
1560225	1
161745	1
232669	1
5824562	1
1108025	1
867630	1
6716724	1
756508	1
5551676	1
25124423	1
7867958	1
10328874	1
69305	1
895580	1
2040822	1
5705233	1
34301901	1
7339710	1
15682829	1
28718832	1
767072	1
32458762	1
2636467	1
308162	1
239500	1
1087130	1
18151549	1
160296	1
2971837	1
3012170	1
8660597	1
326691	1
888918	1
38197	1
248446	1
66934	1
8760286	1
356334	1
210483	1
172213	1
8586208	1
779757	1
5878472	1
1766597	1
74224	1
23539600	1
333161	1
114712	1
22439395	1
2144985	1
34489238	1
229971	1
9907	1
2482208	1
6141751	1
4083273	1
23566375	1
15809627	1
63743	1
19038039	1
1860725	1
41312835	1
17017973	1
8091333	1
2765073	1
3901503	1
5119023	1
33088957	1
2791909	1
115722	1
6242461	1
20045391	1
47040065	1
8339277	1
21403891	1
849629	1
60338	1
888927	1
29755707	1
2547518	1
32628382	1
107792	1
526350	1
1095078	1
24459408	1
3993181	1
9024108	1
164356	1
123186	1
2570038	1
1727363	1
862396	1
36774589	1
24536700	1
2294532	1
5522181	1
412158	1
5215428	1
909809	1
1000522	1
3088411	1
3931490	1
56979	1
11053000	1
11718951	1
7412780	1
1924599	1
3542882	1
7157221	1
2145128	1
23753579	1
196825	1
1191957	1
31582714	1
84608	1
21535252	1
36644574	1
32957786	1
311794	1
2823113	1
9221502	1
19307105	1
177180	1
30304483	1
36889630	1
1958611	1
7343949	1
10431477	1
2670688	1
5481019	1
254416	1
298658	1
25529349	1
690936	1
23492260	1
289850	1
15061975	1
3433377	1
6432952	1
23408159	1
6576	1
9853602	1
27892639	1
6198910	1
9948	1
1003870	1
22575095	1
4155624	1
14063566	1
25140463	1
8666178	1
2523010	1
18660050	1
909866	1
74817	1
20345165	1
2417005	1
2196616	1
111585	1
11293810	1
8071310	1
518759	1
1997461	1
21254158	1
181229	1
1460806	1
13543584	1
114562	1
8816148	1
386918	1
166135	1
999748	1
1182639	1
4125858	1
6032393	1
16678205	1
21983591	1
4264789	1
46705731	1
15009349	1
27108192	1
3296447	1
176248	1
68090	1
264449	1
2545754	1
30272552	1
12339506	1
92539	1
1640895	1
520455	1
8912728	1
152364	1
28162952	1
5560093	1
193293	1
14075620	1
420880	1
4265374	1
3814960	1
19108818	1
13969445	1
12335372	1
26549301	1
13308940	1
24547404	1
33422	1
31904948	1
725329	1
1529696	1
32153985	1
19840174	1
12573111	1
34955932	1
31796149	1
10454752	1
304111	1
4269895	1
1812937	1
9764	1
1571515	1
124850	1
16470665	1
204989	1
11033572	1
2938870	1
3932391	1
8079248	1
2779825	1
28104451	1
321715	1
1784732	1
21629684	1
8523847	1
34361498	1
3848881	1
441670	1
3375597	1
13118867	1
2796587	1
106812	1
29782514	1
146647	1
402468	1
2166474	1
11145704	1
33001941	1
86418	1
201756	1
297970	1
3889524	1
1175507	1
1642576	1
7994517	1
18115	1
5192244	1
373430	1
16975798	1
3898954	1
14631674	1
787997	1
25259215	1
10190961	1
18842471	1
73277	1
732682	1
6287951	1
8714408	1
357292	1
873905	1
1629105	1
11908897	1
4454542	1
483885	1
38343396	1
215994	1
6583688	1
26878691	1
90696	1
1658256	1
26540889	1
25380988	1
19683068	1
690885	1
311937	1
24706791	1
3905817	1
34905651	1
19053692	1
4316523	1
17550674	1
8101988	1
471680	1
6550142	1
8083408	1
20841755	1
3890450	1
406119	1
544554	1
7940693	1
18023	1
1228837	1
264058	1
473531	1
37703872	1
6737829	1
151136	1
62531	1
17595989	1
34230407	1
30058317	1
8576896	1
25868052	1
29748950	1
956504	1
2012529	1
3315388	1
285524	1
13037150	1
12671933	1
1440817	1
11938334	1
14344825	1
17840102	1
2033937	1
8129383	1
849758	1
19119143	1
23445958	1
224589	1
8957813	1
427187	1
21986204	1
9278205	1
329142	1
5814879	1
12604153	1
3372515	1
22169846	1
4668924	1
2209035	1
3008755	1
5016501	1
5565500	1
170759	1
3095504	1
1458305	1
459586	1
3225056	1
2501468	1
160630	1
626654	1
20871160	1
21502991	1
897327	1
4792826	1
938269	1
509848	1
28407279	1
4551768	1
1929258	1
620595	1
613452	1
24064911	1
49406812	1
703158	1
3832384	1
3991145	1
12041745	1
6267840	1
45123224	0
13833165	0
8825427	0
833800	0
3854126	0
5258963	0
18832427	0
14304183	0
2226757	0
5315494	0
11795803	0
16197623	0
6009026	0
33535563	0
13955921	0
35821089	0
12166931	0
1100238	0
30155415	0
1714293	0
2620445	0
14665271	0
69279	0
4570364	0
10710120	0
39883429	0
31701689	0
5013681	0
21036784	0
13623007	0
12630558	0
5387164	0
1269042	0
1648740	0
38188759	0
47619819	0
3313522	0
13446166	0
433340	0
6098307	0
43615657	0
42702636	0
2157091	0
3205066	0
4561015	0
16613827	0
1195051	0
17323388	0
46655649	0
4066741	0
1528221	0
13730	0
1151427	0
31037086	0
667015	0
4068917	0
45618840	0
35986568	0
4777035	0
16587899	0
21726442	0
44517471	0
1571749	0
38818727	0
660960	0
3655829	0
37241026	0
6119696	0
2286324	0
3202462	0
10049861	0
3318881	0
2624957	0
1715613	0
1186517	0
2971766	0
122301	0
44024872	0
28328874	0
614012	0
8164406	0
3131656	0
20117309	0
10963018	0
2272403	0
20226762	0
20756886	0
29367545	0
16970793	0
3659494	0
17442915	0
29420496	0
27705954	0
2084496	0
19539395	0
34437098	0
30534226	0
965284	0
423300	0
111980	0
3544472	0
40952089	0
21370521	0
2438911	0
7035330	0
1011371	0
29811743	0
25230535	0
21589312	0
35296653	0
13732783	0
27331585	0
45282246	0
4451825	0
11537137	0
5561060	0
13728740	0
9920861	0
3187495	0
8721429	0
7618545	0
47773214	0
13792059	0
43234927	0
2030355	0
810957	0
24588706	0
4703697	0
46377892	0
5910567	0
76143	0
2636326	0
12979534	0
1685535	0
4352382	0
45136352	0
17322160	0
14966682	0
11244215	0
468152	0
1971989	0
9711133	0
10513163	0
32933571	0
209827	0
43978408	0
43277592	0
3774124	0
1244458	0
2636121	0
3651963	0
2573266	0
15346775	0
7960786	0
24261120	0
4255251	0
11439218	0
15040871	0
6993686	0
207062	0
45389083	0
7987582	0
6557951	0
23841556	0
4205925	0
4223265	0
18183628	0
6706054	0
3644491	0
19742760	0
112184	0
32786931	0
26134147	0
16375921	0
16242263	0
116080	0
32588597	0
25874606	0
874522	0
13044270	0
2489604	0
15363016	0
18570229	0
2192344	0
2290155	0
31663784	0
44628910	0
1945567	0
21627207	0
4390632	0
16882924	0
8830580	0
5808114	0
48742698	0
37015464	0
21803282	0
20016184	0
14293391	0
14901071	0
11324463	0
3601790	0
8610836	0
6628722	0
4035257	0
10057123	0
4794417	0
17147435	0
7907751	0
46209171	0
42551986	0
513248	0
21719156	0
13769623	0
7007955	0
25026130	0
1919271	0
10232818	0
11840730	0
15335645	0
1480354	0
40565001	0
27706819	0
1855702	0
21244356	0
20928143	0
16914536	0
38836205	0
36530179	0
23420719	0
10909987	0
2132775	0
21131358	0
11003588	0
7440785	0
14072754	0
6737571	0
585657	0
30420357	0
12153841	0
3174573	0
15556040	0
38465734	0
37552375	0
37683502	0
23664881	0
21959065	0
2649544	0
12826028	0
11937618	0
34475896	0
11326793	0
8419686	0
21632105	0
22212603	0
32164052	0
1919799	0
656787	0
7385222	0
4146354	0
2917719	0
34259526	0
39607557	0
16113933	0
43213917	0
26777930	0
145875	0
33994412	0
6688446	0
1389099	0
10048624	0
1690976	0
6813503	0
20927773	0
20000748	0
46344095	0
874282	0
8534497	0
5104322	0
18779725	0
9968196	0
1000334	0
883832	0
15779543	0
22217479	0
38520724	0
6226712	0
142837	0
20194644	0
4433338	0
803090	0
7237949	0
17119761	0
27746869	0
871161	0
23926998	0
26903674	0
10972177	0
17462905	0
48728404	0
13659091	0
666990	0
25675132	0
14016247	0
46491041	0
24389689	0
47206448	0
18206910	0
8997518	0
45242136	0
12959925	0
26533492	0
31557921	0
762893	0
41218256	0
5609564	0
3081390	0
565306	0
5610924	0
9801800	0
36709588	0
7234581	0
6896522	0
36170904	0
8261544	0
5060736	0
12188975	0
485757	0
3891374	0
37973784	0
27658723	0
3718030	0
30471238	0
8088263	0
30865633	0
25784744	0
569331	0
7882235	0
2552683	0
1897692	0
2289288	0
34453242	0
1149124	0
26543369	0
3892762	0
629967	0
8739056	0
18614700	0
30047282	0
5332300	0
34587972	0
37847900	0
16206660	0
43151737	0
1031323	0
454859	0
37247862	0
43975601	0
21667036	0
11842862	0
1029063	0
1687281	0
17379804	0
8168726	0
2387402	0
27387031	0
11884212	0
48819253	0
15804109	0
428736	0
2788060	0
16658763	0
33565350	0
42084602	0
2488494	0
985749	0
27553829	0
9353405	0
123614	0
691975	0
45250547	0
12883193	0
36638175	0
9732629	0
36198809	0
22364126	0
35503501	0
4951188	0
2979149	0
2860479	0
15104343	0
34897881	0
1029314	0
223140	0
747853	0
1572044	0
1553787	0
37587472	0
10697523	0
119653	0
11780533	0
21748676	0
35985025	0
1437772	0
2032522	0
39655022	0
13821458	0
5773034	0
10909880	0
2936931	0
11683505	0
11349070	0
4811420	0
2797745	0
36355320	0
18952463	0
9148030	0
32423178	0
6069366	0
38390763	0
5463528	0
2942106	0
5667273	0
11928289	0
39727873	0
39093020	0
3341887	0
20691209	0
16690895	0
14336301	0
5204358	0
23514624	0
75773	0
15408176	0
22046816	0
3830994	0
2408897	0
18125441	0
24510732	0
46837131	0
7971306	0
32224826	0
31773963	0
2678879	0
45657518	0
13204324	0
2315898	0
32019764	0
434721	0
20842542	0
45025916	0
21154446	0
28116313	0
2583572	0
859119	0
3649635	0
46377761	0
217397	0
130336	0
29861692	0
39700606	0
48715712	0
815306	0
1044611	0
25860598	0
3431012	0
36897158	0
3647925	0
6826588	0
10628798	0
4124406	0
1120275	0
15212677	0
512200	0
10677136	0
22236932	0
22378433	0
13582613	0
19506189	0
11063040	0
2536568	0
429044	0
26291763	0
31984428	0
2314801	0
812801	0
45491708	0
10235045	0
3783942	0
7941209	0
16011797	0
47894728	0
30866020	0
1894530	0
7348402	0
15093646	0
41122425	0
1093068	0
2700457	0
33346383	0
115542	0
