24883225	1
1200806	1
1602858	1
603566	1
897709	1
4975510	1
27496841	1
828267	1
46282466	1
435021	1
1623709	1
1259024	1
22868761	1
637112	1
3028769	1
33240672	1
28206936	1
1234987	1
6268056	1
24161425	1
5818181	1
31313849	1
48228965	1
3558789	1
5160579	1
13950929	1
2352738	1
3786347	1
22860850	1
31936040	1
18863950	1
21294296	1
10836854	1
14606582	1
27631002	1
1463014	1
990481	1
2306978	1
7351666	1
2071367	1
3647059	1
33496093	1
40879773	1
14618801	1
671167	1
979061	1
888440	1
1229868	1
1226341	1
42138629	1
26063934	1
13294080	1
1788254	1
2794180	1
1334935	1
13998873	1
22215979	1
2281226	1
20812646	1
50450	1
743396	1
2254857	1
24870739	1
12494758	1
31952743	1
18411306	1
42593024	1
62633	1
3240974	1
698465	1
3510850	1
847019	1
612804	1
41442746	1
23823945	1
3345259	1
3772810	1
32860369	1
451208	1
921306	1
303829	1
34236550	1
6885057	1
221550	1
4128822	1
27969509	1
1113056	1
20097316	1
4602576	1
748114	1
5909658	1
6657198	1
200764	1
5342501	1
22737890	1
4043780	1
2392931	1
4060338	1
54157	1
5813012	1
5806572	1
1160811	1
3290767	1
36769938	1
125274	1
866438	1
567167	1
1010217	1
3414021	1
8881091	1
1682089	1
1534617	1
896129	1
375103	1
8261868	1
4207	1
889198	1
8422498	1
50379	1
6730532	1
3038132	1
1962234	1
30167432	1
921463	1
3677199	1
12974599	1
14967035	1
5250748	1
5832365	1
5643572	1
10126618	1
1988590	1
524346	1
11404731	1
12954580	1
3953448	1
3639102	1
2151007	1
35342105	1
2108919	1
245069	1
1637041	1
1910226	1
632717	1
8127211	1
1176371	1
33886602	1
25352318	1
12325472	1
1196374	1
21369136	1
333693	1
12772592	1
3994486	1
2079394	1
361548	1
5207465	1
3253729	1
5859444	1
13816366	1
2144329	1
2213051	1
74685	1
1637647	1
2823481	1
11464075	1
6841667	1
6030233	1
25225936	1
12764107	1
22558827	1
2963738	1
4070024	1
1434036	1
906724	1
20050	1
13727601	1
274490	1
4984971	1
383777	1
915950	1
33017611	1
2987792	1
10432105	1
1586579	1
3414703	1
32413	1
31449579	1
20839148	1
9203819	1
8682776	1
340818	1
25993851	1
9326343	1
33703801	1
12550372	1
5230191	1
40843850	1
9818758	1
21437789	1
2836305	1
226415	1
10594951	1
16908657	1
670394	1
642357	1
1029114	1
9781277	1
303803	1
5716387	1
2844350	1
42860582	1
1136820	1
386682	1
1438023	1
1082945	1
25338864	1
44598335	1
3499855	1
36898599	1
5636777	1
41923291	1
4256521	1
479273	1
4446645	1
219697	1
361966	1
5348046	1
6249661	1
6930277	1
21720	1
1598015	1
1136879	1
555338	1
9978207	1
6610	1
42967760	1
21070194	1
208826	1
14580451	1
12302792	1
320314	1
32219840	1
2092262	1
7914439	1
2380093	1
22075163	1
3487505	1
12764987	1
39750676	1
2005802	1
2470223	1
3917081	1
9150428	1
48529427	1
10520766	1
928838	1
9251659	1
1724440	1
893512	1
3962496	1
11652322	1
1303234	1
9008058	1
24310539	1
2061719	1
8371082	1
810528	1
5694844	1
1008974	1
21725212	1
1074629	1
1447234	1
1395482	1
1939214	1
14908721	1
1010805	1
3914646	1
38306078	1
1879752	1
33903300	1
2996511	1
2863860	1
214192	1
2566470	1
5780484	1
8355599	1
2227481	1
5958131	1
630298	1
4107070	1
44443180	1
8940113	1
18430162	1
2870673	1
10945807	1
16235172	1
36575616	1
3669294	1
22675200	1
3674455	1
5336550	1
9032609	1
1119361	1
22768620	1
8444390	1
6311636	1
2604793	1
31709730	1
24472947	1
5780480	1
3310772	1
523126	1
5954241	1
27309382	1
681862	1
1017301	1
1388940	1
8605179	1
1828812	1
40627584	1
1299948	1
4431555	1
240319	1
261908	1
4666381	1
2975480	1
597411	1
43245	1
18830588	1
5467007	1
419431	1
12080858	1
30501505	1
574934	1
568868	1
2026759	1
3025736	1
953315	1
679770	1
5657515	1
318556	1
5011262	1
1922877	1
31076038	1
18664109	1
20086437	1
641959	1
7394486	1
24985676	1
14415634	1
7624210	1
7144439	1
1113222	1
5516791	1
1123076	1
894305	1
7679439	1
761609	1
9236375	1
23778501	1
4949043	1
7616595	1
89853	1
1217500	1
4352871	1
181892	1
8247848	1
367030	1
569791	1
7610742	1
16652771	1
23685074	1
23952498	1
24206586	1
32733406	1
24503600	1
719429	1
2330070	1
573185	1
25309773	1
38685170	1
2119368	1
31816301	1
349271	1
16046814	1
1988808	1
27313801	1
6122148	1
2182594	1
3050529	1
47588710	1
36423256	1
18482162	1
1347830	1
33513990	1
949393	1
5012100	1
36675865	1
8714991	1
9431059	1
23218108	1
9721922	1
3024374	1
6574705	1
1628424	1
36802597	1
931760	1
41101822	1
1146033	1
14142	1
15245354	1
9988680	1
1302479	1
34675123	1
3454416	1
514219	1
9155074	1
35070878	1
10675235	1
35555300	1
31816124	1
27722661	1
31355415	1
748320	1
33130384	1
2456214	1
21202369	1
574307	1
29430509	1
19859929	1
1018650	1
1026585	1
30498117	1
1331999	1
202209	1
20913409	1
1853662	1
25484927	1
3807846	1
1347020	1
1775018	1
768194	1
22064193	1
1777212	1
1878137	1
1574367	1
18694663	1
2928512	1
36293904	1
12627202	1
88678	1
4040036	1
39662617	1
5408575	1
13499999	1
4157883	1
15333016	1
5476539	1
34004084	1
15217154	1
3794240	1
6075547	1
8333794	1
4823913	1
6239662	1
8759913	1
36578224	1
30426657	1
1444275	1
1283357	1
40155149	1
12505972	1
1105075	1
53869	1
770806	1
247955	1
3103037	1
74803	1
20615229	1
21960899	1
22739449	1
2028595	1
1544297	1
218281	1
2663529	1
637517	1
734649	1
4624354	1
1947513	1
1988802	1
30509221	1
23639467	1
7219157	1
4184424	1
6933274	1
11083987	1
6712182	1
23481030	1
3865246	1
29217366	0
31752609	0
32272691	0
11641870	0
960407	0
32304390	0
2391960	0
11787118	0
3065298	0
2348961	0
668282	0
33552275	0
44174254	0
14508277	0
22630950	0
10324826	0
46182601	0
4397306	0
9674545	0
1877647	0
34248767	0
6715073	0
3167338	0
1699165	0
1997676	0
40704892	0
47567741	0
13896267	0
11830589	0
45693491	0
8635706	0
1893676	0
19768919	0
450789	0
18667282	0
6618673	0
22007405	0
35752295	0
13183549	0
28087098	0
12946784	0
4854087	0
6327646	0
507128	0
47020064	0
32321651	0
6230303	0
136038	0
125311	0
27382318	0
25159552	0
8023662	0
43836064	0
6170974	0
4306194	0
13812424	0
18836971	0
8595213	0
3186173	0
3427661	0
33623338	0
23272501	0
11899377	0
20902949	0
566436	0
137995	0
4275667	0
19639935	0
2557138	0
13664296	0
5270739	0
387969	0
1562778	0
1556256	0
2990212	0
3685744	0
42992617	0
2013782	0
8121206	0
114949	0
9502370	0
1224171	0
10162452	0
46725395	0
13644475	0
23174652	0
36580312	0
1118147	0
5186934	0
28280740	0
3437681	0
11475024	0
2711308	0
45291266	0
32273880	0
4995141	0
40705461	0
15984712	0
41313077	0
3052654	0
5332819	0
22156642	0
34263960	0
41323030	0
106780	0
2591326	0
10624193	0
425980	0
24660051	0
39250072	0
13132875	0
21408624	0
2465980	0
1348864	0
15691345	0
3217834	0
2859647	0
12956649	0
1418247	0
36356849	0
109766	0
15429948	0
242188	0
2487023	0
27922034	0
633411	0
36832229	0
2781770	0
969449	0
21299584	0
15215517	0
16856735	0
4485507	0
34481481	0
21896873	0
1982406	0
5856709	0
18608558	0
28952622	0
17840744	0
16011304	0
916167	0
43441552	0
6408947	0
12719703	0
17862167	0
27050627	0
7874868	0
11069257	0
33634218	0
5676803	0
2632515	0
518515	0
13134806	0
26443423	0
5139674	0
41471101	0
3754339	0
6034747	0
127270	0
23007517	0
38265675	0
9879513	0
4287813	0
36454306	0
31606966	0
1848921	0
2009388	0
4453042	0
940553	0
3429160	0
171274	0
2163689	0
38623850	0
13943877	0
19277344	0
16640199	0
34351958	0
28003098	0
58106	0
1762860	0
14687344	0
1172310	0
35241191	0
1865982	0
1726650	0
37323039	0
5988369	0
15347575	0
27716165	0
38258325	0
38186526	0
1815756	0
32895342	0
24208118	0
21767598	0
2126651	0
18284625	0
625384	0
38840063	0
33228826	0
10853505	0
12036281	0
16986282	0
45541015	0
43587139	0
29808626	0
3543223	0
3985723	0
8493689	0
3506907	0
8948787	0
22011	0
22283422	0
27049179	0
681413	0
1151656	0
22706524	0
107463	0
39304531	0
31155682	0
13084124	0
2388957	0
44484357	0
39368680	0
9144618	0
19508654	0
522288	0
96315	0
41392416	0
14933742	0
107485	0
1091265	0
6588105	0
4131705	0
12913582	0
20605727	0
1135969	0
10435120	0
2337781	0
925447	0
2594468	0
15829711	0
23818025	0
7792342	0
19070315	0
10085394	0
8774153	0
24699908	0
1881708	0
20390170	0
35153654	0
24748540	0
7112232	0
137393	0
5143888	0
34273480	0
584395	0
26206587	0
3897705	0
1629718	0
6707512	0
28920001	0
8423250	0
4219972	0
254356	0
30785424	0
26798	0
1528125	0
3143375	0
39684763	0
604495	0
17147746	0
601496	0
45523012	0
4747095	0
7506496	0
108024	0
8396531	0
2935437	0
2829753	0
19761912	0
12464974	0
10165069	0
42054717	0
6351105	0
11312494	0
30553497	0
5760629	0
6699255	0
13139853	0
19196630	0
11979267	0
37819808	0
8932434	0
4953320	0
17151212	0
11821408	0
738290	0
2311946	0
8917884	0
23316383	0
39683220	0
9286909	0
4856303	0
2040302	0
30125673	0
7112683	0
27662061	0
3875791	0
27314899	0
36389365	0
3096383	0
2795414	0
25789620	0
16312	0
493195	0
33763420	0
8701010	0
276733	0
5210674	0
4362550	0
5508906	0
5557077	0
8409020	0
1070880	0
1171411	0
3066370	0
9507600	0
563978	0
36023741	0
1141382	0
133929	0
19389872	0
17089103	0
1222272	0
3030187	0
126879	0
1888883	0
5104106	0
235097	0
24850214	0
3792742	0
22826808	0
4616469	0
2273891	0
2366783	0
19401586	0
1124148	0
3505837	0
21321396	0
38902978	0
150847	0
3438608	0
39607081	0
26387087	0
987274	0
7710657	0
1818338	0
272241	0
15989156	0
319563	0
14541254	0
2778091	0
39940488	0
27692757	0
122310	0
8592991	0
5151071	0
21329426	0
112341	0
341911	0
4490900	0
4692767	0
30943641	0
14659388	0
45210443	0
9588471	0
110361	0
16416432	0
18163816	0
20165244	0
243060	0
17822601	0
811388	0
15144866	0
12057794	0
10196454	0
93598	0
1097163	0
1417253	0
1126867	0
14058277	0
1172160	0
28160376	0
1543330	0
266699	0
23031023	0
23453691	0
37306292	0
2305180	0
8322109	0
391183	0
18707004	0
5475920	0
11498318	0
2656005	0
2921024	0
4730294	0
15879096	0
4402410	0
128571	0
33227038	0
2098117	0
7853622	0
1198888	0
40249597	0
3076279	0
37105	0
4971260	0
3695521	0
30863381	0
7664170	0
13421412	0
38950555	0
14295166	0
401338	0
5518427	0
4419625	0
6810728	0
20922452	0
43277943	0
24740417	0
29526551	0
29261071	0
867336	0
2190409	0
1693205	0
22602529	0
1741978	0
30855327	0
1010750	0
16032550	0
7366395	0
33695353	0
36808330	0
29480300	0
2224476	0
1023957	0
15897383	0
37000852	0
4116805	0
910782	0
1255019	0
2263465	0
5050199	0
888263	0
3365829	0
251000	0
23586684	0
5904373	0
4981528	0
29804787	0
2791272	0
4734763	0
46605321	0
9050119	0
1737325	0
4258063	0
10406649	0
4922810	0
9764004	0
923979	0
8969529	0
20839202	0
1176763	0
3419052	0
3168313	0
426016	0
46921567	0
26127306	0
30203104	0
17120290	0
16702728	0
6124794	0
9342360	0
22981015	0
989428	0
7961131	0
3088530	0
27906113	0
12765942	0
35094570	0
17194217	0
6770790	0
11450383	0
30794200	0
110074	0
135397	0
11813766	0
