259740	1
127084	1
13424379	1
269322	1
20002559	1
439926	1
1767987	1
40770554	1
21768554	1
95486	1
3727788	1
12815686	1
437041	1
1600789	1
116457	1
14746309	1
8343571	1
21101425	1
12725047	1
11776343	1
11989685	1
708589	1
21042682	1
21247577	1
1092415	1
1221559	1
25045707	1
319357	1
1787317	1
8246523	1
12383111	1
20418157	1
8651058	1
48323314	1
28962083	1
176739	1
1501334	1
32524	1
19135750	1
10742542	1
8475542	1
28228583	1
9014282	1
23036121	1
7523132	1
132376	1
25432890	1
4911615	1
215661	1
728359	1
2628698	1
2225990	1
146905	1
8743024	1
3995298	1
6946785	1
7546179	1
28972	1
23847537	1
47949505	1
9126221	1
1388752	1
4748232	1
72370	1
3841451	1
448087	1
3441277	1
616512	1
30159472	1
32061159	1
3669874	1
1977449	1
121202	1
232458	1
2014847	1
74266	1
25755	1
31289345	1
41080006	1
14013187	1
25435162	1
99897	1
1549921	1
30632499	1
4755102	1
471385	1
125657	1
6651839	1
747338	1
92117	1
38770008	1
3127376	1
1302073	1
44993572	1
2018635	1
4726435	1
1173542	1
25757938	1
12140571	1
18777383	1
1624244	1
41522101	1
467099	1
6728300	1
1565175	1
15928675	1
14586266	1
260514	1
131548	1
26558	1
188955	1
5675255	1
118699	1
23822068	1
206915	1
11798715	1
5744327	1
20920105	1
606724	1
49027902	1
3726794	1
1043220	1
7391076	1
2533980	1
1965615	1
23078305	1
1323758	1
3564102	1
4574933	1
4888702	1
1657064	1
2060462	1
617213	1
24627957	1
24835975	1
20390497	1
17839	1
760001	1
28200503	1
1647400	1
2592445	1
1875942	1
460909	1
11760674	1
105028	1
5224640	1
975503	1
182694	1
2834331	1
35554026	1
314855	1
3008959	1
14790	1
15040424	1
708077	1
4779911	1
11274689	1
9273813	1
18553007	1
10426997	1
4948045	1
12783716	1
33959230	1
1137951	1
26283693	1
17443430	1
150999	1
14204367	1
8961756	1
26008025	1
712634	1
25232731	1
136792	1
108186	1
38949795	1
21747561	1
127583	1
2964573	1
3815492	1
8386084	1
45293	1
116883	1
9514321	1
74334	1
975253	1
1028395	1
260047	1
13283444	1
130497	1
111509	1
95976	1
3897396	1
38478258	1
1492906	1
6869906	1
692975	1
1914290	1
290462	1
11860406	1
27584899	1
14315075	1
469236	1
21235117	1
6825991	1
18217231	1
3861069	1
5638660	1
7851166	1
41373899	1
12169644	1
40101586	1
4814849	1
83010	1
35698030	1
116800	1
568027	1
4656247	1
33025594	1
636679	1
227602	1
16744100	1
656681	1
880052	1
5909173	1
5725411	1
22844785	1
28143611	1
19914700	1
28180729	1
95004	1
79982	1
613685	1
122237	1
10759217	1
841972	1
249677	1
147237	1
22992190	1
2003054	1
35536920	1
80784	1
780214	1
46525041	1
23782299	1
536622	1
588474	1
475006	1
1790119	1
9178194	1
2671363	1
4241573	1
3081159	1
2160768	1
37010447	1
1845063	1
18407154	1
1208870	1
3142052	1
18305296	1
14793920	1
1954599	1
111145	1
2721929	1
47346	1
19519004	1
131320	1
6754353	1
1206519	1
13718694	1
355341	1
1546	1
126413	1
178550	1
2028440	1
2339116	1
24024395	1
5037839	1
488452	1
4666181	1
1229443	1
2605007	1
988378	1
31447497	1
29575948	1
17782583	1
3440342	1
26812386	1
3845066	1
15061975	1
180484	1
1070634	1
3001321	1
127929	1
4959521	1
62400	1
1227025	1
10036758	1
17241557	1
844583	1
574456	1
3873	1
1394631	1
21267930	1
1302347	1
966810	1
1939939	1
8922561	1
3175180	1
5460771	1
7086233	1
38520	1
43008790	1
222250	1
26071719	1
29484	1
1381267	1
4973967	1
31519806	1
4763784	1
1126870	1
1090257	1
33201446	1
13932192	1
128796	1
654486	1
4280779	1
15040692	1
11934606	1
3995362	1
14062	1
143512	1
128009	1
3581562	1
16178474	1
24963257	1
12054256	1
17658184	1
1903356	1
35176672	1
47715475	1
75104	1
36742934	1
6641824	1
1159093	1
968569	1
334230	1
2649081	1
748041	1
25543079	1
1051508	1
8437310	1
106929	1
12284526	1
10881419	1
20609574	1
20570844	1
25927613	1
125016	1
4925134	1
20762030	1
15512721	1
1240528	1
3087693	1
10589375	1
8000467	1
43434435	1
5562801	1
90992	1
20239375	1
3525435	1
948631	1
13636934	1
1463877	1
450390	1
133001	1
17643033	1
808161	1
2651648	1
171288	1
3329087	1
1471853	1
5517299	1
137072	1
116769	1
2411979	1
37975902	1
10563588	1
972379	1
94571	1
13958752	1
874784	1
7983511	1
344447	1
91233	1
22317616	1
2591388	1
30990742	1
1943424	1
5509774	1
1650507	1
2840270	1
1376236	1
2707141	1
110079	1
5732499	1
82024	1
5062340	1
39563933	1
315102	1
963026	1
7522348	1
15803884	1
3241732	1
937398	1
2207963	1
316487	1
9195136	1
9721593	1
172692	1
5956645	1
21810570	1
1307	1
60863	1
1081530	1
125595	1
1352339	1
2107026	1
538894	1
15915799	1
3432151	1
4996531	1
21200916	1
3016305	1
32286844	1
129164	1
5692244	1
29361490	1
26980631	1
555164	1
4307965	1
34291149	1
30865324	1
3522121	1
2387097	1
5721335	1
2609721	1
3690022	1
41069422	1
2117807	1
1194801	1
11871692	1
903673	1
233774	1
581773	1
97668	1
70682	1
24081426	1
12777149	1
26195612	1
1686698	1
252884	1
7573504	1
302242	1
23025347	1
27685439	1
11130210	1
4386967	1
31464848	1
31606456	1
2983960	1
30706524	1
23028793	1
24497	1
1179342	1
2693856	1
10597	1
2469847	1
3622356	1
2904269	1
134144	1
3505645	1
5065531	1
32428101	1
11714350	1
154538	1
2260425	1
91440	1
4655892	1
74547	1
4561073	1
213739	1
84907	1
472346	1
617192	1
248435	1
6018847	1
8117	1
1651815	1
42282764	1
718913	1
19146924	0
434356	0
184410	0
32203572	0
32206601	0
36606720	0
26889773	0
3361377	0
6488550	0
26278003	0
2145643	0
6318963	0
11664243	0
2413222	0
24700989	0
2705267	0
2229218	0
30523	0
655713	0
883953	0
1216468	0
14883087	0
37533699	0
27427616	0
20052667	0
4273685	0
21855807	0
7767736	0
22941812	0
605896	0
1511945	0
1831624	0
31515727	0
1548422	0
19404498	0
139631	0
41707776	0
31665834	0
39550276	0
4835594	0
3000991	0
27998391	0
1579624	0
727920	0
1170241	0
19579772	0
45335517	0
397753	0
15690225	0
28515925	0
1940309	0
2705953	0
8629986	0
5797709	0
10235876	0
882433	0
41673341	0
13091333	0
12463733	0
47194655	0
39510314	0
41353367	0
10184664	0
38412032	0
15352765	0
3621130	0
1579255	0
79548	0
24119891	0
5124308	0
17394339	0
2151322	0
211562	0
8697725	0
2063982	0
20726289	0
12408821	0
46375223	0
27851668	0
41849581	0
7695339	0
24757550	0
15368997	0
21887349	0
7319783	0
133228	0
27746095	0
7575626	0
1645636	0
42715575	0
2130327	0
164359	0
14925134	0
8935364	0
9430109	0
6802024	0
5115057	0
5525216	0
38333473	0
7591203	0
44044592	0
8558579	0
21438130	0
13589499	0
18819883	0
18815766	0
2095269	0
2052743	0
6947865	0
2136142	0
2302285	0
818138	0
13232356	0
44450810	0
1832132	0
1377421	0
15440971	0
14496904	0
6437755	0
23571921	0
28895193	0
348832	0
43176837	0
8377881	0
2412508	0
13636207	0
26553514	0
6717056	0
11382524	0
27716256	0
516683	0
21090373	0
32444532	0
35909242	0
35115981	0
43628327	0
5875981	0
939423	0
875790	0
2089760	0
39525718	0
24936933	0
8140667	0
16335506	0
17840685	0
15774682	0
43183013	0
4631830	0
2499183	0
1607064	0
25724566	0
168303	0
518927	0
60490	0
20342364	0
10474847	0
38348833	0
88209	0
21762323	0
1127843	0
41861310	0
23666676	0
503589	0
8481817	0
47619818	0
8989048	0
1057369	0
4549703	0
33534908	0
34950507	0
17822427	0
23278637	0
5662603	0
7429667	0
1944540	0
46468719	0
11979815	0
6040294	0
6424133	0
16723536	0
4305948	0
235231	0
4073836	0
33230928	0
18577836	0
603830	0
3178385	0
10084237	0
26470652	0
3173826	0
11056753	0
2583685	0
25241823	0
1953872	0
1669717	0
45578282	0
8151481	0
2697122	0
5983350	0
7201611	0
4152319	0
3009033	0
4438083	0
17981180	0
13216186	0
9883947	0
1523499	0
1320145	0
10678413	0
5064036	0
10615448	0
15463035	0
12523010	0
29674167	0
16946662	0
2222912	0
29394482	0
25207071	0
13183460	0
31656950	0
16275163	0
17702205	0
45800876	0
8597264	0
2990729	0
15881893	0
3377314	0
38132611	0
3481479	0
33434134	0
4030174	0
31592285	0
11878798	0
20030905	0
33357643	0
36158161	0
1188967	0
491322	0
10832915	0
3718554	0
461492	0
3216912	0
5623117	0
17882342	0
23433778	0
2322703	0
1696176	0
9105282	0
10966399	0
1042866	0
2730324	0
1935151	0
24902806	0
17146538	0
262792	0
24414526	0
15412624	0
2645479	0
18016058	0
10741462	0
9021143	0
27605812	0
43309764	0
2732870	0
29906510	0
14092539	0
39228499	0
33188745	0
38569187	0
22340794	0
925951	0
25064763	0
3663996	0
32021386	0
31623143	0
31964430	0
30625072	0
18065047	0
13447945	0
30091313	0
1836923	0
6514349	0
845360	0
404385	0
2916856	0
1530880	0
11543938	0
11299205	0
248422	0
3133463	0
1345468	0
23844285	0
11935490	0
10868672	0
16746149	0
5780591	0
43645545	0
6287689	0
15092303	0
47326158	0
14581050	0
41997259	0
774450	0
22289232	0
28660054	0
34499533	0
8717369	0
48602181	0
1328767	0
7793842	0
16284182	0
12894780	0
4782398	0
25519980	0
9648608	0
4306142	0
25281953	0
2477369	0
2390565	0
121564	0
1504072	0
19927818	0
25213916	0
19150450	0
7375320	0
16295464	0
262466	0
9661004	0
35983999	0
14227349	0
30765815	0
34708743	0
2298323	0
24904244	0
18022549	0
33105227	0
4310692	0
20784816	0
18579156	0
4609022	0
32494186	0
1191468	0
46611826	0
39199685	0
46429802	0
9643278	0
47554020	0
39225034	0
8997824	0
12372209	0
972486	0
10934216	0
4788126	0
5521068	0
3767607	0
36896141	0
27759563	0
5944189	0
14384479	0
11685744	0
17902229	0
30125696	0
27481891	0
40654111	0
1977657	0
2312819	0
2093477	0
23745417	0
1631497	0
2161754	0
3062115	0
35492584	0
10312110	0
9063572	0
5477444	0
9601141	0
11916910	0
2377963	0
36275356	0
1419913	0
142911	0
40827314	0
15886649	0
494814	0
289893	0
586156	0
33652383	0
23822173	0
4671089	0
33745639	0
41190580	0
39360221	0
2729442	0
6831617	0
31148946	0
15307165	0
22970823	0
36244031	0
16795433	0
6303745	0
1469331	0
15052046	0
35611090	0
15792241	0
39963191	0
4756063	0
13958008	0
10255855	0
23895812	0
2732472	0
28187627	0
604697	0
1274130	0
17637951	0
7076083	0
707875	0
30306576	0
38289255	0
35438757	0
27115796	0
13870894	0
42463985	0
8327045	0
47200	0
2249670	0
4511363	0
36022143	0
1850104	0
34119133	0
12203600	0
47950170	0
20398298	0
14061769	0
22778541	0
2231066	0
7257425	0
17937664	0
5298874	0
2159065	0
9947276	0
83158	0
13490251	0
1778227	0
2404743	0
33050954	0
253879	0
270244	0
12316492	0
24981962	0
11346179	0
24728860	0
30002052	0
29861692	0
31504766	0
2577484	0
1919008	0
550102	0
47613197	0
33227366	0
8353380	0
1328037	0
2700397	0
34529862	0
12885117	0
1251393	0
6000989	0
291042	0
3244124	0
24264800	0
36725501	0
8720801	0
35617183	0
42056086	0
157992	0
4213629	0
4585551	0
13624036	0
24943418	0
12318617	0
27907498	0
27355002	0
7628390	0
8439740	0
8907380	0
49088	0
3417316	0
7273569	0
2141323	0
4106074	0
2236468	0
2762955	0
2455243	0
39168582	0
7963847	0
6369632	0
993985	0
11718227	0
3733980	0
11535022	0
43495380	0
