1875200	1
6293723	1
144248	1
62709	1
24939452	1
904193	1
464016	1
3815778	1
1092369	1
250131	1
282793	1
5152578	1
7947568	1
31420278	1
2453515	1
23000940	1
8759021	1
5800796	1
11987789	1
6324658	1
3847299	1
19346513	1
39575485	1
38419316	1
197197	1
8470747	1
155278	1
23943623	1
31769707	1
35295590	1
2830884	1
656843	1
15881509	1
2723095	1
1148654	1
17593620	1
369717	1
2954568	1
358988	1
19259686	1
3337477	1
4781229	1
1396270	1
24593977	1
2916829	1
10353720	1
24125148	1
229863	1
4627140	1
390575	1
28760730	1
23431710	1
24004238	1
32915963	1
3112400	1
6946803	1
604716	1
26765708	1
13842344	1
13707331	1
474990	1
21051732	1
1433335	1
1942210	1
19758917	1
101615	1
2704591	1
24458250	1
22740721	1
19106068	1
15882007	1
8284325	1
4796691	1
2511026	1
474984	1
20545907	1
6368880	1
1400415	1
13157878	1
16888315	1
14989900	1
2174629	1
980133	1
2448756	1
475002	1
26295802	1
3504950	1
487888	1
127892	1
4283	1
9223803	1
286912	1
17308329	1
1814974	1
7428412	1
25139483	1
888183	1
935837	1
464443	1
475018	1
293463	1
6049717	1
47157096	1
29443243	1
1678451	1
105445	1
17307674	1
14898934	1
604794	1
263650	1
28758955	1
21106289	1
19654135	1
11210702	1
156690	1
24399670	1
4463542	1
19264287	1
23690780	1
5521964	1
1546268	1
3560872	1
4282578	1
11384647	1
863483	1
30457952	1
6946791	1
11944159	1
9752815	1
15992544	1
2631214	1
27445211	1
12371332	1
7003297	1
15189914	1
13905759	1
21410094	1
2167517	1
173462	1
3282433	1
4192114	1
4062411	1
26965799	1
34546262	1
532383	1
26348500	1
372546	1
13523446	1
16958673	1
27085376	1
307579	1
9453659	1
34957285	1
17057361	1
2790	1
39786263	1
6013186	1
3753670	1
3749761	1
4889465	1
9399439	1
19250	1
8291551	1
8944078	1
2467431	1
19015507	1
1700937	1
9662717	1
23721684	1
21837847	1
23950579	1
26131149	1
4736312	1
8767520	1
1168845	1
29584584	1
968732	1
37575	1
784357	1
15914355	1
3054323	1
1060887	1
7446474	1
7596954	1
3930177	1
257179	1
2413095	1
24671361	1
95405	1
1531633	1
4159433	1
7496314	1
333796	1
22962700	1
7193462	1
1750251	1
24545887	1
263642	1
294952	1
22776054	1
21100140	1
6850897	1
607037	1
4001085	1
26415298	1
3783024	1
3573981	1
3930643	1
5658378	1
267940	1
14332533	1
2769938	1
109971	1
1606680	1
2808124	1
672235	1
4372967	1
3573266	1
1215105	1
1215272	1
14579658	1
11665748	1
148561	1
11999181	1
15152886	1
588796	1
22160221	1
16657364	1
49101858	1
295107	1
4309331	1
15261013	1
18767149	1
12852762	1
1027348	1
16269113	1
7018632	1
5367523	1
1176274	1
472443	1
29238127	1
3333017	1
15441402	1
7529354	1
844583	1
922865	1
5636446	1
105443	1
3479399	1
25092198	1
209157	1
3777500	1
24848824	1
6991546	1
34789664	1
104632	1
1569390	1
40717521	1
2421596	1
1076562	1
2384429	1
2324613	1
5757259	1
17057351	1
5894686	1
7243801	1
4499535	1
7208635	1
269621	1
262484	1
18848063	1
4508405	1
5720996	1
20669590	1
10949026	1
38341689	1
11118170	1
2262072	1
894810	1
140185	1
8368912	1
262150	1
12796744	1
892765	1
13424139	1
291340	1
23545298	1
30862444	1
632008	1
1392639	1
804123	1
1396052	1
652937	1
2245226	1
3495075	1
22328240	1
23950334	1
1748187	1
17911196	1
7350828	1
23232686	1
4022175	1
4318552	1
21063028	1
12081387	1
21296743	1
39263793	1
4102784	1
7904841	1
9209165	1
567924	1
2110869	1
25669871	1
9042785	1
4906276	1
7792342	1
1249235	1
1180014	1
5424492	1
25135694	1
7328314	1
3303824	1
16229178	1
21052139	1
21043677	1
4000561	1
4217009	1
12569294	1
2411865	1
1714912	1
22980072	1
979890	1
3666721	1
24328209	1
880200	1
9074531	1
8015577	1
7378251	1
17057238	1
15232231	1
250917	1
36251871	1
4720026	1
7463656	1
1182745	1
21708684	1
1152098	1
24004301	1
185235	1
13281119	1
377339	1
4060164	1
7304679	1
5331519	1
27172979	1
405411	1
94069	1
5286675	1
6435904	1
15796403	1
2689822	1
24583643	1
19134762	1
1030100	1
475007	1
30517841	1
285176	1
2253772	1
1247260	1
2214091	1
301060	1
29157186	1
1585951	1
3005494	1
3886784	1
16043730	1
9301332	1
1864828	1
287494	1
9646548	1
39762712	1
583292	1
4420375	1
4139370	1
325882	1
16675338	1
762184	1
16236543	1
1587477	1
7102034	1
15004654	1
5819521	1
27393533	1
21050424	1
22499655	1
8729543	1
2645301	1
30992003	1
541878	1
9406442	1
2340237	1
16616961	1
2113985	1
2189689	1
6740123	1
399951	1
2579439	1
7789428	1
266955	1
2581456	1
10022951	1
21842818	1
2070801	1
20545964	1
11696373	1
1129957	1
18113207	1
149773	1
3516922	1
23953011	1
263368	1
23731157	1
4479266	1
22977820	1
602835	1
19933429	1
13434563	1
2163853	1
23868731	1
17132420	1
2580213	1
10812620	1
25788101	1
29565341	1
23658183	1
20967229	1
2025251	1
1675526	1
4567536	1
271851	1
24167831	1
4638403	1
21781784	1
20902247	1
850310	1
25563341	1
31535300	1
5114852	1
5446562	1
23168422	1
2167299	1
31636334	1
7121060	1
22405941	1
7682312	1
9273046	1
811897	1
21327277	1
20927755	1
24426218	1
21060153	1
15861357	1
9748715	1
12860895	1
146241	1
21018767	1
126875	1
356726	1
291626	1
7545477	1
1171848	1
2940252	1
23863930	1
6912139	1
1789777	1
20946286	1
269784	1
25317890	1
8469332	1
138150	1
2850783	1
27047356	1
6052462	1
1499888	1
10681950	1
3847578	1
7466264	1
7124402	1
23339916	1
1845127	1
1220281	1
2182129	1
2742031	1
6516568	1
1744169	1
24297058	1
3680739	1
23674578	1
287193	1
33191186	1
8839046	0
7862053	0
44933796	0
9512652	0
1504393	0
428736	0
5030057	0
25547173	0
2344050	0
9550267	0
31298192	0
3463365	0
18358131	0
26456774	0
5283185	0
31982285	0
18208306	0
5730651	0
15764737	0
2640628	0
21448719	0
3484145	0
21476601	0
2002156	0
28758433	0
27169837	0
10043444	0
27866041	0
18177837	0
20803241	0
15693819	0
7788979	0
4504603	0
10096572	0
2130219	0
10957062	0
8988838	0
1768172	0
34797357	0
34693540	0
26453407	0
12270586	0
921023	0
42658453	0
17485210	0
40436651	0
30601335	0
32953456	0
13712927	0
4566060	0
3230122	0
1053113	0
1399340	0
23813511	0
6793248	0
96222	0
1217841	0
39515574	0
41820327	0
2166105	0
23968527	0
5323260	0
16827927	0
10897666	0
1316653	0
12188669	0
24688896	0
18404595	0
1624	0
2637721	0
34928026	0
3719990	0
4466349	0
39790957	0
618244	0
5619005	0
48268881	0
13368287	0
2259996	0
12902671	0
37926890	0
24092857	0
2016345	0
964258	0
12364593	0
22665145	0
40400062	0
37369488	0
77249	0
11715507	0
49587177	0
3608224	0
47696929	0
3202070	0
1328536	0
1886278	0
5979188	0
8336438	0
31565735	0
1581488	0
1300607	0
36003554	0
21102462	0
2003787	0
8851246	0
892217	0
25529899	0
39454598	0
472870	0
6142678	0
7282253	0
18630440	0
29237535	0
25348366	0
21685041	0
6270002	0
33023883	0
32194683	0
15886673	0
12646661	0
10656848	0
5321864	0
2509202	0
42607354	0
36422707	0
42454048	0
45390061	0
253014	0
18857530	0
18722722	0
17139861	0
32152340	0
2339712	0
47815015	0
823132	0
6729759	0
17672719	0
6826206	0
354987	0
18181381	0
7887465	0
5721214	0
34614839	0
134993	0
2686	0
1701422	0
19388230	0
518410	0
129808	0
6926896	0
404136	0
10630936	0
6153861	0
367841	0
20668509	0
33233311	0
37881976	0
45683726	0
16790376	0
74264	0
4431256	0
753419	0
31710087	0
39465210	0
24157161	0
30408047	0
30863620	0
6682533	0
5556264	0
49414746	0
29003666	0
44357894	0
24113641	0
23883162	0
14806724	0
22736871	0
8029442	0
34028636	0
3760405	0
35135370	0
30792985	0
116128	0
39498105	0
13095699	0
38509789	0
543853	0
17811031	0
16761905	0
12011799	0
1132660	0
21131024	0
14757118	0
3153234	0
35565696	0
458729	0
7957149	0
2454762	0
2047595	0
4147351	0
35563261	0
29148009	0
31908	0
5133249	0
1967454	0
26621269	0
2846734	0
39576646	0
3703268	0
1074161	0
35069757	0
907833	0
5248209	0
7323185	0
11633670	0
1111566	0
2094253	0
3311274	0
1525581	0
29327908	0
14675963	0
12468481	0
1052213	0
28953985	0
3942729	0
7363746	0
17899329	0
1143002	0
42747935	0
1530623	0
13029446	0
6852168	0
5581397	0
18548496	0
23023047	0
18816244	0
34865	0
14919799	0
2346922	0
448193	0
1893183	0
9546132	0
2170780	0
48382690	0
11437788	0
7873749	0
4341330	0
3697553	0
171756	0
639500	0
11366375	0
1234193	0
5219943	0
32700299	0
34766861	0
2794101	0
28516041	0
2251898	0
2047276	0
326110	0
8771529	0
47993668	0
19164168	0
3309668	0
4188183	0
29367217	0
5802787	0
13567402	0
2996240	0
26408430	0
368017	0
5832611	0
29118852	0
14619644	0
4050816	0
17231836	0
34187350	0
2504666	0
24086427	0
14761103	0
46287690	0
17095	0
2516723	0
3652660	0
748736	0
1717247	0
36869307	0
496690	0
1178838	0
3135668	0
173181	0
22361419	0
91466	0
6142043	0
31747164	0
6996435	0
130933	0
300699	0
45604960	0
7975473	0
121574	0
3545379	0
6573185	0
254015	0
1370779	0
15463074	0
5277820	0
1848276	0
227571	0
38850981	0
534412	0
23040565	0
4734384	0
8600536	0
31018716	0
4119577	0
12573922	0
23166904	0
3861575	0
2641879	0
38381132	0
116481	0
43702883	0
42047763	0
41732344	0
24333107	0
3259823	0
44970214	0
6108215	0
1472898	0
914271	0
28745143	0
82430	0
311643	0
25073505	0
1246766	0
37789306	0
1948564	0
22063170	0
16925655	0
36022515	0
26279868	0
1525401	0
7147380	0
1633601	0
20590972	0
26949434	0
15507531	0
15792213	0
30831786	0
27031	0
27690679	0
25286775	0
3926371	0
49434118	0
5376076	0
11412362	0
1169848	0
14980676	0
7731095	0
6717498	0
49471275	0
6502441	0
26555293	0
1127906	0
2560937	0
8225440	0
11196693	0
3404897	0
2246679	0
12768309	0
2450370	0
3894365	0
238919	0
1673501	0
5800930	0
174959	0
4828470	0
19362250	0
24113630	0
12526634	0
2031887	0
16768787	0
2769610	0
22166141	0
1099568	0
6055376	0
4102025	0
4872677	0
8418557	0
21818638	0
6293705	0
1794453	0
10235876	0
5020191	0
965906	0
21940745	0
2207567	0
26052830	0
19647315	0
8455787	0
12718210	0
3897087	0
140173	0
1436	0
17714819	0
131264	0
41089856	0
1115353	0
34268531	0
1223362	0
42251855	0
94995	0
26616844	0
29359053	0
30863224	0
21608665	0
6142888	0
46219350	0
34112221	0
33535563	0
8528395	0
1412179	0
47903737	0
26562842	0
9307931	0
1677031	0
34922846	0
3892784	0
15567336	0
19833488	0
1170701	0
1282593	0
6099104	0
26447101	0
11307669	0
34506424	0
5164546	0
928516	0
18733271	0
30504665	0
1126160	0
16215533	0
333359	0
1264756	0
21860360	0
39718589	0
32636552	0
22357213	0
2999237	0
2295445	0
22984082	0
20775068	0
8610758	0
1096988	0
2062456	0
988407	0
107664	0
25790616	0
119418	0
3528024	0
47953686	0
2301467	0
9738158	0
17473516	0
3384844	0
1534709	0
2522745	0
2133130	0
2987332	0
348725	0
721264	0
40696262	0
36469004	0
516806	0
2000799	0
2337303	0
26871667	0
9836363	0
19398959	0
9090840	0
22967599	0
114286	0
13307944	0
1769326	0
38493179	0
113904	0
6999306	0
18071506	0
4561462	0
8571290	0
49069031	0
5815577	0
35850415	0
21407560	0
45348059	0
21492663	0
6496806	0
3445289	0
15903162	0
31615971	0
