55402	1
2959635	1
207840	1
52321	1
1555022	1
151579	1
2658724	1
178778	1
34361	1
1837	1
41923894	1
149522	1
13535	1
3922387	1
48147	1
1724836	1
1412390	1
5476680	1
158878	1
18253957	1
16907086	1
782607	1
1465963	1
29239958	1
2879751	1
15490	1
50786	1
2775427	1
22483	1
1239	1
9630	1
1978269	1
822860	1
75214	1
387578	1
165026	1
1575623	1
1385858	1
11542	1
48701	1
366587	1
21808348	1
908083	1
600261	1
126860	1
1079676	1
108866	1
30874872	1
226597	1
25652303	1
592202	1
7515849	1
37015	1
30170352	1
19256618	1
1212	1
165008	1
455401	1
3201608	1
9087	1
424540	1
175541	1
14966133	1
565176	1
32910874	1
6332982	1
2120347	1
23569208	1
1700192	1
16403	1
192143	1
23259	1
28665374	1
291210	1
106211	1
26091	1
959699	1
1237381	1
907781	1
188426	1
744036	1
473299	1
151398	1
1141496	1
817035	1
408331	1
247406	1
20785969	1
19541494	1
10532933	1
18622193	1
16486874	1
298312	1
70318	1
27646434	1
202899	1
447847	1
237192	1
13127508	1
40282	1
99425	1
32569	1
2440600	1
343375	1
24516	1
3746113	1
28824	1
5999	1
47527	1
227520	1
2940352	1
154450	1
18226666	1
566680	1
3341798	1
234656	1
44419	1
600	1
652595	1
2063313	1
2392595	1
1453179	1
209443	1
52272	1
1623371	1
25140	1
313832	1
23342339	1
278434	1
28305	1
665142	1
3429090	1
20646064	1
43412	1
3073085	1
78971	1
3400637	1
32992922	1
342446	1
1460648	1
33328240	1
170521	1
698994	1
240123	1
1413429	1
5026759	1
11600	1
705181	1
3957	1
29588050	1
438518	1
13988	1
23547858	1
250160	1
161446	1
198379	1
172550	1
1980547	1
31034	1
6312536	1
508057	1
332764	1
548290	1
770215	1
56244	1
11114	1
36405796	1
25008	1
2033124	1
5208334	1
36922	1
33984096	1
16188	1
15044030	1
3582891	1
90022	1
49645	1
15707237	1
14729	1
98394	1
1205782	1
396721	1
8641297	1
27548536	1
9532055	1
168130	1
20476	1
1378709	1
12796	1
22926	1
9258	1
10390	1
5289347	1
28698	1
50819	1
18933234	1
498635	1
972208	1
37586959	1
40575	1
20419621	1
833593	1
523804	1
56206	1
24808	1
4348576	1
45618840	1
20742	1
17454	1
10565718	1
308428	1
172580	1
840551	1
685239	1
169407	1
264439	1
87639	1
19547	1
858114	1
151267	1
24189541	1
5436209	1
2142480	1
64204	1
49090	1
9937	1
765588	1
71290	1
298277	1
6644	1
3211844	1
2772584	1
1357371	1
355643	1
78236	1
9911	1
20518	1
6713	1
1737	1
226719	1
15365556	1
180796	1
54317	1
255625	1
34126	1
2811692	1
5391006	1
72595	1
10854684	1
47717515	1
4562815	1
1872199	1
395683	1
6520040	1
22433	1
197233	1
200666	1
46426	1
174112	1
3541703	1
685311	1
3110	1
838417	1
42736966	1
1515679	1
2588025	1
155948	1
25995	1
19541	1
404748	1
11298	1
24223834	1
503119	1
2331387	1
19035720	1
16489	1
19737	1
12294356	1
305136	1
3940855	1
15770	1
672218	1
5790	1
15575410	1
1130	1
10083	1
19555586	1
6111038	1
38579	1
11391963	1
604794	1
957194	1
2653212	1
46233	1
507485	1
8783360	1
18816	1
23713433	1
15068	1
291880	1
77652	1
11009372	1
233373	1
190216	1
3849521	1
7010473	1
3178013	1
351234	1
31718	1
30078800	1
7942695	1
12432	1
287821	1
20787	1
50350	1
28151	1
28758	1
8560315	1
1999202	1
148393	1
1698216	1
898166	1
1836257	1
125751	1
8756	1
19792942	1
3746976	1
230751	1
14654024	1
780596	1
499423	1
18848411	1
706247	1
183669	1
199185	1
598594	1
29636499	1
5778864	1
1552939	1
2540408	1
18974217	1
515825	1
3878323	1
27729289	1
44263	1
288276	1
1400212	1
12153654	1
19280748	1
4261	1
7483695	1
3469025	1
301319	1
89842	1
258979	1
1781673	1
25402	1
920182	1
26033941	1
260948	1
4172388	1
757715	1
12307	1
17994	1
548981	1
19996	1
100041	1
717167	1
916877	1
101921	1
1875303	1
397064	1
10708943	1
10182185	1
168919	1
1033356	1
16424972	1
291441	1
23087679	1
236287	1
2263093	1
28426	1
1819879	1
6513	1
815053	1
141010	1
43607929	1
19378200	1
162789	1
2147	1
586705	1
15927	1
2452874	1
17901	1
237036	1
772629	1
8655005	1
2330982	1
20264	1
19614	1
6614914	1
23575	1
42927	1
50578	1
4996811	1
33491820	1
7396092	1
1025950	1
664075	1
34654325	1
950135	1
27346812	1
15782	1
40949183	1
261993	1
26335002	1
49166	1
171080	1
216387	1
9109	1
309953	1
341863	1
99078	1
1389427	1
594214	1
487265	1
13276	1
565560	1
13017114	1
309968	1
165755	1
336911	1
30873030	1
2005448	1
1679	1
192786	1
47016	1
56153	1
1635	1
17588007	1
64878	1
2068613	1
65914	1
7543031	1
110677	1
16095	1
146319	1
33905	1
30840	1
1561641	1
25849	1
27977	1
58725	1
290595	1
2330959	1
1916598	1
4777289	1
2125927	1
2062566	1
4185266	1
1539336	1
232689	1
18603506	1
60548	1
294451	1
31999898	1
874246	1
150463	1
31718055	1
6516993	1
537885	1
1972323	1
5984762	1
13832313	1
468899	1
20741	1
1772480	1
1434556	1
79935	1
1709217	1
65463	1
154989	1
71454	1
35451021	1
5768	1
173722	1
241961	1
20928879	1
1081792	1
1850134	1
1253603	1
1737782	1
27763	1
1127541	1
856602	1
442148	1
1870664	1
145804	1
936694	1
6510537	1
4932507	0
10576368	0
6472470	0
2166584	0
47881746	0
26841094	0
13503972	0
13707848	0
26857272	0
48768218	0
24272081	0
4266556	0
18472011	0
12204111	0
23997235	0
42420356	0
50458	0
30596699	0
252000	0
13533017	0
40965849	0
3367820	0
2187893	0
36400011	0
26361407	0
2275449	0
122986	0
8423086	0
20702921	0
14419545	0
2609008	0
47824302	0
6007454	0
16031295	0
4771721	0
6806380	0
15240868	0
38340026	0
23456078	0
3961698	0
3285255	0
6002610	0
29839058	0
1679493	0
144093	0
7336184	0
3350569	0
1136730	0
707146	0
2992663	0
22118307	0
2697481	0
6104940	0
8704256	0
32970194	0
14160546	0
3300543	0
5514748	0
8351424	0
11766999	0
2338851	0
12308184	0
20899959	0
7217319	0
3195470	0
366033	0
29378407	0
2800767	0
19520349	0
9502955	0
39499758	0
17260995	0
27812488	0
23279641	0
13508658	0
25556251	0
15340591	0
3139468	0
124851	0
138199	0
28854463	0
15111892	0
14543979	0
2968340	0
37615502	0
17537112	0
1897462	0
13178584	0
587627	0
3073402	0
23968722	0
27722348	0
28098579	0
14999548	0
47433422	0
17256613	0
15131013	0
6258104	0
6186524	0
28921399	0
738036	0
46469582	0
9518843	0
5885814	0
16792985	0
41650285	0
11916910	0
1022792	0
2553597	0
4060625	0
24421613	0
38825672	0
4142524	0
9089974	0
30882312	0
27546164	0
17417079	0
2171805	0
4167347	0
41151113	0
1794385	0
2164847	0
6093963	0
507628	0
11577779	0
49345868	0
1743066	0
2520003	0
3233104	0
39741301	0
38906608	0
108812	0
3558290	0
10985353	0
20889381	0
2243718	0
14925070	0
40862080	0
36827870	0
22273968	0
5510039	0
712801	0
14834441	0
2342048	0
416675	0
24111308	0
589065	0
32576858	0
19080882	0
16431955	0
6105691	0
3996966	0
11472738	0
33406443	0
9286194	0
6641433	0
9797907	0
3394293	0
37441957	0
31674027	0
31174821	0
18562885	0
28176742	0
18351507	0
1018440	0
19124478	0
2431879	0
13788646	0
30869295	0
24621	0
36115959	0
31645320	0
1220260	0
6690423	0
20172186	0
15106080	0
27741760	0
3314999	0
3659828	0
25489607	0
2831284	0
13469795	0
15360881	0
20928367	0
568114	0
29365327	0
23169761	0
3386244	0
31456854	0
7268602	0
24220161	0
10477360	0
17932465	0
1784755	0
43075103	0
21782126	0
6396868	0
11905904	0
31508330	0
1692203	0
9035121	0
19616159	0
10969831	0
3665601	0
469880	0
752619	0
1825853	0
4904620	0
2030357	0
4364644	0
4885875	0
124992	0
3598428	0
1059662	0
25539501	0
6586555	0
2386575	0
20711674	0
38509679	0
4965728	0
1366170	0
1706961	0
6494455	0
2303733	0
44327869	0
5545315	0
663358	0
16807880	0
570649	0
21824300	0
96146	0
10607405	0
14906608	0
10570980	0
115558	0
17259473	0
3387091	0
19946155	0
41565239	0
32229508	0
13176486	0
37028379	0
44293	0
18178263	0
34525220	0
12903300	0
15979659	0
16096734	0
24278843	0
33824114	0
15074599	0
4276473	0
3712026	0
36833191	0
37280005	0
1661894	0
6836675	0
46230908	0
954617	0
28262508	0
41033792	0
90494	0
15229437	0
42205598	0
111914	0
1213342	0
2688575	0
2923272	0
14441423	0
18228046	0
698465	0
9671766	0
5315277	0
10099595	0
10027252	0
25070761	0
6060281	0
43506096	0
2532279	0
17457246	0
327853	0
1252093	0
11520476	0
20157771	0
13957883	0
1839982	0
32593469	0
10599576	0
21701208	0
16836384	0
312101	0
26341402	0
4544945	0
4556331	0
42023420	0
6730174	0
5833706	0
33694062	0
1602411	0
9596416	0
5122237	0
27294487	0
28220025	0
3511505	0
1577834	0
44017500	0
5865574	0
6098641	0
17491939	0
5435045	0
13892829	0
2542655	0
34343155	0
579193	0
26150336	0
5985401	0
110020	0
848897	0
47832636	0
40626435	0
4490839	0
38335571	0
1779340	0
14548940	0
116909	0
38224485	0
33006074	0
2579006	0
8424173	0
6594273	0
2933211	0
668747	0
167429	0
111143	0
27705402	0
32033026	0
2485496	0
76630	0
17856961	0
130675	0
4069518	0
35904260	0
2632436	0
358157	0
3708458	0
15557848	0
767690	0
9666124	0
33136329	0
7543551	0
1507478	0
18455882	0
3834664	0
30676874	0
13474968	0
33065599	0
24498772	0
35006579	0
32384509	0
1019517	0
37940211	0
7457232	0
1288745	0
19907565	0
25407548	0
422445	0
40046068	0
12901997	0
31773	0
7945127	0
10774598	0
5899233	0
29165426	0
1074215	0
32913228	0
46132	0
2510560	0
3971063	0
46212083	0
9273152	0
268042	0
4258610	0
12802243	0
2770171	0
14648549	0
36150661	0
15032975	0
7617577	0
33474048	0
24812247	0
8079916	0
11350371	0
8888862	0
40755433	0
8136214	0
43837031	0
4728172	0
5232312	0
3795735	0
242789	0
16204164	0
3043021	0
13085000	0
37957457	0
262482	0
4769045	0
384688	0
15397952	0
250505	0
310247	0
6600114	0
48201263	0
21424979	0
16517438	0
4208638	0
11193712	0
11188513	0
22098492	0
11879986	0
16783318	0
67287	0
2686381	0
6720410	0
852637	0
43198510	0
6213691	0
26862074	0
43539693	0
26004745	0
24231011	0
4052163	0
12438210	0
39684683	0
5207796	0
3656080	0
7611424	0
6707547	0
400997	0
1828299	0
22581369	0
5955775	0
18979412	0
1100301	0
13142546	0
6930525	0
1489600	0
30273418	0
7116577	0
43846089	0
69013	0
3584577	0
36544534	0
41954207	0
10559475	0
2432158	0
3467993	0
6448138	0
134745	0
1830608	0
16907224	0
3522076	0
18260985	0
14207903	0
963043	0
31952451	0
37674255	0
3620894	0
7615028	0
4157762	0
4076157	0
16281980	0
18029774	0
6435417	0
551756	0
39365098	0
32962195	0
1034358	0
22144721	0
30760624	0
18768666	0
1606934	0
6000128	0
868969	0
10403882	0
1926687	0
43465895	0
21168011	0
7354150	0
637005	0
4299427	0
2380667	0
2258811	0
38234740	0
14088819	0
24543325	0
32754952	0
19413089	0
110936	0
1678593	0
1139866	0
