160753	1
7966424	1
37899	1
28338635	1
3378626	1
203163	1
374304	1
3760654	1
65466	1
241215	1
713578	1
62131	1
15403	1
417497	1
24353529	1
24089272	1
479974	1
27808095	1
11579046	1
1293171	1
44891687	1
42314	1
1155055	1
30876254	1
2172379	1
203032	1
2771190	1
1742465	1
13591341	1
38802918	1
3612476	1
649665	1
409359	1
235890	1
407190	1
6334395	1
1799232	1
4254785	1
1057630	1
39673	1
1850891	1
18933569	1
75626	1
759029	1
866140	1
228458	1
520738	1
1619830	1
2002167	1
38502843	1
39076	1
1282210	1
2488707	1
643812	1
21532566	1
77655	1
20972	1
11698	1
2356757	1
196318	1
30862876	1
1624	1
6521644	1
950135	1
2830852	1
37960557	1
499053	1
1113341	1
301159	1
43989553	1
1847135	1
849601	1
41901	1
34929376	1
1438261	1
162442	1
503282	1
28760217	1
517013	1
376149	1
23590	1
265557	1
218862	1
32233	1
16940660	1
201574	1
1916996	1
253754	1
40362569	1
33178	1
6428150	1
404256	1
571440	1
827826	1
913700	1
1713528	1
28182	1
20329639	1
191052	1
26846650	1
340280	1
1090337	1
1425827	1
140537	1
343044	1
45635	1
236295	1
3214907	1
169082	1
15924	1
10568177	1
46038	1
20204761	1
1030	1
3841243	1
370109	1
42120	1
5608184	1
20417278	1
1164552	1
410344	1
537725	1
28523974	1
6286486	1
8166296	1
188429	1
6478963	1
106238	1
25233	1
25534	1
324979	1
35332315	1
3148412	1
6058	1
221428	1
4377471	1
415139	1
20647727	1
14270020	1
43350024	1
3893597	1
323430	1
58683	1
1182715	1
307139	1
31792	1
91707	1
25919402	1
645780	1
1721605	1
15446240	1
28319940	1
2232012	1
481108	1
1476655	1
4398024	1
9141459	1
999336	1
689475	1
408264	1
1581714	1
6405018	1
545025	1
1028250	1
725861	1
4690820	1
47512	1
409757	1
9055	1
5505410	1
20611083	1
7826592	1
4484201	1
72301	1
232878	1
110598	1
511631	1
39262	1
362597	1
8844	1
766307	1
9530046	1
148585	1
5960542	1
317711	1
24527985	1
50226	1
2496310	1
25605367	1
444621	1
18247133	1
28969	1
338457	1
23278339	1
277935	1
303402	1
295079	1
2399710	1
3025846	1
155895	1
16024519	1
834368	1
1285472	1
2545569	1
1924882	1
951380	1
55853	1
158300	1
18065047	1
615341	1
17865	1
164624	1
174088	1
713	1
1686	1
27772	1
157814	1
845597	1
2399630	1
562959	1
31218536	1
317266	1
339669	1
1343808	1
1163464	1
166611	1
24018	1
1581488	1
465701	1
400249	1
925507	1
448063	1
466991	1
290200	1
52669	1
424618	1
23546455	1
234368	1
208955	1
408998	1
1734868	1
43715	1
1799997	1
1501832	1
3242532	1
302252	1
7016	1
19732383	1
2663177	1
8540	1
1617557	1
254430	1
7618590	1
1714586	1
25277	1
273830	1
4315084	1
79596	1
410307	1
300029	1
45307221	1
193473	1
47359472	1
1398276	1
628044	1
405904	1
435576	1
21314664	1
626938	1
952984	1
641294	1
161240	1
3205443	1
151848	1
20492532	1
196200	1
1174857	1
29952	1
586540	1
48489	1
717905	1
91191	1
401902	1
1970228	1
287111	1
13132439	1
181146	1
390729	1
39299445	1
670532	1
67025	1
3061516	1
463969	1
191086	1
22320587	1
1659396	1
40110143	1
558193	1
459399	1
12920	1
8398644	1
62679	1
11887297	1
420752	1
2434966	1
453137	1
160501	1
1954899	1
404629	1
6696118	1
21533	1
2163525	1
6456340	1
9127632	1
1004355	1
30624663	1
194431	1
1596356	1
1496209	1
12677955	1
376431	1
2183339	1
70101	1
547555	1
40628105	1
862053	1
2032736	1
733970	1
325746	1
384512	1
2999183	1
18866	1
80200	1
7718117	1
79787	1
5488304	1
203959	1
1216224	1
1856611	1
290809	1
255405	1
8470	1
42796964	1
844681	1
6482745	1
779250	1
24497	1
142610	1
739809	1
14654024	1
76907	1
23964203	1
547788	1
339	1
206997	1
5977666	1
391481	1
342137	1
292157	1
12474403	1
189451	1
8233008	1
32483855	1
18662106	1
765430	1
441025	1
620929	1
1520246	1
22228064	1
175143	1
635806	1
1574379	1
15271	1
1187343	1
472006	1
95816	1
2233048	1
756628	1
1491156	1
663086	1
26051975	1
30872615	1
5855000	1
2825916	1
157090	1
7811761	1
379072	1
46284800	1
60048	1
26282410	1
1718016	1
2238	1
20518076	1
9470608	1
2070091	1
28397257	1
4627713	1
2169665	1
24983275	1
31018476	1
368902	1
763245	1
23568537	1
36414847	1
7999409	1
5938176	1
619273	1
3109294	1
3578420	1
11112649	1
250981	1
8726463	1
28456749	1
27875	1
964022	1
3335	1
942478	1
18951335	1
31156	1
46224	1
26532055	1
2809552	1
55951	1
875903	1
613553	1
30980	1
1220972	1
21506	1
1215418	1
544652	1
1058774	1
1676714	1
1525241	1
1562012	1
328708	1
8973	1
194946	1
123512	1
16698867	1
1079288	1
1244966	1
2835372	1
1545652	1
3254731	1
590728	1
171392	1
411381	1
2432168	1
5302702	1
354975	1
1850879	1
6204187	1
23202689	1
308816	1
30876488	1
28258	1
485499	1
50767	1
903063	1
5730835	1
19280748	1
796462	1
47620	1
123462	1
1651925	1
364771	1
460486	1
3602605	1
415767	1
724148	1
1191306	1
7662078	1
34276	1
286527	1
845565	1
49867	1
18624040	1
153527	1
83597	1
498464	1
1168092	1
10559685	1
384945	1
3417890	1
43567	1
551976	1
7783771	1
3003848	1
393736	1
782741	1
10030	1
202834	1
2134119	1
5195347	1
310605	1
34427	1
5919	1
273827	1
478997	1
244840	1
4945630	0
22286387	0
23317828	0
27886462	0
1088484	0
18563404	0
71944	0
35664927	0
20998008	0
36581252	0
21407514	0
1380394	0
1150663	0
2486778	0
39679684	0
5257088	0
453778	0
369093	0
3648797	0
14371210	0
2322269	0
7459081	0
1315300	0
1146332	0
47182795	0
1644301	0
8689965	0
25660215	0
22365457	0
4279269	0
6941379	0
694726	0
2216254	0
29005753	0
44007859	0
13799307	0
1473386	0
6779256	0
213177	0
4676869	0
31628083	0
725484	0
10628191	0
252088	0
3151706	0
2087531	0
2944997	0
1676798	0
14230738	0
22087299	0
24274056	0
13441536	0
96337	0
137931	0
44677822	0
1429042	0
22916833	0
127897	0
39481649	0
4381380	0
21849848	0
1811116	0
1752948	0
25492588	0
30290754	0
49092000	0
6801599	0
41583061	0
5805518	0
7450318	0
41478115	0
27191710	0
14696699	0
5994692	0
9829	0
2260934	0
37259581	0
8464459	0
31230881	0
2453880	0
43758358	0
44068760	0
5489688	0
13816838	0
2714389	0
6149881	0
1318640	0
16787273	0
300114	0
286362	0
6593223	0
1642411	0
5077270	0
366039	0
146977	0
31408021	0
23397783	0
13364365	0
11006202	0
6891729	0
42015706	0
12610728	0
867592	0
13475655	0
10871861	0
3174948	0
2193767	0
512992	0
20000670	0
39708380	0
34408107	0
1040571	0
115869	0
3481927	0
13445813	0
35821663	0
2259051	0
49320664	0
13911779	0
13626305	0
32655037	0
4111251	0
663209	0
20585304	0
24155955	0
5064586	0
2696105	0
1061961	0
11692262	0
1777870	0
7451448	0
703409	0
6048590	0
34699492	0
294911	0
21322740	0
36355205	0
602457	0
11438410	0
17486385	0
6133852	0
42725999	0
2234669	0
4226755	0
4590847	0
10319147	0
3578206	0
40920898	0
27409446	0
40095504	0
20958637	0
48925184	0
9737190	0
2588747	0
5146344	0
32427390	0
25079862	0
7364574	0
36190709	0
42324261	0
27938621	0
45698987	0
11215355	0
1176839	0
8684895	0
1493297	0
13431211	0
7234644	0
28775961	0
31800219	0
6044091	0
12731073	0
47070364	0
2046252	0
41267008	0
30864387	0
34084766	0
26715196	0
18011658	0
29656	0
8309165	0
10201379	0
8596148	0
27220027	0
11700437	0
640413	0
68925	0
1514202	0
41726158	0
24801156	0
40799824	0
7847646	0
11242946	0
137078	0
19858725	0
1106217	0
45693058	0
5241704	0
20899052	0
1378831	0
34951708	0
2567018	0
6168110	0
1583271	0
2492361	0
3107958	0
5080206	0
36197104	0
2919086	0
26555749	0
8056461	0
4276959	0
74934	0
9569862	0
18501948	0
19036289	0
9149372	0
21104274	0
11919664	0
3499542	0
7854502	0
16226939	0
12878	0
1715955	0
40572969	0
30339147	0
6825437	0
43692268	0
43079422	0
12621221	0
2602150	0
1230149	0
11024708	0
43327472	0
44448559	0
8990158	0
25782304	0
2240770	0
27191040	0
6134138	0
15033970	0
38319026	0
71480	0
2361119	0
4537375	0
1552913	0
35662769	0
5491286	0
40790014	0
32842866	0
4938828	0
4526146	0
14740301	0
2795965	0
6827244	0
48553775	0
16104271	0
229668	0
2088208	0
4182026	0
3433562	0
4748429	0
15282227	0
16912715	0
12527815	0
1994989	0
119277	0
32657905	0
3759651	0
2933791	0
1212292	0
25890911	0
114842	0
32650293	0
123629	0
637628	0
9544567	0
7095724	0
7370562	0
9971963	0
28095753	0
27676638	0
1130729	0
95001	0
28535331	0
1437364	0
164123	0
18936074	0
15862505	0
14404311	0
133541	0
25662648	0
862679	0
13133495	0
16434473	0
435015	0
12790370	0
531732	0
4913605	0
1590373	0
7712905	0
28585614	0
9558325	0
299475	0
164902	0
35114313	0
11028929	0
4382481	0
14313208	0
20271557	0
5472097	0
18516120	0
11494041	0
9863294	0
32845699	0
34881006	0
743296	0
2741105	0
7837141	0
304458	0
39969982	0
29610156	0
48637262	0
3281304	0
5465211	0
31181436	0
408554	0
125037	0
465922	0
27690353	0
2593585	0
44839033	0
19451815	0
1687466	0
7240987	0
12536650	0
54273	0
1779457	0
1157329	0
64710	0
25442304	0
25762288	0
22053497	0
93547	0
122782	0
1303931	0
15149738	0
133228	0
29954029	0
5755750	0
34544316	0
13263413	0
254518	0
4969603	0
286619	0
21155625	0
1645439	0
12696337	0
33811566	0
30816413	0
31556413	0
1045351	0
9260902	0
20559141	0
29075630	0
38738321	0
41371589	0
3108790	0
48523506	0
855296	0
24691585	0
16019200	0
26349477	0
4184591	0
39530417	0
7555417	0
42292682	0
5433910	0
5522832	0
9422954	0
13484665	0
1785112	0
46502031	0
10760068	0
6753331	0
47571832	0
5865969	0
25839202	0
10058145	0
427190	0
1566002	0
8704371	0
2190075	0
39307290	0
7160638	0
9130586	0
11984810	0
11648742	0
4939587	0
40921793	0
4532615	0
5852332	0
17368963	0
15490897	0
22062417	0
6395771	0
22295638	0
422323	0
1835884	0
1635004	0
3244141	0
5982006	0
14852858	0
6117528	0
35699687	0
31518471	0
3538706	0
27708671	0
4433237	0
44778800	0
41560746	0
12863210	0
320496	0
31111149	0
3055131	0
4723298	0
23933075	0
3527824	0
2886448	0
16466318	0
53596	0
195486	0
6372795	0
12884799	0
632438	0
25379956	0
37286319	0
12333653	0
5943254	0
17349356	0
3171092	0
1758381	0
850001	0
654457	0
35032305	0
17972507	0
10986954	0
18803263	0
7170039	0
1505879	0
7404158	0
3211381	0
7429464	0
20773036	0
1730822	0
6898729	0
12262178	0
9531929	0
177257	0
22359419	0
19502483	0
28951843	0
5406370	0
24059614	0
37008647	0
4099502	0
45284415	0
2065874	0
23586330	0
36624275	0
2153532	0
4105339	0
6034367	0
2228642	0
4784673	0
21105423	0
17494687	0
36596475	0
2229237	0
45344704	0
26117609	0
32655398	0
591179	0
3153832	0
7200116	0
3218713	0
1585178	0
12747813	0
6253710	0
91245	0
2455588	0
7640363	0
2018425	0
24395033	0
20570844	0
924036	0
22638248	0
21241505	0
3938599	0
26164591	0
