8156282	1
76201	1
34537667	1
8138990	1
40059882	1
41081707	1
11296006	1
8194931	1
95441	1
29210472	1
371476	1
7094825	1
42968952	1
57454	1
2645171	1
2879643	1
2332370	1
40222	1
3482397	1
936951	1
22794638	1
47105637	1
412646	1
40427970	1
420454	1
433737	1
5194296	1
15230263	1
44779757	1
39690	1
5722726	1
4052643	1
21834281	1
43230345	1
533748	1
144874	1
4059825	1
95059	1
36743303	1
19618302	1
6797212	1
7562967	1
22862296	1
16573089	1
4976657	1
1076714	1
44241372	1
3691615	1
1365451	1
980962	1
5082782	1
37256481	1
3055131	1
8429675	1
34629204	1
3137400	1
46579573	1
731455	1
1586847	1
213137	1
1096583	1
9714466	1
4511018	1
3952036	1
43573922	1
7127371	1
92715	1
308249	1
6498207	1
94644	1
75413	1
5241103	1
339673	1
4823353	1
33231444	1
13353289	1
22878780	1
767635	1
1361182	1
21831002	1
3463674	1
9505351	1
353392	1
7625899	1
6481925	1
4028519	1
365334	1
11496239	1
602984	1
4003354	1
6907099	1
30215716	1
1428817	1
521625	1
4926351	1
95062	1
6028587	1
2069312	1
8958274	1
16284525	1
16350274	1
3958123	1
22820967	1
8363890	1
887460	1
543284	1
6711884	1
1326731	1
1199348	1
3006856	1
316851	1
5104014	1
30872408	1
3009320	1
39229617	1
5873185	1
11635874	1
3154365	1
40019895	1
6701792	1
11822552	1
2593710	1
10034628	1
11034418	1
485485	1
960988	1
22539740	1
755170	1
24721002	1
28383705	1
12836292	1
44656920	1
31337141	1
15144277	1
7489048	1
2927935	1
20775840	1
862021	1
719846	1
9156141	1
8096834	1
238104	1
11290049	1
21188505	1
8149959	1
741383	1
2053063	1
6940707	1
21827858	1
33540743	1
17325260	1
3375779	1
1348433	1
210732	1
502307	1
47840573	1
34966644	1
1434531	1
6688702	1
3527784	1
6508656	1
463302	1
6770454	1
11520661	1
42267454	1
42988125	1
5384599	1
668477	1
24348207	1
233467	1
7411971	1
15412290	1
17092682	1
981765	1
335068	1
41326701	1
491981	1
11545199	1
683515	1
32115003	1
1158412	1
229297	1
5262364	1
27684060	1
95085	1
680589	1
1492735	1
34080341	1
1135860	1
331368	1
22779050	1
33748321	1
4411665	1
3550873	1
986598	1
12166925	1
20970	1
10396708	1
691826	1
11180268	1
13116165	1
11630288	1
11578925	1
651351	1
3465314	1
12684324	1
14749082	1
326405	1
805130	1
18059748	1
1132718	1
7017786	1
91364	1
5155825	1
3619012	1
420775	1
17703236	1
3190036	1
3354114	1
44999084	1
31314692	1
2488231	1
36739315	1
19023021	1
663486	1
1874626	1
1042346	1
14092850	1
297078	1
47229196	1
40473733	1
5474368	1
530686	1
745990	1
44309190	1
39562326	1
1184212	1
952882	1
168850	1
39572793	1
1792764	1
5918265	1
385061	1
26025630	1
41886843	1
4161878	1
29749667	1
11042696	1
2335095	1
24665084	1
39548615	1
1055466	1
24833642	1
10181906	1
39993333	1
9115553	1
21830653	1
271656	1
14254953	1
27693448	1
1229364	1
17376821	1
8901178	1
24818177	1
3353264	1
5631982	1
1454288	1
7171358	1
21990015	1
31633547	1
13379372	1
21107384	1
1147903	1
13664731	1
115729	1
89641	1
3601442	1
41478115	1
43731741	1
129712	1
575978	1
6759946	1
11360532	1
354590	1
18502482	1
2095829	1
2009549	1
923708	1
115037	1
367121	1
301174	1
6820667	1
41421179	1
4343656	1
6411716	1
21809213	1
13454929	1
412790	1
4046574	1
774390	1
3059677	1
6956107	1
8826757	1
38552437	1
864191	1
34741046	1
5844503	1
605309	1
3481255	1
768351	1
9115311	1
27661619	1
1545508	1
19732383	1
4699930	1
4700355	1
5718831	1
1271411	1
8628283	1
5846021	1
95511	1
20603912	1
1531478	1
1416982	1
6237230	1
26713474	1
1193411	1
874093	1
878636	1
31202942	1
697616	1
406055	1
15328433	1
2900440	1
37745230	1
299856	1
13114834	1
13743	1
365658	1
774252	1
20650188	1
48686229	1
1039090	1
1718954	1
15914850	1
1424145	1
11012943	1
2644402	1
333951	1
91357	1
801015	1
10428785	1
841054	1
864141	1
108100	1
410128	1
16439547	1
36021950	1
38036967	1
596299	1
26938063	1
11447948	1
2608691	1
363108	1
12329744	1
10651153	1
11983357	1
8162411	1
40102318	1
41092167	1
773090	1
14594376	1
57445	1
123154	1
9701906	1
962771	1
28136479	1
21945314	1
5246059	1
845832	1
738133	1
236584	1
19976579	1
339832	1
9404435	1
62123	1
2818044	1
24000696	1
300348	1
245453	1
2415068	1
5646330	1
9649063	1
734894	1
21161363	1
850185	1
284368	1
6869229	1
626523	1
599137	1
39996978	1
2325394	1
11655258	1
147872	1
17847070	1
2073648	1
728411	1
33523	1
23614802	1
2023458	1
17468906	1
11631108	1
30986436	1
44771656	1
754166	1
5000988	1
4427791	1
6615309	1
4146159	1
3593836	1
265836	1
32531142	1
4140511	1
394117	1
17311415	1
166702	1
16099	1
578979	1
614483	1
1231139	1
28745574	1
41595336	1
2797441	1
999980	1
14061303	1
1837650	1
27016802	1
95597	1
1469042	1
28363340	1
40193797	1
1224681	1
1958366	1
11680580	1
3399703	1
40092358	1
18121545	1
40116880	1
2207554	1
6737954	1
237816	1
3338	1
446056	1
1329051	1
14648961	1
755123	1
4401896	1
1247521	1
2175988	1
6754010	1
26378309	1
135353	1
4584359	1
46274605	1
7181510	1
2901139	1
797556	1
175366	1
13271981	1
1999888	1
312075	1
111145	1
314445	1
253585	1
9981194	1
160821	1
20816845	1
37187404	1
4004252	1
34594017	1
674848	1
2047959	1
6538037	1
142412	1
4905749	1
91359	1
412397	1
214943	1
6889810	1
7580564	1
136788	1
29651266	1
11264003	1
10997240	1
159658	1
4136069	1
91336	1
1412862	1
5005950	1
1805339	1
35555766	0
277267	0
8989137	0
259001	0
36388012	0
5720720	0
3861835	0
19380044	0
45435195	0
3117495	0
128430	0
1341912	0
10358699	0
12228703	0
21891678	0
8783998	0
9948022	0
30820752	0
24400824	0
31288853	0
7760281	0
9641231	0
764080	0
5673789	0
483417	0
9384156	0
45445987	0
7653176	0
261558	0
2974025	0
15912649	0
23504241	0
17804161	0
33401377	0
5427581	0
22464376	0
41292559	0
7920067	0
19513668	0
12550942	0
5867257	0
33987180	0
4505790	0
131809	0
18805818	0
2537370	0
4151123	0
7109475	0
42924226	0
20340348	0
24573233	0
38337762	0
673067	0
6887596	0
26841044	0
4534757	0
33623338	0
25667745	0
16702608	0
106950	0
28037326	0
4762440	0
1817202	0
42439527	0
2585615	0
1386608	0
24483753	0
34072063	0
4861448	0
23906	0
6735951	0
25665482	0
29869677	0
41698740	0
33323440	0
338323	0
19187676	0
12796136	0
5725631	0
35777967	0
42298483	0
1121002	0
32519352	0
121124	0
8369466	0
4340464	0
781863	0
17210242	0
123939	0
24331184	0
12100219	0
35000726	0
3460644	0
26896255	0
42527835	0
11352510	0
14090220	0
10780885	0
12898050	0
11087808	0
5467576	0
3573466	0
8110546	0
16132057	0
202107	0
1427699	0
2177234	0
34269763	0
521540	0
27058	0
9292287	0
15758864	0
6005279	0
33244978	0
20220186	0
14573049	0
24454516	0
25893110	0
19840237	0
35040446	0
39890615	0
21348278	0
2857067	0
6172101	0
35544787	0
730634	0
12976284	0
635410	0
27479526	0
28994916	0
2605079	0
44383806	0
6733826	0
414628	0
14603523	0
41897342	0
3627510	0
15044209	0
1138964	0
153588	0
5616588	0
817525	0
2480828	0
38468710	0
13443454	0
10172738	0
39361168	0
632539	0
1167769	0
2024225	0
600468	0
2663944	0
38056607	0
11322364	0
45001966	0
3389969	0
21399620	0
2948820	0
20935649	0
12108230	0
34752864	0
29934839	0
4236977	0
1958280	0
984832	0
48191619	0
43218	0
4523313	0
13859576	0
125589	0
19026516	0
24463455	0
7670187	0
6101096	0
2638652	0
11014361	0
9962775	0
3570187	0
175068	0
26159227	0
48544753	0
17784030	0
6677608	0
20841	0
568130	0
4390048	0
35033676	0
143814	0
2152506	0
760374	0
2501525	0
2046795	0
7236343	0
38671775	0
5761510	0
2269851	0
24387483	0
31936242	0
35393510	0
2326755	0
139893	0
1205057	0
15464568	0
42099912	0
45670740	0
1165269	0
4110788	0
13525780	0
30928566	0
6704428	0
1036636	0
17110253	0
5016852	0
2282865	0
43750150	0
4044862	0
9573133	0
1242364	0
45528847	0
303534	0
30159702	0
26032069	0
13538801	0
29647691	0
3503958	0
2490751	0
20777182	0
4835010	0
3205334	0
695408	0
5627262	0
10692456	0
1164847	0
4838495	0
45323262	0
6558904	0
31729730	0
13934736	0
10225331	0
3056371	0
30949491	0
25080557	0
40245278	0
1629523	0
2723778	0
36276852	0
30738430	0
38339699	0
32128622	0
14750112	0
11460020	0
13687735	0
29216929	0
7006089	0
12987403	0
29768836	0
23558255	0
47321488	0
354221	0
168093	0
2992408	0
14998474	0
4930686	0
1690780	0
5711914	0
207784	0
1929895	0
3212103	0
202000	0
24458495	0
560168	0
5001937	0
12411381	0
850850	0
35689983	0
1974956	0
3183962	0
18889583	0
6675178	0
13831128	0
13214239	0
2731298	0
6736085	0
2097600	0
1722086	0
2639629	0
13801814	0
45501525	0
20695458	0
16594901	0
13194784	0
1441342	0
11014042	0
549642	0
1254205	0
11438393	0
11633009	0
16449540	0
6883275	0
499451	0
3496007	0
107232	0
2342514	0
2378050	0
2424011	0
23894021	0
44938516	0
41922907	0
1008166	0
3198945	0
3548452	0
4973562	0
27795131	0
2286019	0
26775553	0
22099751	0
10509976	0
14992050	0
7349618	0
1939688	0
214317	0
6624770	0
3343709	0
4176901	0
38769878	0
17646426	0
26752899	0
7535556	0
365843	0
18747944	0
3538424	0
10411959	0
5009736	0
9508581	0
31468959	0
10907799	0
732261	0
11621148	0
5425946	0
24530219	0
17641915	0
3800985	0
1693874	0
1405972	0
17771129	0
47510397	0
39556034	0
496503	0
120194	0
9888835	0
12849794	0
2044986	0
1944773	0
20956052	0
22828424	0
46515120	0
15474049	0
4128545	0
12994610	0
748017	0
9997757	0
1697006	0
34197309	0
48540896	0
30941198	0
36630290	0
10085047	0
2323811	0
3712	0
947385	0
3157552	0
4760476	0
13746411	0
153401	0
22619888	0
1874294	0
897457	0
12762619	0
4981159	0
8253535	0
21283107	0
7246765	0
379898	0
657138	0
19684300	0
6500450	0
3227788	0
39058977	0
23542553	0
33402065	0
22460644	0
13904372	0
38415812	0
1871542	0
20387925	0
221665	0
9605619	0
2604808	0
3087449	0
21499361	0
2525041	0
346691	0
40485987	0
17839626	0
26430964	0
19762450	0
14241228	0
934164	0
2110098	0
18276745	0
2258647	0
1237529	0
2475964	0
276085	0
4926472	0
195744	0
502753	0
31448623	0
5594880	0
3195086	0
10021043	0
478958	0
34402926	0
6824706	0
21865	0
5996468	0
4009772	0
100627	0
854274	0
5940619	0
36736219	0
11193107	0
42855611	0
1481380	0
38987065	0
33465112	0
30206849	0
12545834	0
4683990	0
23535829	0
11361504	0
15861059	0
354295	0
25004071	0
32151608	0
4884189	0
1268949	0
34358598	0
251059	0
61914	0
698300	0
22523770	0
10010535	0
14483394	0
6752902	0
2976972	0
34319091	0
3523055	0
14895250	0
674875	0
12759325	0
3031000	0
732486	0
12880720	0
33228978	0
6229369	0
17359897	0
89530	0
39348924	0
5727741	0
45508707	0
2570129	0
2257759	0
2336706	0
282712	0
26429728	0
27465521	0
22573	0
7372162	0
18716849	0
3296428	0
57993	0
5190615	0
1925522	0
1859836	0
1658265	0
47537289	0
20287641	0
19893887	0
7135597	0
363820	0
721087	0
21433648	0
3290367	0
19116759	0
25059872	0
7325673	0
7450249	0
24775594	0
4327354	0
