254819	1
1021646	1
227672	1
2519794	1
3536753	1
2142221	1
7572516	1
47011742	1
37612811	1
2119515	1
11275835	1
12125397	1
7171002	1
17747029	1
12055881	1
12121512	1
11083338	1
4939367	1
39570230	1
14480924	1
47323731	1
21404180	1
1963780	1
2171944	1
20144275	1
2628381	1
25029961	1
12041931	1
724800	1
41222226	1
465865	1
16643581	1
19230791	1
5606784	1
1265911	1
1284790	1
9225215	1
17328767	1
25308829	1
1708654	1
17491939	1
33113658	1
40350113	1
17732547	1
28678	1
17274988	1
33343466	1
2149808	1
5007076	1
2861080	1
34785675	1
2142224	1
162089	1
29025229	1
2069814	1
2117964	1
6427176	1
18944554	1
13398970	1
6923896	1
1560836	1
5823544	1
2436163	1
17138723	1
9625388	1
11451809	1
1059893	1
22843530	1
1233323	1
32386625	1
4981052	1
19512369	1
18680854	1
5137533	1
36822161	1
49126752	1
10726520	1
6765466	1
3771810	1
18932243	1
47159908	1
30937152	1
27452485	1
2652292	1
4694072	1
308142	1
5016852	1
6327003	1
18825343	1
2399491	1
30929477	1
11798840	1
16908370	1
23440	1
8804770	1
4965237	1
619928	1
17572419	1
294934	1
504046	1
2144455	1
34839852	1
8080532	1
13722645	1
1613936	1
14766208	1
18507507	1
29902577	1
1085385	1
7363842	1
1433276	1
11814266	1
16100797	1
2069791	1
48416676	1
3514832	1
28189976	1
3348815	1
8642714	1
300068	1
2396703	1
2119489	1
161310	1
14062936	1
19507557	1
2043921	1
40923304	1
192539	1
20257269	1
35223975	1
8639265	1
29064501	1
6083552	1
9120320	1
2080362	1
4399921	1
17445381	1
2603955	1
32516688	1
10394574	1
2063414	1
17283304	1
2140856	1
1274337	1
32419026	1
32818909	1
39980897	1
5074143	1
6871338	1
2945230	1
11621248	1
15734374	1
5610762	1
18946359	1
2268267	1
2180562	1
4193706	1
12493904	1
690763	1
40772410	1
3301483	1
1015681	1
5078566	1
22289011	1
3345153	1
2418002	1
16270669	1
36376479	1
22403501	1
1703190	1
41284701	1
2144442	1
18925161	1
1618523	1
7375810	1
7868730	1
7206181	1
216786	1
2353318	1
29024973	1
12970609	1
11935507	1
210279	1
25084169	1
4134542	1
18446187	1
11217792	1
206519	1
2118691	1
18727926	1
9325453	1
34202146	1
5525966	1
11287086	1
3092142	1
36718915	1
33878581	1
20304387	1
24967575	1
7397362	1
2197153	1
44487453	1
6434924	1
20275057	1
262954	1
1471804	1
2090948	1
239249	1
4964851	1
8687281	1
435210	1
19391805	1
29413778	1
6418662	1
6270880	1
2119612	1
2902640	1
41988039	1
36829863	1
23549930	1
299660	1
1423272	1
626817	1
9477329	1
1769631	1
1271875	1
4953411	1
3835717	1
39205	1
1226987	1
6960664	1
2043655	1
303118	1
1268840	1
14032735	1
24607321	1
3480327	1
24189727	1
24883649	1
21145572	1
2049407	1
255612	1
18090527	1
559420	1
10277229	1
32452890	1
5074400	1
20491894	1
32689801	1
2503405	1
3069464	1
32000047	1
23214706	1
36923780	1
6942885	1
10333145	1
371776	1
8149145	1
19355393	1
1275600	1
3578016	1
31341725	1
19901334	1
8211424	1
3889373	1
42950782	1
9989085	1
10078900	1
31747313	1
40798113	1
16926281	1
39608457	1
11517709	1
6111919	1
8881080	1
18946789	1
14300490	1
11068898	1
5638424	1
17289365	1
2512	1
3077141	1
4767370	1
34726121	1
3837838	1
5634473	1
1681567	1
32016570	1
911629	1
731199	1
99647	1
5204807	1
2138877	1
7027475	1
5150281	1
2016345	1
13938992	1
1786680	1
48780690	1
8956290	1
97451	1
6471898	1
27067439	1
570031	1
1512347	1
3326531	1
25167948	1
959918	1
7982087	1
6308140	1
4318999	1
22557846	1
7596912	1
3647082	1
399783	1
1118474	1
2638641	1
6418442	1
19304173	1
17747052	1
24581556	1
3513955	1
29134674	1
2134260	1
42095127	1
87995	1
1131088	1
28747555	1
42995867	1
160273	1
5070617	1
25534430	1
16049714	1
12605712	1
489856	1
5477656	1
6918612	1
16942247	1
40831146	1
22140438	1
1313055	1
30863992	1
33751618	1
17870285	1
42679900	1
3006756	1
1697072	1
4813302	1
5559474	1
4871085	1
6477982	1
747155	1
458226	1
11649017	1
264872	1
1128963	1
43939713	1
2386044	1
11195608	1
1623672	1
3080595	1
6226824	1
38724958	1
360721	1
3969035	1
14615872	1
742731	1
11139525	1
2991389	1
42451855	1
15397088	1
1268934	1
26985712	1
656112	1
190490	1
525995	1
2234958	1
3329983	1
46374015	1
6808672	1
459931	1
28357431	1
2222598	1
21940341	1
16763969	1
146875	1
17265486	1
1220825	1
39728855	1
7979581	1
20419881	1
9945517	1
40738244	1
219384	1
2869009	1
1623485	1
5030394	1
47472331	1
296889	1
24135803	1
2465101	1
627758	1
2271803	1
19108005	1
260940	1
13680742	1
5269343	1
3536518	1
32881180	1
1519591	1
41527480	1
28215436	1
3593977	1
39040887	1
279641	1
5233336	1
2123238	1
43720541	1
18422023	1
160735	1
25187303	1
307091	1
10823016	1
2138816	1
1669304	1
18327198	1
28454742	1
216291	1
236839	1
15571647	1
3299760	1
11816971	1
30863599	1
1885391	1
41645864	1
5699973	1
42160567	1
5306836	1
8415315	1
315798	1
32000042	1
3587636	1
266805	1
38203974	1
17573052	1
321631	1
38205719	1
3127100	1
35166497	1
2934315	1
20724983	1
199536	1
14320178	1
21278416	1
26818826	1
2137099	1
8095757	1
32526961	1
5181155	1
500207	1
21551816	1
3317624	1
299427	1
1753869	1
1505018	1
4953757	1
4092969	1
8589723	1
1924764	1
1642752	1
455720	1
30136359	1
18148970	1
30107917	1
3036499	1
142721	1
19493532	1
1021390	1
4926391	1
10835011	1
28177256	1
12246573	1
891989	1
20663130	1
3715918	1
23070	1
2174808	1
21528705	1
16288997	1
8613562	1
42504861	1
44348885	1
2136653	1
6092859	1
37837988	1
3071193	1
18633925	1
40800428	1
41399396	1
20172054	1
40543198	0
37816405	0
24162340	0
11735076	0
28166323	0
13258694	0
6894901	0
2570670	0
28321136	0
21216006	0
316621	0
3967152	0
4239903	0
6895234	0
18699529	0
14279097	0
42723859	0
3955422	0
4134461	0
2756362	0
2143130	0
320006	0
995206	0
16241214	0
27263556	0
10517212	0
36961908	0
41753045	0
18322993	0
14892208	0
44498085	0
492066	0
25110068	0
14932751	0
2140038	0
7366627	0
753761	0
464096	0
30542998	0
3205337	0
13949859	0
35744606	0
981727	0
3643941	0
1697477	0
48031664	0
12378334	0
12567420	0
31816168	0
5544585	0
31932775	0
1194387	0
6794828	0
96742	0
7262490	0
28855939	0
25547093	0
2392463	0
519696	0
47443366	0
1263314	0
27030958	0
45420913	0
2105597	0
35711723	0
207594	0
6739456	0
165376	0
18600991	0
2152217	0
18435216	0
27557221	0
8650027	0
27566776	0
9769130	0
19074967	0
717443	0
8475147	0
36858849	0
22033769	0
2081421	0
3661958	0
10033505	0
23758540	0
19201173	0
1213787	0
301758	0
33254	0
46262484	0
13917204	0
5088064	0
12623450	0
6126113	0
18527381	0
24720026	0
38237965	0
1409272	0
16305259	0
34554469	0
10158744	0
10403508	0
18171823	0
3978341	0
4467516	0
17930878	0
3115427	0
26360209	0
200154	0
6520123	0
123735	0
33049597	0
462319	0
33019435	0
37196853	0
6824566	0
36055474	0
38023126	0
23514015	0
1949532	0
38917416	0
4059336	0
8304190	0
15675567	0
10574	0
172022	0
18848063	0
37010785	0
1881771	0
1652275	0
26282973	0
28065504	0
6793688	0
800270	0
32477329	0
1419642	0
451398	0
47426786	0
31782399	0
347301	0
131453	0
428291	0
513116	0
48520572	0
10200845	0
15362970	0
5915777	0
2649993	0
929573	0
9992279	0
4295978	0
30528772	0
1196541	0
6350141	0
2671568	0
33579838	0
3487663	0
15635868	0
12142238	0
1302347	0
2502593	0
664900	0
993662	0
937185	0
1166379	0
178056	0
1079139	0
38082096	0
1821501	0
19792885	0
19195599	0
744786	0
21653941	0
32793231	0
27687374	0
4906414	0
19474231	0
666931	0
9933471	0
4079898	0
44010420	0
32950088	0
8642448	0
3812066	0
3245932	0
7328687	0
4915727	0
119222	0
11483674	0
25758201	0
124496	0
32787883	0
31233470	0
44784054	0
1826728	0
14179503	0
12749022	0
35200323	0
10194135	0
23527887	0
224017	0
239448	0
2933554	0
26386025	0
5529738	0
32474005	0
31736765	0
2241567	0
8223937	0
3347566	0
46239610	0
3021829	0
19028159	0
442318	0
1406651	0
2971305	0
2431443	0
2356400	0
8308101	0
12198369	0
15247952	0
41926800	0
1384668	0
42951692	0
27052501	0
5274173	0
21832287	0
9294217	0
23413380	0
109344	0
109582	0
11595417	0
399551	0
6032514	0
12882694	0
10377101	0
17142742	0
30310699	0
1277394	0
27897771	0
19445964	0
21211281	0
27934890	0
30893816	0
10324015	0
26467390	0
46701858	0
1091948	0
19266551	0
26122270	0
514955	0
16038313	0
5750241	0
19232474	0
7149014	0
10027638	0
27339393	0
13826827	0
36552135	0
13304348	0
13578646	0
44490661	0
45458611	0
6800917	0
10523423	0
1464803	0
1584891	0
171073	0
32004324	0
4191764	0
1638124	0
23527726	0
4423172	0
7265310	0
3603710	0
1585068	0
12148399	0
25605534	0
946664	0
16269696	0
11442122	0
41523870	0
998628	0
12590702	0
31174086	0
4402333	0
3348472	0
115577	0
3067225	0
18690816	0
96820	0
468812	0
37987245	0
13612301	0
4616015	0
3526808	0
9433343	0
14851642	0
6045460	0
1741564	0
1964068	0
297962	0
1711329	0
1260	0
6662484	0
18401524	0
8889395	0
9671695	0
3367859	0
19803719	0
5529728	0
9200081	0
3729770	0
4000711	0
30292021	0
367154	0
1790720	0
43682309	0
28320529	0
21493442	0
6508626	0
29589192	0
4134116	0
26254145	0
36070668	0
18220650	0
49720	0
2175886	0
4090229	0
1302610	0
25703753	0
16124355	0
45257275	0
11152562	0
41967997	0
1107715	0
19594566	0
2881735	0
3115561	0
14662698	0
4687019	0
29019321	0
7444618	0
22064095	0
131134	0
265912	0
19695513	0
29227915	0
293567	0
110906	0
37921262	0
517810	0
115716	0
10500185	0
2186470	0
11533077	0
15560021	0
1969443	0
30401839	0
18412491	0
13627311	0
30967105	0
3108059	0
9272565	0
13820719	0
47919333	0
907435	0
827849	0
1459828	0
13707392	0
6482771	0
5664311	0
2051303	0
763471	0
31013694	0
2050438	0
932279	0
2700472	0
18569380	0
118871	0
1323869	0
19819642	0
10795842	0
1856592	0
38240969	0
326123	0
17161926	0
356215	0
1605165	0
23033803	0
450501	0
4176746	0
6250151	0
2733040	0
9000690	0
122257	0
25456627	0
219235	0
14471779	0
644344	0
3605205	0
8724959	0
301273	0
43874937	0
77894	0
7699856	0
2302919	0
10587172	0
4526151	0
7195074	0
680483	0
28702692	0
1758289	0
36507935	0
45385458	0
1596828	0
32604689	0
22202165	0
747246	0
1433	0
22706479	0
42537425	0
834275	0
3171713	0
43656747	0
25143027	0
12806208	0
37478472	0
33857407	0
9178764	0
838706	0
33533669	0
2303903	0
11826467	0
1108976	0
17291993	0
1041815	0
28394312	0
25844706	0
31100939	0
2731727	0
1505812	0
6628722	0
1208658	0
758148	0
13502012	0
1740289	0
10969046	0
2462842	0
3696913	0
29587018	0
5068428	0
2396	0
40448488	0
4292295	0
21729176	0
1355022	0
35719483	0
7519577	0
9509574	0
23459215	0
21762943	0
12130497	0
16982194	0
49901	0
3054386	0
7602628	0
14210860	0
2894042	0
10009715	0
4206626	0
28265965	0
24824332	0
26026044	0
674386	0
3631959	0
963099	0
1148168	0
1247634	0
18373968	0
4696322	0
13629710	0
33095442	0
567928	0
23195624	0
39552128	0
26033941	0
730526	0
91371	0
1302205	0
25399490	0
6799257	0
2705961	0
12568979	0
12668042	0
41525162	0
3951105	0
14058277	0
11419228	0
19177516	0
14613564	0
