9535193	1
1942202	1
1369768	1
527943	1
864761	1
413189	1
150828	1
221199	1
2112239	1
447357	1
19827221	1
125378	1
5303308	1
1450090	1
4294356	1
2567289	1
2264396	1
306536	1
220195	1
975325	1
24424228	1
19008450	1
582675	1
28989184	1
113148	1
383589	1
258650	1
5171132	1
10572933	1
2036836	1
26114336	1
6205969	1
24708146	1
6778866	1
11540226	1
1078638	1
1384194	1
229201	1
3378943	1
378032	1
1214237	1
8746753	1
1280450	1
8840	1
1644621	1
1676375	1
747234	1
1710954	1
1117164	1
4530013	1
23568716	1
36565748	1
9424	1
1652211	1
358396	1
9739710	1
12930711	1
26333514	1
1929415	1
316644	1
322977	1
11318302	1
654200	1
36490628	1
14045	1
1636701	1
63727	1
1100044	1
27279709	1
479154	1
19346347	1
13881413	1
5970029	1
174287	1
25352318	1
2667848	1
30874325	1
16368206	1
309641	1
1525259	1
4073679	1
23107127	1
36243974	1
8033888	1
3615326	1
9240590	1
7122822	1
2539269	1
459212	1
849905	1
3901957	1
27716584	1
24150378	1
5240115	1
309935	1
957859	1
1950415	1
100414	1
370882	1
4206048	1
51032	1
906379	1
7445618	1
15683689	1
229447	1
25802489	1
38813115	1
1519282	1
1422825	1
432632	1
6197475	1
6523489	1
2301207	1
10771514	1
24683	1
25182246	1
467994	1
3046246	1
15772154	1
1237220	1
4504950	1
275896	1
635013	1
3666232	1
1833027	1
3204069	1
43934422	1
14452086	1
3178307	1
44083935	1
2982366	1
3819896	1
74026	1
448069	1
30305	1
8603	1
1701460	1
12333	1
1049273	1
145736	1
2915808	1
36260621	1
1425707	1
213670	1
2234333	1
88725	1
1126561	1
700218	1
180525	1
38728822	1
80895	1
762602	1
6339855	1
4752	1
255275	1
2136885	1
470582	1
1266606	1
33752967	1
824490	1
11086800	1
25407774	1
10848391	1
30901359	1
172803	1
42222	1
880675	1
2110323	1
7341464	1
20505	1
24095371	1
8826313	1
10924298	1
31213379	1
14556922	1
40136821	1
2134260	1
871281	1
11310746	1
86996	1
21916701	1
336861	1
71394	1
250505	1
616416	1
213798	1
3117927	1
31998179	1
1301695	1
8207203	1
21186590	1
2506261	1
444443	1
35797783	1
13432082	1
1658905	1
20275057	1
5751	1
201438	1
7614409	1
28530409	1
3476929	1
1871226	1
827887	1
10253524	1
23634	1
1850118	1
1746291	1
271587	1
43111864	1
61759	1
9764248	1
3944660	1
676082	1
46657634	1
1198504	1
48896	1
26050648	1
2963809	1
2059425	1
33536	1
15601	1
4862	1
442561	1
168445	1
2468021	1
700270	1
705372	1
12341304	1
2046281	1
31315562	1
33947707	1
12662703	1
11751525	1
31600	1
390789	1
6629274	1
4981821	1
10109512	1
1411431	1
126842	1
296829	1
277667	1
344591	1
2528975	1
1092746	1
13358103	1
34748661	1
99408	1
515813	1
226949	1
11691936	1
402124	1
2672024	1
2951527	1
17825764	1
3776966	1
142257	1
255413	1
3600821	1
36253640	1
932864	1
17387431	1
42178	1
32490171	1
1021708	1
26244	1
7367893	1
2076709	1
8243595	1
22408981	1
106409	1
22721192	1
2612532	1
11278005	1
143509	1
625018	1
7373819	1
4142619	1
27642638	1
20205	1
11632781	1
527962	1
13980768	1
37293007	1
12513182	1
35459623	1
22965640	1
1452644	1
6115263	1
23623	1
400780	1
6233322	1
35472810	1
1014514	1
1429390	1
518781	1
17634602	1
20903651	1
448850	1
304601	1
2038358	1
918969	1
535190	1
24073928	1
7815059	1
2346175	1
2857423	1
441747	1
41184690	1
30862876	1
5803195	1
428353	1
9823448	1
19949560	1
1029993	1
2326374	1
25805922	1
2203390	1
1941141	1
3134963	1
2993783	1
5138823	1
172050	1
38817	1
3939498	1
139176	1
8448672	1
2273561	1
377112	1
34086553	1
1368	1
5128007	1
546493	1
528242	1
13536692	1
948695	1
5308936	1
167389	1
5042706	1
2132870	1
3014952	1
12368553	1
2467905	1
1989443	1
1954688	1
4404985	1
30874450	1
1000263	1
55915	1
736200	1
4311750	1
1162848	1
3959881	1
5604422	1
5855792	1
339185	1
958473	1
229967	1
19732690	1
1001915	1
29645102	1
93560	1
12807705	1
766286	1
21213127	1
1354959	1
17608909	1
2218641	1
142716	1
32040711	1
3547837	1
512111	1
643718	1
1861516	1
143938	1
18147698	1
38317679	1
49842	1
148045	1
1824076	1
1055577	1
377219	1
1645657	1
4776119	1
254518	1
321957	1
14491524	1
1686272	1
5390123	1
17416342	1
45754	1
32751116	1
98382	1
21630649	1
106190	1
603497	1
7237054	1
727836	1
9055249	1
518825	1
25282459	1
5876252	1
43472912	1
73010	1
1190019	1
3882896	1
336482	1
87012	1
30864389	1
1660840	1
47766381	1
3662094	1
18841060	1
1544251	1
20305561	1
478750	1
449746	1
155271	1
187483	1
7530620	1
3877022	1
865032	1
936488	1
11679218	1
2324243	1
4844219	1
5799501	1
3405386	1
8805327	1
2485899	1
8790194	1
3158541	1
5114012	1
217315	1
10939	1
1143062	1
607710	1
1537449	1
619407	1
12166830	1
132576	1
705831	1
11276647	1
15831743	1
759519	1
429388	1
337536	1
324167	1
52519	1
1949414	1
2027283	1
58849	1
12114116	1
467036	1
14006	1
195068	1
3759283	1
1010604	1
31775073	1
2737449	1
15039212	1
1019545	1
22433278	1
2289806	1
3091229	1
867870	1
179948	1
585416	1
866140	1
13963229	1
2577862	1
6181810	1
24603817	1
1147995	1
67444	1
521296	1
1070807	1
19413144	1
4941915	1
4300475	1
2882697	1
8547575	1
45324	1
1800993	1
2977896	1
2466103	1
1558047	1
5387788	1
2051330	1
358109	1
9490781	1
1956221	1
855742	1
882050	1
1246114	1
2213829	1
1255353	1
18985263	1
4768997	1
29064761	0
3257290	0
1078463	0
29616542	0
17664195	0
7829382	0
11422827	0
12171830	0
43808421	0
44999079	0
6700744	0
5791725	0
36150486	0
12235423	0
4736948	0
32227193	0
2561173	0
46318644	0
17645568	0
19440862	0
23683951	0
664501	0
1832216	0
20514172	0
8086973	0
5962688	0
24297309	0
4711018	0
13989645	0
20882898	0
13688522	0
758726	0
2772158	0
32610187	0
30697397	0
11977382	0
10069150	0
18454942	0
29889411	0
2942518	0
3331234	0
27413754	0
11437048	0
19290754	0
1761440	0
1508494	0
32807469	0
3300749	0
3001456	0
5393710	0
1489943	0
115548	0
39400915	0
45661627	0
18472634	0
17635003	0
11627321	0
17907213	0
29385655	0
38354906	0
4954597	0
3538649	0
1952151	0
35601173	0
39799095	0
32257143	0
42026716	0
23216423	0
4094930	0
35046242	0
4496941	0
14523178	0
28087022	0
33058259	0
19731938	0
15270555	0
9677609	0
133044	0
19107264	0
27327965	0
882727	0
25310617	0
7164678	0
230001	0
17195497	0
1886873	0
1273619	0
29635849	0
35548426	0
22667752	0
2377085	0
2228675	0
17701048	0
742012	0
43329360	0
15110575	0
4853867	0
24554160	0
7984788	0
2328299	0
699773	0
1495895	0
46835336	0
11186961	0
37236293	0
39015041	0
20059912	0
11299129	0
652294	0
115144	0
2849522	0
23045263	0
22546085	0
4443706	0
16311568	0
3770363	0
15737	0
19890891	0
15290769	0
2922621	0
6492695	0
24404271	0
47056046	0
30865512	0
2847057	0
14043284	0
1963976	0
30045329	0
5710314	0
4126396	0
14688382	0
3738124	0
9004750	0
3953134	0
772580	0
2928750	0
107639	0
27463222	0
2646765	0
13353358	0
11776343	0
457468	0
2990288	0
30279545	0
26415458	0
1467587	0
6076131	0
43922091	0
6669494	0
734526	0
22625149	0
37397341	0
36490089	0
26251303	0
105596	0
11717246	0
33004405	0
26876162	0
39123713	0
15512341	0
3501527	0
12491554	0
3895437	0
493163	0
11341395	0
697308	0
8991638	0
12164825	0
17239291	0
8408783	0
31638483	0
3041384	0
21104747	0
1673282	0
7323801	0
28617245	0
13140232	0
7202227	0
31548663	0
267552	0
2020663	0
6875505	0
3018593	0
15329936	0
1330732	0
398134	0
18620609	0
1979834	0
18690515	0
13301553	0
4585897	0
37685763	0
45641104	0
42418511	0
33092919	0
2418008	0
4470357	0
30371284	0
32444558	0
25660586	0
14121437	0
5813870	0
22849055	0
18876217	0
25303929	0
35937262	0
5163275	0
33551102	0
35735962	0
735762	0
17843729	0
35838810	0
17570138	0
5191024	0
5991388	0
2421531	0
32560617	0
2600974	0
6931073	0
2873624	0
5706821	0
38256161	0
8580298	0
35313867	0
29702918	0
4915128	0
42548140	0
29564778	0
96670	0
4965758	0
39399497	0
12230730	0
10251615	0
28892986	0
2607347	0
27880173	0
1065504	0
42777221	0
26688244	0
24351494	0
8102973	0
7369149	0
696322	0
25193800	0
3287754	0
24554860	0
6115685	0
30231097	0
1405672	0
8678763	0
14279540	0
2220391	0
30594422	0
36282630	0
25801967	0
41372010	0
22423553	0
1964990	0
741282	0
2002745	0
1111391	0
45315392	0
40830318	0
2878826	0
35923182	0
92022	0
14325661	0
130719	0
15329247	0
29034201	0
35735861	0
6934153	0
23754348	0
1219721	0
6769862	0
209309	0
6810798	0
25395001	0
125056	0
13139456	0
23700090	0
5560503	0
49270332	0
38954202	0
15914327	0
38209402	0
1532106	0
1977168	0
19025940	0
25647881	0
5759560	0
2952660	0
2040399	0
6675417	0
11072221	0
33140530	0
21759069	0
36652351	0
11754299	0
7619773	0
29183402	0
10762811	0
4034318	0
129409	0
13013898	0
17743069	0
607502	0
37040945	0
100696	0
23919988	0
22245944	0
9651518	0
2241875	0
22188569	0
28638504	0
7992879	0
936080	0
2864361	0
17812653	0
5162413	0
9964395	0
8794030	0
45336	0
1203071	0
38267242	0
46938038	0
3375536	0
19681381	0
45368619	0
35284698	0
959068	0
27437820	0
3049318	0
74228	0
2278543	0
5732484	0
373545	0
12137037	0
19708097	0
8564535	0
31557107	0
15942749	0
4766165	0
4274218	0
2303206	0
4409401	0
19970923	0
22149993	0
4732003	0
2567310	0
26988625	0
6923845	0
6537246	0
3044270	0
493581	0
93176	0
32910448	0
43583821	0
1770305	0
3261082	0
6060662	0
32687737	0
3024087	0
11919427	0
34896765	0
18803620	0
14839129	0
15467206	0
19996032	0
35037289	0
1659323	0
17971473	0
40034857	0
40445432	0
5819861	0
20190298	0
29637992	0
22767364	0
15666405	0
21193381	0
26178788	0
3397459	0
9952886	0
6822847	0
18849770	0
2984467	0
10225644	0
23203783	0
12185443	0
776719	0
1598464	0
1959749	0
32811775	0
6343016	0
2090287	0
20564287	0
11508481	0
15625822	0
24127312	0
44764426	0
21591814	0
7992963	0
12972581	0
7830861	0
19412869	0
38779884	0
93288	0
1975856	0
4720242	0
31194545	0
111389	0
936173	0
42979903	0
39943360	0
5520055	0
12405678	0
22164207	0
1272135	0
36607216	0
5144464	0
3783487	0
42329250	0
12565533	0
6743879	0
24848632	0
22588167	0
25958783	0
96725	0
10319760	0
40086043	0
4848867	0
16885836	0
31226340	0
32818013	0
24152956	0
12194129	0
611060	0
133352	0
29018062	0
137277	0
27718524	0
6824013	0
3352100	0
45703114	0
510809	0
22135915	0
39641261	0
14728327	0
10751284	0
39614318	0
11477971	0
21831332	0
20552620	0
6119576	0
11630624	0
48050476	0
22732612	0
10298305	0
26092671	0
22289699	0
13621521	0
10757187	0
14235355	0
22391076	0
588171	0
6984701	0
38387513	0
137035	0
32404095	0
3938270	0
31092532	0
34683229	0
5252054	0
47416133	0
4520466	0
3090394	0
926009	0
5265862	0
2432838	0
136838	0
2733160	0
38473672	0
23554078	0
11145704	0
1317931	0
9537867	0
970201	0
2683684	0
11179115	0
20949207	0
5680856	0
13892980	0
858333	0
976838	0
9322611	0
10178899	0
2451348	0
1202722	0
7265533	0
38823928	0
