31701736	1
2313089	1
29023548	1
104944	1
2264605	1
121131	1
767936	1
120128	1
21074866	1
5797672	1
8507254	1
59661	1
17288851	1
392006	1
20884098	1
24839516	1
2224957	1
3035702	1
8314302	1
20707438	1
34761623	1
1393524	1
156359	1
150133	1
37857	1
2858088	1
371346	1
118522	1
66068	1
419633	1
22272263	1
14311768	1
33607	1
30960173	1
120159	1
30874803	1
2989392	1
1528661	1
84804	1
65614	1
24963246	1
7025552	1
2447265	1
44918393	1
5423259	1
1852133	1
873085	1
45714472	1
748250	1
153673	1
2575921	1
2189315	1
1553622	1
32345341	1
2881516	1
22548361	1
27335223	1
12842247	1
24020602	1
744028	1
2681471	1
157743	1
20098760	1
5036696	1
24200913	1
3605365	1
118760	1
51522	1
2969616	1
4913027	1
2527510	1
1087141	1
4154383	1
940498	1
591375	1
118537	1
118427	1
6569045	1
93334	1
15997318	1
6879563	1
205791	1
16247	1
13192350	1
1098157	1
35579516	1
1681869	1
2724530	1
4865795	1
914390	1
29211374	1
10325240	1
23840623	1
49257	1
72673	1
12722315	1
18754763	1
163002	1
10070073	1
367388	1
118719	1
120163	1
9573623	1
41288255	1
2120893	1
3532098	1
22572094	1
10570925	1
6577834	1
2299801	1
442798	1
639269	1
6948613	1
1985292	1
2462183	1
24553840	1
118702	1
198147	1
102274	1
178360	1
577738	1
24780749	1
20961341	1
13194268	1
34614	1
52319	1
74344	1
118601	1
315447	1
489001	1
9312159	1
10878	1
1692112	1
30709512	1
17726082	1
118704	1
18752696	1
2089080	1
118497	1
9497917	1
3433042	1
25462124	1
917189	1
13697779	1
59002	1
247710	1
120137	1
1070117	1
356567	1
56269	1
178397	1
910563	1
34957511	1
4209923	1
18041808	1
30686253	1
234646	1
1332105	1
11677709	1
29116405	1
931845	1
17255614	1
21042682	1
6946502	1
1872072	1
118606	1
996846	1
23401113	1
2624588	1
31383119	1
21806048	1
39838	1
430994	1
468593	1
118491	1
1275210	1
8769	1
10114670	1
217512	1
5625993	1
2055784	1
2201280	1
118725	1
873877	1
17988158	1
34190771	1
19059072	1
12164848	1
834275	1
822894	1
618152	1
15721528	1
25384253	1
57159	1
9715327	1
36789245	1
35833140	1
4285633	1
3776872	1
1237361	1
17871354	1
39085492	1
928502	1
2905507	1
309794	1
102495	1
5622790	1
21860206	1
28873960	1
2195975	1
171757	1
7022227	1
2969515	1
328838	1
16551113	1
24408933	1
118553	1
2155295	1
23850	1
24177551	1
9408331	1
18906873	1
11670771	1
51885	1
52619	1
18766638	1
458882	1
1518592	1
299489	1
1526536	1
18454982	1
328969	1
32934186	1
1455619	1
2784766	1
4151485	1
59654	1
13735460	1
143745	1
423772	1
31850600	1
120131	1
20366496	1
9090866	1
15233294	1
156068	1
2405998	1
172896	1
982462	1
58186	1
12049656	1
5761454	1
6145112	1
1862786	1
7639943	1
118618	1
12992431	1
924021	1
15325280	1
48132	1
648454	1
121099	1
6302333	1
142103	1
208206	1
5574915	1
206387	1
938311	1
16833858	1
4196602	1
2136278	1
11569971	1
1290197	1
2067496	1
93777	1
18300770	1
24683124	1
792248	1
1046744	1
993662	1
210395	1
118594	1
6674557	1
6861649	1
514670	1
424515	1
506939	1
121089	1
2273279	1
42748428	1
4152176	1
101612	1
18940261	1
729870	1
1304524	1
10112008	1
118677	1
8879192	1
24026404	1
12707538	1
7468737	1
1890456	1
23883346	1
3635874	1
10347274	1
13962356	1
1748529	1
1253715	1
2568359	1
20914858	1
89889	1
9939698	1
22729939	1
2575765	1
975053	1
558825	1
2677393	1
30269	1
9210033	1
14880	1
166141	1
87635	1
2992663	1
3042035	1
28077029	1
3871399	1
863034	1
5997664	1
30833168	1
26913309	1
2112244	1
4410230	1
38842	1
754207	1
233475	1
48108	1
1302022	1
19228342	1
20414	1
21470795	1
24200735	1
13771316	1
771	1
4773703	1
4807496	1
431272	1
57951	1
21450775	1
4810622	1
48321	1
168969	1
485162	1
25257620	1
1375911	1
538644	1
8808316	1
37147	1
2656006	1
10536482	1
8509052	1
9320815	1
33432022	1
6170974	1
14790	1
3256813	1
1156182	1
117518	1
9233520	1
2390726	1
573710	1
1002720	1
13759500	1
26576703	1
31016570	1
3337471	1
814723	1
27138035	1
3756682	1
1871071	1
11662133	1
4054425	1
14241570	1
121166	1
118558	1
4945461	1
889469	1
7189224	1
1846915	1
56511	1
8407830	1
46279016	1
2125996	1
42088157	1
228735	1
453144	1
9027489	1
168951	1
2060944	1
396647	1
33844071	1
33905284	1
922666	1
25381241	1
12984922	1
155518	1
2963	1
30749442	1
502715	1
615769	1
6024	1
456837	1
28704180	1
2512069	1
7066030	1
327058	1
3981520	1
24367839	1
2589917	1
912870	1
24470652	1
42626488	1
4562760	1
29050259	1
27973971	1
24919346	1
1421805	1
31131342	1
5243711	1
3773747	1
2862520	1
50478	1
19614638	1
5237704	1
9420388	1
4212715	1
2783135	1
517430	1
30583	1
15737265	1
2836391	1
35779835	1
4584269	1
229612	1
2477930	1
184769	1
19412115	1
15144747	1
2924945	1
143958	1
898633	1
11066143	1
57212	1
1547414	1
6718977	1
664992	1
12707867	1
10136204	1
27702487	1
364721	1
23309899	1
118614	1
3203201	1
22591748	1
3322438	1
4060623	1
4558757	1
1979116	1
7294499	1
28837657	1
46321272	1
1229913	1
38793881	1
10131884	1
17948622	1
405967	1
35352896	1
15685323	1
15542758	1
2873924	1
43356704	1
17262	1
11325670	1
36130238	1
20419888	1
18614700	1
33478664	1
31161970	1
4049	1
12419736	1
299970	1
38633825	1
1842122	1
4863079	1
59957	1
11625381	1
23288119	1
15785123	1
9343693	1
7090081	1
4432513	1
17916386	0
166437	0
6755071	0
19228690	0
6034306	0
36602167	0
65104	0
27007083	0
2132591	0
9119523	0
44522454	0
138143	0
1633545	0
22187350	0
44413279	0
42716467	0
39642316	0
6824458	0
1762652	0
3649384	0
944442	0
7772033	0
130853	0
8854831	0
41400568	0
17393319	0
801425	0
1218724	0
4393859	0
3663358	0
169626	0
406733	0
13753906	0
49016311	0
2404209	0
16556852	0
13941173	0
3631430	0
38168311	0
18877706	0
7887355	0
20075370	0
17752037	0
3917081	0
9275361	0
874132	0
23734592	0
15396275	0
16457428	0
36821748	0
37037442	0
4047984	0
5770022	0
11348320	0
650657	0
35431889	0
25263552	0
18815687	0
14109028	0
116836	0
19900762	0
6172247	0
3868901	0
18772452	0
27387031	0
455520	0
2441042	0
2885040	0
1406351	0
21757856	0
40645014	0
7328865	0
2279397	0
24354705	0
5103631	0
4113807	0
8399706	0
7630008	0
7511071	0
493474	0
43382983	0
15914327	0
41493123	0
21958879	0
8282871	0
23541193	0
2677779	0
1693941	0
356678	0
23306715	0
34167294	0
23556168	0
37469002	0
4507914	0
7517822	0
1794943	0
3963146	0
15191344	0
53300	0
29513387	0
1077029	0
46576530	0
918144	0
39076271	0
12888191	0
32655753	0
24355101	0
31446537	0
22621847	0
3595901	0
2865764	0
10081590	0
11557599	0
10859595	0
33529140	0
13548732	0
9896769	0
6159106	0
32564015	0
7871579	0
4409556	0
143656	0
2867820	0
6816652	0
7693530	0
213777	0
48733473	0
4814811	0
5894540	0
6941184	0
589031	0
4338651	0
34050906	0
11903827	0
27043765	0
23586685	0
179871	0
9273611	0
17953289	0
36836604	0
573404	0
483236	0
25981865	0
5487969	0
1687392	0
41920134	0
24078344	0
3376795	0
992970	0
1312865	0
1634999	0
14991953	0
832568	0
19228394	0
3504170	0
37089395	0
31505324	0
266617	0
9085771	0
43456754	0
6574853	0
41442725	0
25359971	0
19057921	0
6827257	0
27817273	0
12191931	0
15506991	0
11833080	0
1336910	0
27001269	0
14076980	0
5098092	0
21506950	0
34685333	0
41494405	0
482939	0
35214883	0
8109546	0
1479224	0
7459929	0
32654855	0
26601664	0
1830744	0
2348489	0
12109047	0
41966995	0
32910216	0
6826619	0
10169158	0
4279896	0
779779	0
1072911	0
1913191	0
27171933	0
37403089	0
3128583	0
4275756	0
27484242	0
3571442	0
1414637	0
20915903	0
43959405	0
31557107	0
491056	0
797556	0
45332966	0
3332164	0
1298817	0
23133009	0
23557101	0
24677287	0
661543	0
9174567	0
312284	0
1775001	0
28519694	0
2475830	0
4028801	0
31779676	0
8431752	0
9884977	0
6540959	0
5141167	0
19924630	0
1192230	0
4483529	0
24416373	0
1913515	0
27984525	0
10162551	0
33227002	0
331802	0
26077253	0
18982608	0
458548	0
16094747	0
7531476	0
47227141	0
888431	0
7599485	0
1407405	0
11213826	0
4492414	0
34569950	0
8058498	0
345836	0
6146439	0
5577760	0
38282252	0
7297023	0
19625861	0
7424526	0
2810571	0
44632196	0
1762181	0
10108362	0
3661958	0
23254549	0
45653377	0
532263	0
6744142	0
25194837	0
1021148	0
3350021	0
12561116	0
596023	0
24914654	0
20353571	0
9318694	0
44837063	0
27999781	0
884387	0
32742043	0
126677	0
35774452	0
46865977	0
21468429	0
37748713	0
156787	0
36841256	0
1588641	0
25448040	0
9954901	0
636446	0
627851	0
9854090	0
24717662	0
2687361	0
2593009	0
41767149	0
11229536	0
9321927	0
36317587	0
3795885	0
4697901	0
10849399	0
5616801	0
7363500	0
43736528	0
2775132	0
1379516	0
10335061	0
6883952	0
5418655	0
189862	0
36141306	0
28090969	0
48921957	0
20733802	0
12564679	0
10486397	0
1764058	0
2201713	0
34805069	0
1681907	0
4804173	0
10189895	0
2192848	0
1999162	0
1298984	0
7351528	0
3524655	0
2910922	0
24427287	0
35583850	0
990711	0
5882964	0
7847814	0
17247457	0
11794416	0
44360858	0
30040535	0
14018097	0
33825531	0
2286253	0
6069703	0
5574825	0
17964173	0
22903626	0
54306	0
22692466	0
26789678	0
20561261	0
21127722	0
2637102	0
396498	0
32930227	0
23762536	0
27120445	0
23761173	0
38348798	0
19132008	0
1331645	0
16051843	0
36601014	0
39596005	0
17306985	0
11502665	0
45335967	0
27479526	0
21077466	0
29766415	0
2439841	0
1916371	0
45082552	0
6720317	0
25263782	0
14266207	0
170699	0
2886036	0
23559756	0
44778707	0
2533867	0
39924680	0
12692636	0
5463427	0
36168	0
24717183	0
23480522	0
4272640	0
13016025	0
5016063	0
22291276	0
7898010	0
2080845	0
4116923	0
34407260	0
15234305	0
5760497	0
72307	0
6701589	0
21372064	0
23844225	0
43797851	0
891785	0
7912899	0
27195317	0
6774506	0
90613	0
24594902	0
46559761	0
34429336	0
26315244	0
4713635	0
7152599	0
2227651	0
13434707	0
32342067	0
10500847	0
1081654	0
44097476	0
1118477	0
38792732	0
939510	0
14290641	0
19782847	0
132692	0
587866	0
2508793	0
10858841	0
27624515	0
2811188	0
10751294	0
37025847	0
266176	0
13677227	0
2118962	0
9677609	0
34651346	0
24033067	0
1208733	0
20669	0
9422165	0
11057355	0
23563305	0
2989730	0
6898833	0
14180498	0
4207078	0
7370341	0
19026734	0
6589932	0
9901688	0
5365202	0
297797	0
1957746	0
34496943	0
6229457	0
3830942	0
19834881	0
1958536	0
21803194	0
36487943	0
5323213	0
5581397	0
11021540	0
16600398	0
5603226	0
32819228	0
2823272	0
38761725	0
120294	0
18135902	0
37015893	0
1656975	0
19525699	0
12006384	0
29543260	0
10470248	0
899907	0
504497	0
43307	0
46916794	0
8623098	0
904586	0
12466576	0
22686912	0
8989666	0
3932008	0
25399339	0
46302210	0
2708239	0
2580582	0
18426227	0
4117499	0
249176	0
5326	0
28638116	0
17988142	0
263841	0
25793784	0
27999236	0
43750285	0
6723342	0
40465606	0
29202630	0
159548	0
46395	0
4022163	0
