1587391	1
3666796	1
43267905	1
2184227	1
3143809	1
148561	1
23248387	1
2372989	1
16139	1
1452530	1
40291025	1
46373	1
16620450	1
473191	1
19358	1
1614307	1
2302830	1
5802995	1
147575	1
2251240	1
12933084	1
1019098	1
25703167	1
4224051	1
607272	1
23242808	1
29152820	1
1593440	1
1375367	1
36741	1
6369229	1
488496	1
704701	1
12797932	1
2836297	1
19504375	1
1579212	1
1544297	1
4250247	1
427533	1
25409138	1
1587777	1
2640146	1
12279512	1
29522923	1
5849241	1
13614766	1
922078	1
26281426	1
3581975	1
1721903	1
189542	1
3087896	1
11131008	1
25206409	1
37410375	1
1383961	1
41697388	1
6470200	1
8770636	1
7486753	1
1500550	1
15455124	1
13610	1
6928118	1
892785	1
8693867	1
331437	1
1445732	1
635087	1
130116	1
45050011	1
4629932	1
2617235	1
782875	1
661206	1
14286178	1
46379460	1
15807833	1
23091352	1
26347112	1
90497	1
454088	1
5137143	1
424878	1
284295	1
25362631	1
419672	1
685623	1
2472123	1
43245	1
576998	1
7193430	1
96111	1
850931	1
29264324	1
9401362	1
2748559	1
12573252	1
20316342	1
1496330	1
8389145	1
53017	1
5559852	1
1574412	1
25296134	1
256387	1
1274090	1
23628755	1
49791	1
651522	1
620017	1
778086	1
1041055	1
652935	1
58122	1
2930455	1
44304944	1
15163108	1
1774709	1
43248887	1
162431	1
18938099	1
217201	1
15407494	1
10231967	1
20002742	1
854893	1
91113	1
32790689	1
976269	1
5440222	1
42503960	1
180325	1
324675	1
97851	1
693615	1
1484938	1
1785527	1
3165769	1
18231612	1
14673287	1
49279798	1
21803138	1
4557289	1
1550330	1
59003	1
184160	1
53276	1
1090122	1
18933424	1
11029641	1
12519514	1
1032415	1
32878249	1
16038815	1
367937	1
4333441	1
6154907	1
325586	1
300827	1
723622	1
5118520	1
21026379	1
36985	1
1180232	1
358028	1
285557	1
4853287	1
40081531	1
35779137	1
7259404	1
339829	1
390602	1
5999583	1
14141946	1
1110468	1
34178745	1
740902	1
74388	1
37392203	1
847250	1
25673155	1
7411351	1
41228350	1
5214530	1
2557246	1
330810	1
1341598	1
504988	1
6705450	1
276069	1
2077944	1
296891	1
1574880	1
3946525	1
74200	1
6003581	1
38538552	1
20635941	1
21204995	1
94963	1
7500342	1
215163	1
4904191	1
400102	1
141330	1
13345732	1
40439	1
43802680	1
1868045	1
91609	1
19936431	1
5488770	1
3616584	1
1751738	1
1967540	1
10613228	1
21769325	1
24056353	1
1277389	1
20894043	1
8632711	1
96243	1
13986173	1
7485306	1
145886	1
4689517	1
1776818	1
70728	1
31676151	1
15693	1
18498796	1
477579	1
58375	1
22128649	1
1429475	1
8030303	1
39470	1
3184694	1
1137983	1
24479100	1
229665	1
181688	1
1408278	1
4487695	1
71899	1
28083839	1
5139883	1
2408241	1
245805	1
2365744	1
24132562	1
148170	1
2545030	1
30986087	1
354386	1
2629272	1
1197756	1
6060651	1
13994682	1
6729759	1
652301	1
1805300	1
11940187	1
428586	1
5650474	1
7895681	1
418266	1
819367	1
250631	1
2846967	1
1394053	1
8806162	1
84104	1
15903744	1
29302674	1
1070120	1
1054228	1
1060805	1
3718954	1
206643	1
265225	1
153770	1
1756540	1
373379	1
277086	1
157859	1
1364769	1
1227215	1
400778	1
3875917	1
12573816	1
3479734	1
12615832	1
1365030	1
2758904	1
99658	1
4282644	1
15733052	1
130447	1
2513256	1
37397063	1
379706	1
30554423	1
6308276	1
2697758	1
5679688	1
3343027	1
5369116	1
21387353	1
8453355	1
37771414	1
483727	1
5753714	1
144167	1
10945172	1
42869633	1
3149345	1
15081093	1
44709385	1
3837	1
39762535	1
44108486	1
308825	1
27533732	1
79075	1
3526726	1
3382632	1
4354463	1
3222517	1
8112908	1
28953	1
28474862	1
15146567	1
18249074	1
12443482	1
4966997	1
3896807	1
1422792	1
15719303	1
442395	1
24303185	1
36870038	1
10723563	1
1328384	1
13819649	1
641373	1
38130232	1
1997377	1
2026829	1
27036015	1
2304895	1
10076622	1
163246	1
17010772	1
648574	1
30858698	1
387712	1
2441284	1
15058577	1
984145	1
1442579	1
496080	1
362501	1
36355621	1
7471995	1
62169	1
105309	1
3679085	1
1828635	1
2860948	1
1071057	1
3456545	1
4140588	1
70947	1
2406396	1
147849	1
723045	1
7577605	1
2108835	1
4302174	1
21140902	1
1077951	1
191460	1
1239287	1
6615420	1
21585909	1
3736	1
23772249	1
385553	1
428591	1
10382704	1
2485509	1
661275	1
12794823	1
204066	1
7582404	1
8468301	1
98506	1
25380184	1
951423	1
8332651	1
16928777	1
39678624	1
211237	1
621915	1
106128	1
14911333	1
3099016	1
9058934	1
16848071	1
990475	1
338482	1
8937978	1
169607	1
22645433	1
18842058	1
525061	1
1471350	1
34756182	1
16896725	1
8554283	1
1442397	1
127777	1
3995130	1
144087	1
3824690	1
28353979	1
21187031	1
320082	1
1394960	1
63892	1
1964954	1
2204086	1
382367	1
171620	1
4965991	1
394326	1
3281653	1
673522	1
46667887	1
653643	1
636924	1
17799472	1
7450494	1
25500533	1
1970001	1
13212	1
7303402	1
1899684	1
3096317	1
440570	1
5866665	1
4319337	1
32241981	1
28006329	1
651924	1
150959	1
2184780	1
1449979	1
697343	1
1105870	1
74203	1
13498979	1
59705	1
874052	1
2037226	1
7748269	1
33918	1
30855037	1
18062558	1
106130	1
100847	1
113661	1
1364981	1
603108	1
1799925	1
387570	1
5789164	1
1881822	1
2437749	1
3044993	1
36999	1
6731361	1
30873638	1
2492559	1
2824923	1
16639443	1
34015374	1
5059664	1
36399864	1
18531319	1
5823544	1
997953	1
1230304	1
6115303	1
670555	1
5937762	1
31165	1
3992464	0
40241740	0
26691266	0
4964463	0
6736914	0
7500938	0
4621284	0
43027957	0
923420	0
8870108	0
2119170	0
6538008	0
615925	0
2372673	0
23700043	0
47808049	0
17272345	0
7322343	0
3327106	0
2011429	0
10571015	0
484021	0
14112541	0
4116356	0
115826	0
2523027	0
33074841	0
2861017	0
121578	0
7641676	0
27524709	0
664170	0
2268462	0
13401397	0
24571135	0
3277081	0
22654623	0
16795243	0
3347463	0
20168470	0
17099311	0
930757	0
17332486	0
38392535	0
6924030	0
2438388	0
18734911	0
25416534	0
43601849	0
13721921	0
45420239	0
42860322	0
14687917	0
139770	0
9041266	0
10856329	0
42362736	0
21701078	0
541715	0
4401171	0
4551105	0
216657	0
3859036	0
33911483	0
23606613	0
423998	0
36373972	0
42303662	0
19591451	0
19766524	0
16444046	0
24284685	0
1990105	0
5604118	0
14145209	0
473644	0
37193792	0
4698761	0
6850602	0
18207732	0
22715613	0
49131	0
38274641	0
44473039	0
461858	0
13557905	0
5745702	0
9731719	0
47819992	0
33490374	0
23173899	0
404166	0
4711586	0
10859196	0
31456541	0
42098341	0
8996789	0
37611863	0
2568992	0
39570773	0
29365530	0
9643	0
3125748	0
5476340	0
48104591	0
15187338	0
663048	0
18890057	0
2735767	0
21668636	0
11789163	0
8838287	0
33799364	0
1982009	0
5188636	0
22398206	0
892279	0
32589559	0
11219273	0
2186470	0
12783669	0
7783685	0
27853022	0
11506513	0
5866455	0
27748509	0
37066421	0
2225111	0
3968711	0
39919400	0
16754811	0
11806945	0
16182244	0
2545480	0
30828177	0
28211955	0
19521572	0
3317620	0
18250089	0
32921903	0
1968107	0
47992659	0
94638	0
30519649	0
27268625	0
17857308	0
3820004	0
6205989	0
34457098	0
132914	0
44469959	0
1888893	0
6693648	0
10512486	0
9264630	0
449200	0
9868158	0
24157743	0
2847571	0
3834478	0
12833125	0
24308486	0
494814	0
19033615	0
2178957	0
26993985	0
4662671	0
6331612	0
3353603	0
3589854	0
41765926	0
5133263	0
32596595	0
15544394	0
10070331	0
1071039	0
14007982	0
3706900	0
428411	0
9500991	0
4406345	0
25814064	0
1592905	0
169611	0
1875200	0
23741651	0
33214936	0
37647052	0
21809609	0
4711183	0
1766074	0
45626799	0
44287899	0
3398429	0
13209690	0
7126886	0
3084347	0
40272018	0
1455976	0
329046	0
100443	0
3533757	0
27667191	0
7373720	0
2204409	0
11570764	0
2465576	0
3967152	0
8356174	0
2645244	0
31653591	0
1003981	0
24693970	0
16919201	0
3938530	0
5752966	0
33272134	0
5938439	0
11780667	0
33946541	0
134727	0
6662798	0
669165	0
12913587	0
15505634	0
36219092	0
6181221	0
38994057	0
1478821	0
31048238	0
8453663	0
8545243	0
11217169	0
5981035	0
40071481	0
18849328	0
27903067	0
132620	0
21922852	0
14443037	0
371656	0
10284162	0
48995871	0
15719207	0
1761148	0
8614907	0
72796	0
8481853	0
966816	0
19000874	0
747859	0
405628	0
11827661	0
14020612	0
48752551	0
27925313	0
1767774	0
21744519	0
2194397	0
16084974	0
39400146	0
31655454	0
22494976	0
5701071	0
2310953	0
3067600	0
24163535	0
14759043	0
5933390	0
27807850	0
48042636	0
15094335	0
7416015	0
10543029	0
1389882	0
45544165	0
421706	0
260183	0
652539	0
35739253	0
119269	0
2289056	0
16017722	0
2096979	0
18001466	0
16476656	0
12913012	0
23547841	0
128959	0
1055444	0
22526632	0
14089358	0
43885800	0
31568323	0
3832693	0
17890757	0
2531291	0
3607902	0
28840607	0
21093840	0
111141	0
259086	0
36732678	0
27140031	0
632937	0
2166298	0
19630276	0
18333275	0
6702500	0
1322128	0
4972935	0
5222967	0
12265129	0
7324939	0
9560708	0
12703021	0
27521927	0
3244124	0
884529	0
1635872	0
15063550	0
19598304	0
23492854	0
8097210	0
20067134	0
14794717	0
11682309	0
19758917	0
10258452	0
29885113	0
31159597	0
34240	0
22676386	0
3949675	0
29656021	0
2298747	0
26951034	0
9209912	0
36970631	0
28706	0
9354031	0
44805931	0
110788	0
539132	0
15144210	0
21742888	0
1448453	0
43343903	0
116031	0
8894841	0
1840358	0
33189445	0
12430990	0
2638507	0
14075620	0
1667096	0
16004945	0
43233616	0
19521963	0
23113920	0
5043024	0
1473554	0
12722752	0
2604945	0
27952405	0
20353210	0
10581976	0
35432061	0
6806137	0
29797103	0
15046521	0
40323831	0
4640967	0
23574292	0
8701665	0
8100893	0
43680883	0
532090	0
1418	0
32521489	0
27960979	0
26671429	0
2281945	0
37277337	0
19825876	0
17967027	0
747751	0
24555049	0
25763732	0
24179630	0
45155456	0
12940447	0
827910	0
5012809	0
20762030	0
18647687	0
11629135	0
1135560	0
15056561	0
23020451	0
3819178	0
1063478	0
4299793	0
9850876	0
3898023	0
2945847	0
174149	0
12779660	0
15520883	0
1486798	0
41614919	0
17490275	0
25219119	0
11542243	0
20536490	0
3213822	0
3263284	0
1700738	0
44890951	0
573710	0
17791436	0
4635440	0
13075610	0
47742	0
915079	0
23157441	0
30858268	0
2095515	0
27700318	0
4825151	0
3618739	0
6960851	0
1439091	0
40226779	0
2460963	0
6711211	0
13795141	0
21743456	0
14749841	0
22544879	0
13612457	0
11647540	0
24307075	0
333354	0
15600782	0
15142974	0
2191717	0
25452788	0
6361412	0
38590033	0
4841937	0
2939322	0
14235066	0
31661547	0
12311643	0
18183127	0
43754592	0
4462487	0
5095510	0
1667091	0
12223291	0
15952952	0
5014862	0
10405122	0
20895543	0
67441	0
4492516	0
34770821	0
31754231	0
4134532	0
42838966	0
27435513	0
10274141	0
5939149	0
13312820	0
5788333	0
12533594	0
1105163	0
10254911	0
5160745	0
2153131	0
46472292	0
602275	0
2043674	0
21406805	0
47924490	0
17930878	0
35200422	0
23910061	0
48474126	0
60061	0
5167046	0
3554708	0
45239477	0
10346278	0
848525	0
1112091	0
3387688	0
3783889	0
1753882	0
