41435420	1
10102623	1
7466355	1
16506	1
7228415	1
23763166	1
15341919	1
18597105	1
19370199	1
18662018	1
23587547	1
11124256	1
2570318	1
3240339	1
12106398	1
662079	1
6307591	1
5801544	1
18865612	1
4530019	1
3905854	1
894828	1
35777513	1
2568299	1
29154881	1
10128951	1
29003258	1
13464975	1
8430914	1
18532579	1
685780	1
3417273	1
1302363	1
855846	1
43412050	1
34891964	1
5943221	1
3028287	1
1856815	1
8630291	1
235952	1
25826008	1
3921382	1
10907872	1
22787923	1
3190390	1
4090396	1
18744768	1
34257148	1
31566075	1
12184920	1
36391122	1
18625252	1
4144437	1
36844991	1
12833478	1
974132	1
18462107	1
2179597	1
1340617	1
406385	1
41556460	1
1217373	1
2527501	1
36819975	1
18664195	1
26536750	1
27282617	1
12798404	1
37895611	1
4703739	1
25955974	1
36314303	1
2778716	1
25346686	1
3261858	1
1521605	1
14856523	1
6533783	1
25309028	1
34655042	1
40627880	1
18857504	1
18662052	1
14041307	1
261778	1
3761336	1
674928	1
907340	1
17703460	1
1551254	1
5180406	1
36614419	1
34892206	1
4097599	1
6495472	1
17011430	1
3310607	1
3385565	1
18301918	1
5476983	1
3284846	1
36602544	1
23681616	1
8528926	1
8712458	1
37648255	1
40627909	1
2024765	1
17316406	1
1580245	1
13594009	1
4670564	1
1158663	1
18666535	1
7292674	1
605660	1
41520173	1
2564268	1
34259500	1
13799769	1
702963	1
2474438	1
1846372	1
4248877	1
12556269	1
15209530	1
18666540	1
5376564	1
15033236	1
35779758	1
2490873	1
35726154	1
7879182	1
670394	1
38096016	1
11072154	1
24688882	1
8291105	1
5423719	1
27613520	1
2214042	1
12789942	1
4171702	1
163257	1
4064426	1
5768665	1
3812712	1
2564465	1
951637	1
3965343	1
3638090	1
924796	1
36818916	1
1673661	1
12446715	1
31549711	1
21110975	1
21628678	1
10861449	1
925348	1
2266917	1
11269361	1
16994672	1
4241766	1
465763	1
1027162	1
34236560	1
4518550	1
20106175	1
28800452	1
10144009	1
460995	1
5972057	1
30245777	1
2453505	1
23315554	1
13052465	1
1337468	1
28552518	1
47028645	1
12382578	1
17250008	1
18579266	1
17709102	1
615807	1
34004423	1
952387	1
36575326	1
1103143	1
31816203	1
21520332	1
4039035	1
7648788	1
905696	1
7335222	1
6517949	1
17503696	1
6709398	1
6018355	1
3166942	1
3285386	1
2056957	1
3806460	1
13315935	1
15339909	1
1471185	1
34257126	1
12713	1
3309347	1
67291	1
12901221	1
8918825	1
1595793	1
3308172	1
2458907	1
36734264	1
18814857	1
18850670	1
41265578	1
6724707	1
977412	1
4523306	1
22645934	1
25092167	1
522978	1
12595307	1
6994626	1
1214080	1
11152	1
34655431	1
24688860	1
812360	1
6737829	1
2676082	1
16122853	1
6868975	1
3832339	1
36692183	1
791375	1
5490745	1
205326	1
10553696	1
10573022	1
2868750	1
20038082	1
7319113	1
1575050	1
899753	1
15339938	1
28011415	1
20769054	1
18948324	1
34259499	1
926719	1
8778104	1
1102853	1
7388980	1
15227758	1
9038155	1
36586507	1
17213677	1
8889771	1
228617	1
4248638	1
19057503	1
18661883	1
13467878	1
6528178	1
2525877	1
8268816	1
4203377	1
2329474	1
3769807	1
2110573	1
5288187	1
18591713	1
1102009	1
7662204	1
8544333	1
22651163	1
39643	1
11321795	1
19061907	1
6601511	1
24688856	1
895341	1
568829	1
14065583	1
4256760	1
41442999	1
39215721	1
19767076	1
782187	1
6710049	1
34480458	1
35771796	1
28132281	1
26369751	1
4250770	1
31088050	1
28812317	1
6709329	1
36113822	1
41666497	1
40844116	1
34246789	1
20746384	1
1869714	1
755749	1
110158	1
5940960	1
36410606	1
15202035	1
4914382	1
13059056	1
10435920	1
923685	1
4852258	1
14389756	1
740966	1
2216824	1
21276428	1
4097016	1
20710559	1
9859483	1
34236406	1
36721634	1
3566277	1
3020011	1
4248399	1
4043616	1
6084275	1
28964457	1
36640946	1
12362023	1
1044538	1
1158514	1
20697495	1
913325	1
949624	1
26113731	1
3271648	1
31076853	1
17606508	1
4667370	1
219560	1
67116	1
2989740	1
1128785	1
31816449	1
31844033	1
7607127	1
6606972	1
18454300	1
36507947	1
36590132	1
941824	1
24029217	1
2086865	1
18829313	1
17907044	1
7212761	1
28831119	1
940234	1
12386570	1
10885406	1
14746243	1
33721206	1
18898455	1
18662212	1
2451413	1
3459448	1
805192	1
18469058	1
34257133	1
3487429	1
24947686	1
34854497	1
4060623	1
11361857	1
3342645	1
17580844	1
6366321	1
6518486	1
4116054	1
2016492	1
1138106	1
35833968	1
7084270	1
4212731	1
3377664	1
8239402	1
9000703	1
10709479	1
1158632	1
1636954	1
2580914	1
437329	1
24098312	1
15901161	1
4240803	1
930527	1
973106	1
7646151	1
2941116	1
1797392	1
4377319	1
17175561	1
928375	1
15012773	1
11318619	1
19023607	1
7628390	1
6959491	1
1834973	1
41550283	1
5193089	1
35699698	1
9508511	1
18301975	1
43062754	1
906021	1
18646525	1
3487384	1
4365555	1
2009387	1
18808327	1
1060107	1
34236549	1
7297706	1
29477789	1
6498036	1
15988247	1
18682872	1
25308972	1
17600848	1
158538	1
14703576	1
18882067	1
274895	1
25346780	1
1625446	1
19514051	1
21257470	1
34522145	1
350570	1
1079483	1
18662496	1
36342949	1
3223804	1
18931507	1
12019117	1
13852081	1
1717759	1
36577140	1
9626069	1
11741862	1
12115927	1
11372612	1
2944618	1
709221	1
14654737	1
21700074	1
19136515	1
1665597	1
31089018	1
5046742	1
27999	1
14837244	1
8889266	1
41585935	1
30534606	1
912441	1
15311937	1
4168085	1
3951591	1
18508932	1
617891	1
3961247	1
920556	1
17610395	1
967697	1
21445887	1
657825	1
7504361	1
15590982	1
34881913	1
7884092	1
1204998	1
32578400	1
36365385	1
3797307	1
904730	1
8465797	1
23883619	1
35699687	1
1346412	1
14158376	1
764659	1
3448063	0
1874533	0
31347927	0
44261922	0
743844	0
36843045	0
726986	0
6776779	0
43574686	0
3746507	0
23878342	0
5761761	0
30863507	0
2638090	0
226740	0
7124118	0
41565544	0
43312478	0
32338680	0
1238324	0
28203908	0
18690279	0
8096621	0
29533784	0
3670964	0
13908998	0
24655114	0
24853311	0
108691	0
18990096	0
22373257	0
893303	0
12436122	0
19883	0
9345737	0
16723971	0
6823515	0
392066	0
11788416	0
5194492	0
1167015	0
44240	0
3568151	0
38497755	0
883737	0
26892571	0
1091978	0
4356151	0
16657888	0
19848340	0
138816	0
10483327	0
414618	0
3964529	0
35188336	0
11122647	0
26462137	0
8291794	0
8344181	0
15918317	0
7309003	0
22648410	0
46439	0
139618	0
48600	0
1438587	0
12461074	0
11765790	0
1194690	0
3723095	0
7290472	0
40833338	0
2598329	0
25292044	0
39821686	0
1668399	0
46690040	0
128585	0
963686	0
6800756	0
25254497	0
22104420	0
4667218	0
11014255	0
2719209	0
14689076	0
12109501	0
43749579	0
158567	0
2973259	0
12724156	0
15181774	0
47557437	0
25883709	0
3103016	0
35763909	0
31088286	0
161302	0
4104429	0
91579	0
5528744	0
26578474	0
4241761	0
13226771	0
25709692	0
12513388	0
12655463	0
20094869	0
7897436	0
43047967	0
15956667	0
3180857	0
583932	0
44695843	0
28787778	0
34793835	0
540245	0
4017375	0
6106575	0
10986212	0
3136135	0
30614514	0
31121829	0
1282104	0
1364085	0
5736112	0
5739730	0
14125320	0
1210346	0
156559	0
1004421	0
30270885	0
30138316	0
2039455	0
2615877	0
4828036	0
416361	0
40581436	0
8115027	0
6332981	0
510884	0
7706022	0
47227141	0
33942846	0
18213091	0
12693373	0
3131557	0
13004245	0
42440234	0
24846190	0
2365236	0
1648037	0
39397984	0
34373874	0
35547525	0
124367	0
33907172	0
40285670	0
48387724	0
7507427	0
47622436	0
2006306	0
2572256	0
38499035	0
33514363	0
10009889	0
22279909	0
1113713	0
12041519	0
41728583	0
85080	0
9083419	0
24404491	0
10236819	0
24154430	0
353400	0
30583628	0
640725	0
88916	0
23647632	0
37926754	0
7406523	0
29469373	0
31623231	0
494171	0
37754737	0
18830845	0
8729851	0
251316	0
49344724	0
41686960	0
325332	0
37538106	0
2072697	0
8439724	0
109303	0
19396940	0
4524296	0
6682533	0
328386	0
220606	0
11264689	0
32362205	0
46819199	0
23472411	0
107094	0
577888	0
386717	0
234798	0
1222323	0
6014795	0
33802540	0
15031324	0
4076952	0
148025	0
6457618	0
1491612	0
926731	0
13218560	0
109329	0
18423417	0
22706149	0
37830534	0
6533544	0
43419658	0
32911882	0
1300511	0
46857594	0
24773795	0
6272470	0
35943289	0
20332991	0
723810	0
616620	0
991883	0
5727473	0
45386341	0
10050422	0
139848	0
27040723	0
6265992	0
6822675	0
9642560	0
33739222	0
9208639	0
44564789	0
27124189	0
24311172	0
24050510	0
6311881	0
23926864	0
23652100	0
15160785	0
13058718	0
129613	0
258736	0
30316658	0
40380617	0
1615293	0
26473639	0
6074626	0
21734814	0
1192730	0
28034376	0
38950516	0
34020567	0
13795989	0
6708314	0
42542965	0
15280082	0
7243319	0
9634480	0
32433917	0
24238994	0
1963769	0
7349516	0
3474384	0
1027104	0
250349	0
14671096	0
44351276	0
18617281	0
14438493	0
46847494	0
3939145	0
8315600	0
8649245	0
2093074	0
11919663	0
3044366	0
203455	0
1867716	0
5524350	0
151498	0
3528507	0
6967428	0
1214527	0
12879183	0
7922647	0
1185650	0
44189116	0
12618590	0
160700	0
45313801	0
966037	0
9636088	0
2400183	0
1692482	0
1429906	0
14740482	0
18700681	0
350329	0
33810529	0
33755363	0
23846287	0
5505204	0
6108835	0
38151197	0
742098	0
34547989	0
9348430	0
26876605	0
128655	0
17145298	0
20375154	0
36160257	0
33730216	0
4409556	0
36733774	0
27698663	0
1888141	0
1187124	0
136943	0
14795712	0
14771425	0
494482	0
23916118	0
3566083	0
12192149	0
25821708	0
2858914	0
8650875	0
18492689	0
11587808	0
289785	0
7604296	0
2154748	0
376949	0
12199883	0
34276139	0
15298519	0
2009858	0
26156496	0
22810058	0
292598	0
212504	0
41609769	0
14803542	0
105190	0
4743686	0
2838334	0
2200822	0
5477737	0
44717635	0
24609453	0
10044891	0
11052347	0
3521944	0
17554677	0
22746193	0
504056	0
36381933	0
16037457	0
16363436	0
1416792	0
2861967	0
44712252	0
7503223	0
27825991	0
2221609	0
29039867	0
12435116	0
33608509	0
6265628	0
568120	0
1215236	0
1133059	0
6145345	0
5022959	0
296560	0
7897012	0
1081839	0
37462965	0
19554235	0
14991588	0
538880	0
2284240	0
5149651	0
12380372	0
24860019	0
4783155	0
18099101	0
46671885	0
12756106	0
6174728	0
17296469	0
22398619	0
1114004	0
1514144	0
14431404	0
33089851	0
886294	0
20584921	0
31654888	0
18909	0
3856911	0
246559	0
2353745	0
452471	0
5401699	0
1362960	0
217558	0
39671716	0
6657274	0
21313402	0
10931821	0
23955819	0
20986035	0
133992	0
3476025	0
8478622	0
4720312	0
13870395	0
133911	0
9770405	0
12268131	0
23280562	0
1074383	0
5795028	0
377428	0
4984102	0
39383817	0
691692	0
399720	0
1388818	0
5094347	0
34977479	0
9990595	0
11169003	0
625692	0
2115362	0
44081662	0
15923424	0
2695464	0
12672946	0
45157762	0
36540398	0
30520047	0
1133109	0
15421359	0
48807504	0
1563002	0
23043703	0
8630451	0
40802662	0
603096	0
7001913	0
22011755	0
597542	0
1019326	0
4487560	0
25111688	0
4904150	0
10402533	0
113774	0
2136978	0
390939	0
30272825	0
2080362	0
2429882	0
7574360	0
448763	0
6029822	0
13498354	0
8300877	0
16849356	0
12849794	0
30601864	0
35058125	0
40245457	0
1470383	0
33187559	0
29449348	0
313268	0
20482873	0
12051797	0
29490893	0
84899	0
22081791	0
18102109	0
