1504343	1
15777520	1
17416596	1
13872315	1
4227	1
11544608	1
32974353	1
13353358	1
3237968	1
8150250	1
24070268	1
35515	1
683636	1
1761225	1
1190669	1
17029090	1
112351	1
131777	1
314821	1
190441	1
11026698	1
2409441	1
433095	1
1194370	1
3248466	1
3095391	1
569100	1
24548569	1
9167150	1
1069413	1
10699511	1
20302732	1
545343	1
7473075	1
4811608	1
206775	1
34521008	1
22202066	1
794342	1
11630768	1
220565	1
5578105	1
1927563	1
33287010	1
1802079	1
26117532	1
1085604	1
26108223	1
133370	1
278427	1
11495977	1
360448	1
5688616	1
172553	1
312871	1
124937	1
6812078	1
488974	1
419686	1
1766507	1
979264	1
385000	1
143069	1
31564996	1
7031031	1
12348538	1
15626	1
333091	1
15685955	1
90562	1
21094494	1
792248	1
467579	1
238503	1
39646202	1
40725335	1
134322	1
61263	1
2441153	1
30278756	1
11930974	1
735929	1
5550151	1
12997302	1
621455	1
16796812	1
7411165	1
1543907	1
45675800	1
17676038	1
12885790	1
1253093	1
12318617	1
206693	1
218299	1
134105	1
132325	1
14987875	1
841094	1
91943	1
263753	1
4987426	1
1420780	1
1801364	1
4689264	1
1493556	1
1776845	1
735194	1
1539128	1
3487869	1
10745460	1
32467853	1
36576130	1
1971257	1
617375	1
35041861	1
10321623	1
279669	1
850123	1
22478655	1
100521	1
649072	1
13925325	1
1101461	1
22748391	1
7245881	1
451068	1
18933550	1
700	1
559932	1
3040123	1
2310276	1
2168206	1
29778	1
142844	1
30875118	1
394949	1
21812691	1
31607049	1
28909142	1
3388121	1
32312078	1
17530264	1
68485	1
115137	1
844379	1
920157	1
16647548	1
15271760	1
10603921	1
11299991	1
13405424	1
2997694	1
25728171	1
1958457	1
12834270	1
1537040	1
94211	1
27207475	1
1463649	1
92133	1
983558	1
3117391	1
827330	1
17039851	1
19345255	1
56578	1
746774	1
17642208	1
22082201	1
34638125	1
1874988	1
206518	1
1205569	1
53270	1
39136656	1
26747026	1
27270232	1
3577885	1
28835845	1
9104198	1
13811243	1
43875205	1
28714046	1
3180628	1
343142	1
14690524	1
476068	1
17071033	1
13123188	1
60284	1
93347	1
574479	1
6487785	1
261178	1
558393	1
13082761	1
797707	1
259405	1
30908	1
22314738	1
46520655	1
20893577	1
24636087	1
4982688	1
6310	1
25933834	1
489001	1
1078628	1
66240	1
4255813	1
43630464	1
3843674	1
17745471	1
1307241	1
142464	1
9178419	1
748660	1
1392931	1
1029819	1
463873	1
2672763	1
9698171	1
45185	1
6824	1
21104942	1
1607103	1
3526096	1
392143	1
452246	1
2091387	1
310802	1
134361	1
30519666	1
256406	1
1958366	1
124770	1
392191	1
21085629	1
5538521	1
7447785	1
14507841	1
193435	1
46778965	1
2215312	1
55097	1
423430	1
2287845	1
37823793	1
15145362	1
8889862	1
17102611	1
25710000	1
225453	1
457101	1
1556369	1
1128987	1
14370439	1
323292	1
19587033	1
916301	1
905817	1
7363218	1
10294774	1
15034690	1
3925888	1
511892	1
103020	1
2209611	1
28135485	1
36035560	1
3512281	1
2042	1
224675	1
2795996	1
403417	1
438202	1
555255	1
129430	1
11204239	1
475882	1
295367	1
16907196	1
917153	1
150463	1
14463498	1
22686779	1
871497	1
10487450	1
5898982	1
41371158	1
1614403	1
17843	1
36153010	1
3709783	1
18541318	1
496799	1
33009797	1
5649426	1
1125808	1
17710351	1
315701	1
5154350	1
4405330	1
3777872	1
24813260	1
1171657	1
28793742	1
917578	1
45599608	1
39351377	1
18745264	1
3456870	1
23981707	1
40138966	1
3397840	1
2168853	1
44928602	1
25794	1
561253	1
380087	1
725271	1
969666	1
29316098	1
810783	1
18201	1
5174545	1
762405	1
993518	1
2461715	1
158938	1
1105323	1
667433	1
8619514	1
11576204	1
8525556	1
2263197	1
2915164	1
1203027	1
618921	1
5730387	1
1978269	1
25778616	1
1416464	1
91044	1
972202	1
2501690	1
115365	1
6488742	1
1494750	1
523517	1
239958	1
625261	1
307	1
3367933	1
1199173	1
1031593	1
658957	1
238122	1
61506	1
108820	1
1524479	1
19329899	1
8269065	1
554718	1
1396742	1
728939	1
633421	1
44370677	1
21541523	1
966521	1
547699	1
8150189	1
143587	1
391882	1
4783088	1
28803984	1
250787	1
530465	1
27134463	1
16725902	1
3854436	1
2240218	1
752903	1
6176	1
366490	1
116713	1
525038	1
355917	1
446099	1
1291825	1
32829989	1
1394541	1
1331511	1
1561462	1
2262138	1
7032516	1
28013242	1
31638720	1
134312	1
42165526	1
1570884	1
3679024	1
22412624	1
3849305	1
102123	1
196198	1
7294618	1
4233202	1
3512110	1
12255481	1
137686	1
1034243	1
32941961	1
1815696	1
33015650	1
30870710	1
1583685	1
344347	1
2448033	1
16754989	1
20294688	1
357005	1
8410468	1
43845714	1
5266671	1
7218177	1
635536	1
8265990	1
34672392	1
10257304	1
907375	1
5618803	1
208480	1
32288185	1
28350344	1
977989	1
42224461	1
312859	1
2209127	1
313064	1
43814944	1
2611670	1
504974	1
3564475	1
2810532	1
32056116	1
29159372	1
300692	1
95588	1
40966949	1
8798035	1
3050854	1
962122	1
3337230	1
2876846	1
18973869	1
891158	1
2162718	1
1560109	1
65693	1
635048	1
6449248	1
13559419	1
1178175	1
26552124	1
12215134	1
35254599	1
3560211	1
24679440	1
473419	1
2547496	1
1518231	1
1587726	1
5804307	1
13541055	1
32431837	1
15781	1
53819	1
13270137	1
2579292	1
3451365	1
6723079	1
127058	1
538842	1
16767019	1
249114	1
110265	1
22683138	1
410215	1
26373986	1
65137	1
2595165	1
21669997	1
256970	1
700205	1
11630988	1
37020009	1
108920	1
31378000	1
34897881	0
23593860	0
10204161	0
2542104	0
8230757	0
28099290	0
1807267	0
1879615	0
5129526	0
1867634	0
11047866	0
5645266	0
14680365	0
29142553	0
31593472	0
20390145	0
7095806	0
17157745	0
8869947	0
25817338	0
9301034	0
305765	0
1188824	0
489339	0
2519092	0
479007	0
12037876	0
29161	0
5812866	0
20296273	0
9203780	0
13799792	0
25533870	0
6145371	0
195011	0
1634650	0
20090151	0
28892023	0
47989065	0
11975096	0
30423025	0
4072108	0
4746880	0
6823354	0
28918393	0
451181	0
2909687	0
197558	0
37919456	0
5180201	0
40132846	0
8270083	0
38293436	0
36063832	0
6728942	0
3212347	0
32720952	0
42066155	0
8617622	0
189596	0
3158434	0
6816362	0
5123560	0
9559159	0
128054	0
7840346	0
8366107	0
1615009	0
10927381	0
23548741	0
3493238	0
483421	0
19392887	0
2168838	0
308418	0
1823920	0
14886196	0
60133	0
20921084	0
39159786	0
2185648	0
25596	0
10405820	0
1302664	0
40050496	0
33491817	0
38155674	0
3428046	0
7029956	0
37772203	0
4988917	0
13642964	0
20695625	0
8642646	0
4038295	0
10541472	0
68318	0
18610344	0
5321808	0
16258779	0
556385	0
132178	0
12973724	0
39638417	0
2513302	0
6127577	0
31154533	0
7397035	0
35085157	0
6719628	0
3522238	0
484849	0
19489129	0
11301398	0
5673246	0
6901252	0
8810361	0
798426	0
17671080	0
14312828	0
3353177	0
31362259	0
2144538	0
22688074	0
631050	0
17576975	0
4053350	0
180697	0
36661888	0
913603	0
967898	0
3976656	0
32027004	0
2987856	0
228736	0
19657646	0
268940	0
16838230	0
417279	0
30426657	0
19420185	0
420126	0
13588191	0
47783763	0
33568375	0
20098567	0
1199200	0
4833778	0
316532	0
37408017	0
20082173	0
91484	0
13221630	0
15343893	0
7404462	0
28345076	0
13159355	0
2236475	0
48732376	0
4954199	0
37933463	0
1899924	0
2535966	0
2681124	0
30366958	0
200335	0
19513253	0
2298250	0
117334	0
16272621	0
16757836	0
3959186	0
6793091	0
1530767	0
18713	0
14541426	0
10261376	0
2935599	0
34578203	0
22292432	0
38604171	0
33987266	0
46258624	0
2552310	0
16538650	0
5334191	0
20216966	0
40708856	0
5687266	0
1665725	0
23974609	0
43665668	0
7146860	0
1267557	0
4112489	0
14719533	0
14434284	0
34691088	0
5390925	0
193862	0
9465979	0
33809041	0
8099036	0
66852	0
4521189	0
8035472	0
1532344	0
44031459	0
36987399	0
1683705	0
909549	0
5485286	0
11954274	0
22548140	0
540573	0
1166453	0
18662018	0
23898624	0
25541113	0
630207	0
46797	0
3663358	0
2967054	0
6701871	0
13133029	0
2300558	0
186584	0
11278	0
52222	0
31770834	0
14836204	0
36625805	0
22578897	0
3125454	0
5592415	0
4620128	0
4699100	0
6477114	0
22098492	0
2078701	0
2376155	0
2647769	0
20973474	0
5734284	0
26683772	0
14927312	0
8139558	0
12933135	0
15104343	0
25597596	0
23905427	0
3347573	0
18011658	0
250471	0
41328676	0
3941571	0
13725461	0
747751	0
1645849	0
18970811	0
1027889	0
7010611	0
12725611	0
16083009	0
14285035	0
9956305	0
11904555	0
3193071	0
8659142	0
1639140	0
7937018	0
750570	0
16591120	0
10618883	0
8801772	0
16657508	0
24530826	0
30891535	0
238811	0
25840574	0
80356	0
4143898	0
6551171	0
16276334	0
46766538	0
5481439	0
43846054	0
22210380	0
9583109	0
32829237	0
12576523	0
24756561	0
7844171	0
24233760	0
2403417	0
4490113	0
504062	0
4527153	0
1959094	0
35410766	0
1820168	0
30353548	0
15914777	0
8105876	0
43792163	0
3643498	0
2312956	0
8517176	0
9571671	0
27460991	0
3987921	0
6860850	0
22654055	0
19340760	0
180964	0
32655189	0
20581332	0
33054148	0
24690643	0
46908341	0
2359896	0
7157929	0
633615	0
16743265	0
108328	0
8376526	0
16804783	0
14741343	0
13815292	0
8727345	0
20886703	0
45591560	0
22338648	0
32462376	0
34119133	0
7401467	0
2224143	0
351530	0
10709605	0
48936272	0
43808573	0
2313814	0
32677320	0
580580	0
2645890	0
43685683	0
8117382	0
12758402	0
21931987	0
44223845	0
7557321	0
22116798	0
35035996	0
31015592	0
40493225	0
3335643	0
14750893	0
42713479	0
1830050	0
5189272	0
43671344	0
27833441	0
14554698	0
30215324	0
17588870	0
37774177	0
25582905	0
1147517	0
4993064	0
10089913	0
14972873	0
1282210	0
25002199	0
3692436	0
43076136	0
46646126	0
8731141	0
136996	0
3229033	0
37626180	0
27795419	0
989880	0
22912330	0
5882706	0
132502	0
2441853	0
15627254	0
34020301	0
77178	0
26344210	0
14613739	0
23795417	0
2100039	0
162436	0
3697553	0
616252	0
12790322	0
47862438	0
31172492	0
23122030	0
3276423	0
767220	0
20029053	0
5940619	0
3929855	0
7358501	0
30601472	0
4118058	0
2228748	0
1872160	0
25449154	0
33997004	0
34596316	0
23314720	0
43078298	0
2630897	0
6839985	0
1338702	0
30605498	0
2159902	0
5367300	0
2516600	0
107030	0
29342180	0
1177806	0
34398058	0
6883730	0
6826741	0
35623782	0
36597758	0
22357909	0
1901912	0
4512944	0
37438032	0
41201986	0
47177282	0
11485867	0
8986539	0
334750	0
15892617	0
19789915	0
10865515	0
30864842	0
3217574	0
22571571	0
11130630	0
40008467	0
10925005	0
801822	0
48559984	0
47297521	0
555818	0
11494332	0
6858503	0
4394782	0
38700029	0
33890555	0
2704816	0
20037960	0
27668546	0
36916966	0
42681532	0
25196454	0
13832226	0
6409510	0
7254206	0
26966227	0
35030678	0
7348578	0
1219171	0
38005080	0
18706112	0
8606712	0
2801242	0
4655918	0
3288521	0
39092302	0
626504	0
2532228	0
40546158	0
6392327	0
1502427	0
9290182	0
274319	0
28745624	0
6088073	0
18720522	0
26059900	0
1700430	0
47602867	0
11456236	0
24620630	0
63205	0
4297600	0
23248733	0
8521110	0
10830251	0
5715681	0
22535691	0
37205081	0
