11117749	1
298180	1
5043337	1
2771093	1
40254589	1
912798	1
36918595	1
14404555	1
26917289	1
2006927	1
1641707	1
40108387	1
26974355	1
28829455	1
87644	1
7089314	1
12646661	1
59926	1
1085199	1
22343176	1
193995	1
402433	1
28873960	1
12175310	1
2178425	1
998335	1
7534367	1
15927483	1
403286	1
5747954	1
217749	1
1326008	1
7713064	1
1856038	1
497924	1
321734	1
148465	1
16822910	1
24686224	1
26847	1
37668621	1
1132032	1
9315022	1
204019	1
1299729	1
3417564	1
25529159	1
24986766	1
13116347	1
15441225	1
24793666	1
22197563	1
481569	1
69541	1
967091	1
20576901	1
1184331	1
545351	1
3057214	1
1495875	1
3987279	1
799878	1
54247	1
10452604	1
640414	1
25857222	1
144439	1
4012860	1
3679422	1
1553	1
3984940	1
42595708	1
1216468	1
111035	1
3885485	1
974388	1
1769471	1
27434531	1
25986941	1
6813298	1
460249	1
7655460	1
24618771	1
22746723	1
9998720	1
44218	1
21574339	1
2666920	1
16809127	1
13984148	1
19412016	1
58090	1
36192257	1
409842	1
61058	1
43760361	1
8337918	1
924081	1
2669111	1
523777	1
151442	1
6585	1
8947153	1
24537060	1
12016490	1
19981114	1
12644672	1
31794540	1
483539	1
1840166	1
10879165	1
216314	1
5494233	1
34392143	1
42624	1
180528	1
24495975	1
180914	1
21450155	1
52201	1
865064	1
6703356	1
80899	1
3430707	1
24198825	1
39389916	1
22725273	1
29582559	1
157746	1
69530	1
33107510	1
536786	1
4688574	1
38604063	1
29144693	1
784433	1
3339200	1
28039598	1
26428048	1
2816303	1
748736	1
1250474	1
8374505	1
27016802	1
832528	1
25908726	1
73475	1
44377434	1
2638651	1
328998	1
1413074	1
21472743	1
7709354	1
10648929	1
1662	1
24073408	1
21784005	1
2685723	1
27131300	1
1514789	1
29579542	1
37342	1
46197176	1
1642104	1
15007082	1
1416655	1
187100	1
12416709	1
29949984	1
6873976	1
77144	1
117990	1
11594636	1
22507490	1
29433305	1
1468438	1
40593198	1
1925994	1
36114733	1
33529086	1
21906210	1
22383731	1
1818070	1
15688542	1
11294189	1
176384	1
1011435	1
58186	1
518073	1
22219307	1
1507855	1
193693	1
29027022	1
48303	1
19099977	1
892721	1
31314718	1
40145816	1
330417	1
385386	1
17463251	1
32839428	1
58925	1
27171366	1
18756704	1
16861	1
3758399	1
727024	1
1885974	1
2672430	1
547811	1
10348437	1
5684757	1
33887289	1
1115725	1
4342805	1
3310921	1
6440812	1
1680901	1
38827962	1
9235886	1
6175226	1
2777934	1
14207053	1
24028744	1
939602	1
36841964	1
788439	1
48503	1
1647985	1
39169903	1
52592	1
2961952	1
5451184	1
21604528	1
5799035	1
280856	1
6268237	1
74573	1
17974635	1
11389205	1
28483661	1
19523492	1
14665309	1
25917868	1
62360	1
9963200	1
80441	1
28373184	1
3797040	1
102739	1
43361804	1
13412293	1
3883323	1
18785212	1
7872719	1
19794238	1
29629011	1
6643907	1
29825083	1
9518953	1
899456	1
2818584	1
26942164	1
9003	1
39036773	1
100636	1
27109094	1
96232	1
7196517	1
21905123	1
23769319	1
14059415	1
39764	1
6839170	1
43861	1
31575908	1
293967	1
30872446	1
46284	1
325191	1
5449393	1
15920939	1
177739	1
21224308	1
77352	1
8569622	1
282964	1
48542	1
18959	1
13861985	1
35882240	1
3837909	1
25773822	1
21535816	1
26616635	1
295192	1
4437904	1
45670945	1
1264400	1
32117	1
22466985	1
2171606	1
765216	1
2256566	1
433228	1
9479220	1
502250	1
627987	1
4931638	1
25933153	1
4753536	1
2807845	1
508609	1
30864773	1
2818875	1
1487729	1
3488079	1
212370	1
25565672	1
6542638	1
191174	1
29627651	1
4677497	1
9385350	1
24373999	1
9125692	1
14291318	1
4466152	1
1943050	1
17873681	1
1436251	1
1229652	1
41598742	1
589960	1
3878645	1
27802659	1
2256866	1
548478	1
52139	1
1954966	1
39202069	1
26149362	1
309667	1
1857500	1
2522403	1
331863	1
127169	1
2300939	1
5506944	1
7968235	1
26879529	1
30196065	1
436925	1
41625615	1
548374	1
1940718	1
2290517	1
14490922	1
2435810	1
535969	1
12495326	1
17736253	1
27247575	1
494618	1
470826	1
4467135	1
1612671	1
37998	1
7589230	1
18705394	1
5596058	1
1452683	1
168473	1
1466748	1
2028717	1
24096132	1
2677483	1
36928272	1
9334601	1
2252908	1
25521644	1
4760121	1
19607695	1
11548593	1
703453	1
12537789	1
25653646	1
18082873	1
29965990	1
190383	1
12333	1
211458	1
21253406	1
27315074	1
18080334	1
1187796	1
2443925	1
1549673	1
14349792	1
7651004	1
1824985	1
235994	1
2292984	1
1354231	1
27898517	1
45896	1
31542	1
21573	1
1156244	1
2255460	1
2804057	1
8075394	1
875942	1
35386806	1
24706791	1
8716518	1
23837220	1
10787012	1
193154	1
900573	1
11684683	1
52392	1
2475792	1
287788	1
16378359	1
588807	1
613424	1
12469800	1
69930	1
8794948	1
1861441	1
33051401	1
7586510	1
40056214	1
1603518	1
29145252	1
3085202	1
44342263	1
1430549	1
208580	1
308162	1
194128	1
600039	1
19918607	1
1925768	1
179015	1
8233516	1
1095869	1
44121136	1
40107478	1
19534738	1
161352	1
43084	1
5038124	1
1101261	1
21038010	1
728715	1
8518139	1
28900288	1
1034614	1
18480168	1
16024	1
32396200	1
1389062	1
3263828	1
80362	1
5831342	1
169157	1
529875	1
25025318	1
26848833	1
11032588	1
6043695	1
388159	1
33434044	1
14048522	1
869917	1
21895484	1
2218233	1
155772	1
16302798	1
2183166	1
1640468	1
18449460	1
36596097	1
175581	1
5952838	1
41616309	1
176083	1
4454847	1
1584494	1
12254887	1
16763858	1
5605150	1
2755405	1
3163643	1
585205	1
9854117	1
11044330	1
2362684	0
3086544	0
9978289	0
2056345	0
21876167	0
31118406	0
304812	0
9001913	0
372764	0
1575587	0
11045671	0
35224220	0
623579	0
6753994	0
9994150	0
882499	0
8336438	0
3867717	0
24205476	0
8999782	0
120277	0
7714007	0
15546676	0
2054404	0
4881630	0
38846008	0
1672884	0
37268769	0
25553347	0
1957773	0
29407	0
4285200	0
2536568	0
447967	0
30870558	0
19355084	0
28813666	0
18906820	0
17047535	0
2049673	0
7093188	0
7840676	0
5407027	0
11186807	0
41670979	0
11742708	0
110166	0
42752690	0
999996	0
25476186	0
11790207	0
44845536	0
39110728	0
28067107	0
2541825	0
3622360	0
8745724	0
7480947	0
19723	0
2119070	0
13247106	0
4180750	0
56232	0
16360339	0
21205221	0
36834512	0
40573452	0
3494676	0
34291645	0
1781612	0
13017156	0
1196224	0
11675779	0
300242	0
1291841	0
1031530	0
29717105	0
33718	0
34124489	0
594871	0
4754	0
23700037	0
35147951	0
11437071	0
19421320	0
154282	0
14140572	0
155518	0
2517053	0
5545168	0
1418074	0
15331597	0
111633	0
31513648	0
22051334	0
4434093	0
35092208	0
1718420	0
23664897	0
8688036	0
1836188	0
1958460	0
8098643	0
1093948	0
23281702	0
42059138	0
2751585	0
4537301	0
3774546	0
8006285	0
11566352	0
7452193	0
41467400	0
5689729	0
9956859	0
1738019	0
22069258	0
8544607	0
24911432	0
23313798	0
6463356	0
25354757	0
12956359	0
30530455	0
41975158	0
352422	0
4475738	0
24061003	0
40270632	0
37321004	0
5006669	0
17972474	0
13904266	0
384063	0
20998118	0
222589	0
18110545	0
5053063	0
5620890	0
43021659	0
4219465	0
18142299	0
19715570	0
5801514	0
6135756	0
25666626	0
32089815	0
24738875	0
4202847	0
38094431	0
10976302	0
192093	0
1808394	0
494554	0
38975825	0
16388799	0
15320609	0
33658992	0
15635868	0
37365023	0
24388439	0
6940342	0
20818814	0
12108646	0
7581752	0
46675521	0
8820842	0
69605	0
31840633	0
2553758	0
8014262	0
1104682	0
15027211	0
2136417	0
47164356	0
1889132	0
43707015	0
138149	0
37688824	0
26582337	0
2799016	0
11849870	0
5507452	0
43706946	0
46590233	0
31346206	0
2155134	0
47685954	0
2956512	0
9424658	0
173225	0
480153	0
22911878	0
6853619	0
27002245	0
16685487	0
8017479	0
14522824	0
24981517	0
5687251	0
23727053	0
38588496	0
5719828	0
36706357	0
3711965	0
11307139	0
2973807	0
41138201	0
28539694	0
13837430	0
1219207	0
1396105	0
41261634	0
9866759	0
15769605	0
2868423	0
15553267	0
2049425	0
6264042	0
321646	0
26536263	0
14335628	0
38526725	0
32545435	0
33032163	0
25950030	0
39469016	0
73649	0
12102309	0
6421382	0
9728333	0
39137575	0
14664280	0
13679495	0
26914675	0
30576942	0
6144379	0
34656002	0
276463	0
6246473	0
20561	0
46735328	0
14336750	0
2169697	0
17455588	0
25421166	0
21985578	0
7407593	0
20216460	0
7350177	0
38461491	0
10409951	0
2320029	0
1444627	0
1088890	0
30176950	0
5679327	0
2739541	0
26731788	0
987535	0
1702653	0
25533929	0
19392800	0
14342343	0
5948292	0
11505388	0
18590202	0
2636467	0
1436404	0
36826334	0
470073	0
1991935	0
39792888	0
29927159	0
4463651	0
40074576	0
2237581	0
21231632	0
29200403	0
275156	0
6211470	0
1501917	0
22999248	0
11372337	0
18318432	0
41344024	0
1220137	0
10243671	0
3443548	0
30222721	0
46217925	0
18504305	0
2947760	0
46308535	0
45433058	0
36317174	0
6434117	0
10717046	0
6945112	0
25625583	0
5610193	0
4105894	0
15513832	0
1438803	0
36058706	0
5416870	0
2736150	0
2887903	0
370151	0
23414003	0
154396	0
1486814	0
45042617	0
41133780	0
33215415	0
9848446	0
11073381	0
25708565	0
13240649	0
13429716	0
681357	0
23626266	0
603387	0
25881327	0
8649682	0
1061968	0
29291873	0
10259578	0
12187190	0
5665437	0
30267454	0
2830314	0
21422764	0
37281060	0
14061303	0
5940145	0
1245556	0
8754532	0
3487843	0
6994388	0
2616350	0
11857706	0
6788364	0
36887765	0
45291366	0
42475875	0
2233949	0
804426	0
12240638	0
452735	0
377384	0
9193972	0
5103561	0
48919350	0
11662917	0
19846939	0
7363375	0
2417479	0
9653748	0
20564301	0
152995	0
19138033	0
2122663	0
1934047	0
42308924	0
9430966	0
7599628	0
3349149	0
816309	0
7882676	0
389602	0
3009320	0
23940708	0
6934967	0
3037692	0
2680742	0
2454219	0
57357	0
8044	0
19859966	0
35654861	0
7379640	0
10389719	0
22082670	0
1017695	0
617337	0
15692953	0
188002	0
606932	0
418411	0
26209118	0
35656542	0
28892798	0
1436901	0
8411304	0
24511423	0
29784729	0
37287680	0
3770504	0
31611037	0
6455571	0
13710187	0
6431205	0
1138116	0
8262764	0
2662992	0
22830926	0
46498172	0
29534164	0
5642481	0
20016352	0
3633635	0
5907910	0
21525581	0
23551267	0
32621536	0
16079992	0
4559313	0
47540333	0
20025340	0
105137	0
24235178	0
6685175	0
24373420	0
24447485	0
2421712	0
3515189	0
305659	0
1277109	0
1776431	0
33552433	0
400037	0
1920326	0
42707581	0
27558196	0
16637172	0
30623275	0
3900713	0
9766869	0
967581	0
15800176	0
12173004	0
33538102	0
8481817	0
13473822	0
30446228	0
12491262	0
7933991	0
40762158	0
68193	0
4565686	0
240265	0
25000531	0
26278013	0
22751114	0
37010777	0
3154724	0
31063019	0
3864227	0
23585290	0
17370160	0
138374	0
996565	0
992200	0
43964464	0
11400394	0
6723726	0
36067324	0
8829320	0
48932933	0
10635448	0
1874229	0
44937320	0
630242	0
1931137	0
2249135	0
12621012	0
32699247	0
22198994	0
2836108	0
36666165	0
21774194	0
16102104	0
36711550	0
18287344	0
39385437	0
8138855	0
11690424	0
23392797	0
1010552	0
19654602	0
33073322	0
5497768	0
32151593	0
5121834	0
18553664	0
4723819	0
4693113	0
7883196	0
13063167	0
