268284	1
11937084	1
7161240	1
977044	1
393347	1
23331007	1
1377402	1
2034951	1
155572	1
9268833	1
18158404	1
705408	1
1990817	1
4827958	1
605886	1
9240668	1
15934453	1
310460	1
19805893	1
32323663	1
1882145	1
3735304	1
19221162	1
1263125	1
3744	1
18110273	1
3246101	1
916953	1
11896200	1
46252498	1
5143888	1
3302279	1
4886157	1
12333377	1
669110	1
2371099	1
7360078	1
2010232	1
5100361	1
7670195	1
29508762	1
600636	1
14052977	1
1765701	1
4878938	1
538304	1
37512299	1
372664	1
1627096	1
20110751	1
160810	1
10213241	1
2396667	1
18818451	1
30684108	1
23527179	1
15596981	1
6838505	1
2455243	1
16473046	1
22873548	1
47849140	1
5667867	1
16206052	1
105032	1
34295295	1
35562947	1
27347487	1
5531692	1
24695608	1
6236569	1
574985	1
39415205	1
2850182	1
1007205	1
27594539	1
9679620	1
5052909	1
31862710	1
43464	1
16651812	1
4399580	1
30560119	1
13455649	1
331582	1
3461004	1
1969519	1
21361069	1
5089139	1
7880845	1
944645	1
3924113	1
21340362	1
25156486	1
506003	1
2427995	1
12956649	1
3929677	1
5498489	1
7206205	1
1260815	1
1947716	1
905322	1
26564765	1
1595240	1
2463948	1
1031555	1
8300904	1
20645	1
15977195	1
752559	1
13073810	1
601664	1
2976231	1
4827642	1
14472345	1
1817849	1
6577803	1
308097	1
1601713	1
318804	1
44138628	1
5609541	1
16543640	1
36746407	1
3213734	1
2087249	1
8862386	1
675980	1
19173359	1
7555078	1
13530984	1
494902	1
18625	1
5690349	1
16402240	1
1831155	1
188301	1
17062126	1
2192708	1
3054059	1
22985419	1
28810589	1
4224288	1
26325493	1
27945593	1
485193	1
1607492	1
12016142	1
10562703	1
3336655	1
4250793	1
16144029	1
166993	1
936477	1
35432736	1
1364635	1
4587570	1
27196001	1
33752852	1
2350724	1
733959	1
481918	1
153615	1
324148	1
3135261	1
39394091	1
11895582	1
3571849	1
12348104	1
34717299	1
643219	1
4335133	1
1263010	1
17996335	1
24662979	1
20515315	1
2934286	1
4858583	1
6200523	1
1600809	1
43823577	1
26431235	1
4275115	1
11460095	1
1888621	1
41726158	1
1056933	1
1144143	1
34960360	1
30127340	1
1743447	1
10417049	1
1540800	1
1081989	1
167541	1
1013123	1
42618962	1
26198691	1
9869811	1
16857527	1
4183336	1
1090595	1
21911314	1
753155	1
12878265	1
2258516	1
22973164	1
4252798	1
8903059	1
9232321	1
861203	1
23213117	1
1637467	1
30787968	1
3737888	1
3558130	1
3620176	1
9265822	1
2238669	1
11266883	1
163029	1
17987826	1
20368572	1
2282006	1
2922783	1
6073482	1
37120437	1
6057389	1
44113059	1
19651175	1
1715574	1
4028678	1
4570548	1
7743662	1
2459497	1
5827427	1
33661651	1
15424400	1
727798	1
2533741	1
38288984	1
569885	1
3071419	1
18739257	1
26652144	1
13843802	1
11994292	1
25070133	1
1160179	1
7152733	1
3499093	1
1456002	1
1580564	1
6130983	1
17676405	1
10036685	1
3560486	1
950734	1
146005	1
27849940	1
3582677	1
15860207	1
498284	1
807842	1
2163977	1
1067067	1
9015571	1
39104726	1
26348257	1
25384253	1
2413574	1
17015795	1
3346282	1
15303379	1
6384275	1
460911	1
20729848	1
2917497	1
23233076	1
35896872	1
187115	1
421292	1
3466049	1
21046476	1
277206	1
6456884	1
3816183	1
2089324	1
33179322	1
22289519	1
16306624	1
39480813	1
9130063	1
2381683	1
53360	1
3142596	1
1596316	1
169507	1
1934197	1
349267	1
31833873	1
618682	1
1065580	1
29340015	1
24329140	1
2822534	1
8375980	1
8720252	1
399509	1
32466192	1
2041539	1
15135713	1
16813579	1
1405297	1
3234310	1
31400056	1
18823266	1
38555236	1
24479659	1
1570905	1
24620597	1
7094187	1
8563294	1
1986945	1
18933360	1
25728822	1
16334568	1
17987234	1
5749378	1
14490488	1
4047696	1
9157604	1
2337566	1
1008463	1
1432526	1
1472136	1
1983794	1
29459434	1
6309210	1
2268259	1
6494738	1
22760462	1
2703043	1
18817464	1
60231	1
28194865	1
5171569	1
3195969	1
1351128	1
27361036	1
221513	1
14254326	1
4665878	1
12203645	1
21374259	1
1332497	1
6875663	1
26175868	1
2637947	1
22452	1
7181846	1
35575283	1
44425475	1
34399950	1
21489585	1
1567838	1
1056589	1
2071688	1
2997276	1
7352560	1
2770744	1
45194656	1
14703178	1
20257275	1
33285275	1
8195445	1
414045	1
70315	1
4332319	1
4705707	1
144108	1
1121335	1
2884351	1
3055788	1
7452952	1
4622	1
16118515	1
215211	1
5781563	1
1339715	1
1186651	1
762775	1
464814	1
15941792	1
4403160	1
21466	1
4611283	1
31306385	1
27494237	1
18160076	1
1420774	1
12917062	1
1464113	1
1869875	1
4674822	1
1113812	1
4042720	1
1720492	1
563757	1
36198352	1
168556	1
20557216	1
21417235	1
33847040	1
54174	1
14232380	1
738670	1
10134807	1
5164749	1
39675028	1
10204337	1
2075197	1
11889384	1
30859453	1
24188096	1
1352924	1
1424945	1
2673131	1
26279395	1
167057	1
36388881	1
39818487	1
3163487	1
4874	1
11081644	1
5119089	1
716399	1
14221206	1
30023970	1
2455533	1
33650656	1
4879854	1
9509384	1
15192916	1
2393576	1
8563024	1
7158931	1
1853203	1
8789127	1
25571583	1
26178764	1
6906354	1
263390	1
18525958	1
41828575	1
3014843	1
4515832	1
11040148	1
11500268	1
387719	1
4868119	1
22063429	1
5154235	1
6562561	1
628302	1
7735112	1
34745223	1
37507552	1
36241096	1
2541685	1
35773899	1
8816632	1
45349318	1
1859543	1
1386264	1
3555143	1
3320113	1
726255	1
34817462	1
41261453	1
20268582	1
40446354	1
34043057	1
4958412	1
4102452	1
444716	1
13836956	1
543312	1
52770	1
210506	1
1659350	1
7677768	1
7353278	1
21113228	1
4585123	1
2455907	1
27367390	1
35067480	1
17602172	1
32873180	0
10658271	0
127043	0
23974552	0
9850538	0
1859597	0
16835709	0
47818534	0
5860333	0
19939140	0
19374319	0
34735635	0
24922620	0
6649573	0
156164	0
6930420	0
9811051	0
37511964	0
2784443	0
5263183	0
6875505	0
14909431	0
8936256	0
118133	0
284620	0
26087671	0
37655725	0
3090672	0
10838950	0
8243549	0
2591154	0
382011	0
3692207	0
29647814	0
10898154	0
12166931	0
13086868	0
1647177	0
3403112	0
1560968	0
5176562	0
32604689	0
21716330	0
36363840	0
14659763	0
13646205	0
1596912	0
5308747	0
41685397	0
12422439	0
3539097	0
38429022	0
41222283	0
21279332	0
18336329	0
172948	0
5233042	0
6389668	0
4177050	0
8471247	0
10691499	0
5141167	0
24104583	0
28140007	0
7602622	0
36035782	0
7512270	0
28934128	0
8451572	0
8886491	0
15790644	0
4016672	0
14011000	0
7427890	0
32280889	0
21116679	0
44162876	0
32661637	0
2464464	0
1204262	0
1032121	0
20126754	0
452242	0
15268434	0
313562	0
30207548	0
3506679	0
5396662	0
1651779	0
2029173	0
1818859	0
1020318	0
4763329	0
19847719	0
4238987	0
16672447	0
10073316	0
1531007	0
2832673	0
2428604	0
5483620	0
5093828	0
23752816	0
14268272	0
57909	0
129889	0
205812	0
8953479	0
9107556	0
26953889	0
814701	0
462141	0
10095838	0
372487	0
3011116	0
27899053	0
4539110	0
36656187	0
9197625	0
34380176	0
23205301	0
1166569	0
8855471	0
46782889	0
26620029	0
8757036	0
2397287	0
22894967	0
28238168	0
38010850	0
1863256	0
36822920	0
4168072	0
31284979	0
4925962	0
34489162	0
114982	0
23140722	0
128726	0
1238512	0
16932512	0
30941037	0
7840208	0
21733723	0
35086533	0
38713543	0
107934	0
492822	0
44396011	0
1657702	0
10975457	0
6930434	0
46894778	0
94253	0
2834021	0
5854839	0
35248394	0
333811	0
3865997	0
3416511	0
5857387	0
42174020	0
4274976	0
9156569	0
261590	0
1096181	0
30713789	0
11919481	0
7622742	0
287800	0
109901	0
1912160	0
4212932	0
16818430	0
29113365	0
4590826	0
120974	0
31048186	0
395374	0
6606630	0
39341555	0
19114936	0
9674475	0
39038428	0
12298572	0
25061416	0
7038046	0
10245129	0
2863102	0
3701516	0
462769	0
1327001	0
11640301	0
8484153	0
36549274	0
20020586	0
6826277	0
5026900	0
3439963	0
2904262	0
1912803	0
5486433	0
10512946	0
406050	0
10980009	0
31709145	0
112918	0
2025714	0
40189040	0
37094378	0
20929886	0
12518114	0
12483999	0
17243820	0
18628672	0
15088038	0
126379	0
259652	0
35775500	0
12462337	0
127513	0
6881249	0
46488721	0
17370002	0
1461656	0
2206019	0
5012846	0
3184146	0
9612582	0
37620634	0
8268816	0
11813321	0
30313591	0
15168751	0
6542501	0
28690111	0
16618751	0
12491394	0
2745436	0
4989849	0
41498	0
10999588	0
42086045	0
45296342	0
131583	0
2065094	0
3072700	0
23987906	0
36508640	0
21284222	0
3228149	0
8255512	0
6862130	0
3071697	0
134586	0
3587645	0
9703750	0
2816926	0
6829983	0
22688125	0
13331991	0
1723914	0
147566	0
10942961	0
238517	0
5804157	0
43392691	0
8462539	0
6276927	0
23388483	0
44332373	0
18493086	0
916129	0
11651341	0
42926743	0
10671513	0
1659360	0
2598077	0
45092963	0
16620747	0
96057	0
5151723	0
49544824	0
28116522	0
4296820	0
28261579	0
20820183	0
315482	0
5036591	0
23704637	0
714309	0
36202436	0
14070610	0
23957748	0
30404307	0
2770017	0
17934067	0
1540630	0
131729	0
14650	0
4554433	0
38500777	0
7997215	0
5690151	0
231554	0
2779278	0
1302568	0
8016366	0
38513597	0
27608073	0
124912	0
7747899	0
1466804	0
4220243	0
6196357	0
35178919	0
2067557	0
4258383	0
24598239	0
11773904	0
3578428	0
11884564	0
20891022	0
46932148	0
1694940	0
3375536	0
46325037	0
2804409	0
20142109	0
10122096	0
29479480	0
4531629	0
5458023	0
5589674	0
500399	0
31641459	0
4492249	0
6971483	0
714211	0
8534087	0
9270721	0
25842146	0
301393	0
2521458	0
24599239	0
4712637	0
7136350	0
22105410	0
2879834	0
43993637	0
5903822	0
4140850	0
7520266	0
34358649	0
4831539	0
69951	0
31026230	0
6028254	0
22306342	0
2622273	0
11257989	0
42886600	0
12008069	0
14965128	0
46692863	0
3873049	0
22615395	0
40209178	0
23990289	0
39607230	0
31815612	0
41713133	0
5974280	0
41119678	0
2704790	0
18759746	0
27958734	0
1395184	0
164084	0
7348731	0
3816900	0
219311	0
1683499	0
1080291	0
378276	0
4129603	0
7409683	0
31499588	0
40671216	0
671260	0
6874295	0
7696093	0
7779231	0
2666876	0
7042050	0
2839362	0
299519	0
15443179	0
10387536	0
42925212	0
23580174	0
24042419	0
890515	0
30859447	0
41586338	0
7400386	0
30859535	0
13695998	0
29039919	0
9835322	0
1080745	0
5947015	0
24158053	0
7172332	0
992380	0
3178936	0
4049184	0
42046853	0
25778487	0
11153712	0
3117447	0
1092286	0
118709	0
33532782	0
24726762	0
1988147	0
11720468	0
2362396	0
29886992	0
21792736	0
28147483	0
8705787	0
4347285	0
123728	0
138477	0
46812358	0
36642594	0
1409254	0
2975908	0
7337745	0
433897	0
21129882	0
1108868	0
1636391	0
10432600	0
30240326	0
195777	0
1031419	0
2146590	0
1275684	0
2743474	0
1653652	0
2178418	0
14357252	0
22453946	0
5359946	0
4382169	0
5618642	0
10309462	0
44379662	0
1623824	0
3847854	0
4502056	0
20553894	0
23556304	0
70879	0
211373	0
946040	0
7588035	0
1978776	0
4697901	0
700608	0
5451446	0
15941760	0
27546195	0
14342541	0
13675126	0
240617	0
7255802	0
1087522	0
37997973	0
5621475	0
2855802	0
16990223	0
19048753	0
44770306	0
1767824	0
17726	0
5028286	0
1340590	0
259547	0
125344	0
40546176	0
23156748	0
510038	0
34418373	0
47640492	0
9923390	0
45222853	0
983011	0
