84521	1
1685895	1
4483446	1
28472758	1
368575	1
3961070	1
1054255	1
30029	1
420752	1
761530	1
187479	1
114717	1
7514438	1
4080673	1
765027	1
15976386	1
1392328	1
2725421	1
1624138	1
6816374	1
6766	1
22477	1
37053250	1
24850300	1
33137030	1
17142518	1
32086	1
293392	1
23681	1
28639664	1
9158620	1
32070	1
321180	1
168053	1
26316	1
3101264	1
1952028	1
52612	1
87249	1
19537967	1
1019267	1
1073152	1
1936074	1
60215	1
159924	1
148170	1
504988	1
4612277	1
670072	1
372323	1
88351	1
5500341	1
7481662	1
11243937	1
98581	1
24028973	1
1425916	1
203208	1
185973	1
2320473	1
1633168	1
38731822	1
287468	1
7146916	1
162158	1
6849319	1
151245	1
3922492	1
189412	1
177571	1
35034533	1
750393	1
868284	1
352169	1
2695	1
844776	1
1010051	1
217450	1
1194146	1
207244	1
16009371	1
217203	1
168314	1
15844154	1
435250	1
217067	1
183146	1
10248379	1
1149735	1
1323026	1
3694526	1
77358	1
217512	1
303628	1
5208707	1
52924	1
48990	1
1035114	1
386748	1
542995	1
1142247	1
107794	1
60355	1
21246549	1
9597219	1
52821	1
4167079	1
32029707	1
2172415	1
690078	1
11534602	1
128284	1
36072300	1
2931288	1
296036	1
9810	1
14124834	1
412685	1
23664291	1
14855555	1
157678	1
45297853	1
20546	1
24641679	1
3581951	1
231158	1
31644	1
4886937	1
5907510	1
9144913	1
47334268	1
26997	1
762156	1
729750	1
1835935	1
2926275	1
3703683	1
409347	1
920194	1
9363371	1
302252	1
39693	1
3145948	1
16014868	1
471029	1
1249062	1
35025557	1
179332	1
458861	1
3462557	1
6328738	1
1184997	1
5432440	1
2120615	1
17901805	1
392592	1
49233288	1
712801	1
404205	1
2127628	1
30980	1
614468	1
33618049	1
4247992	1
4001	1
392250	1
206221	1
245765	1
19446	1
574424	1
23477	1
275509	1
215566	1
256913	1
30309	1
266656	1
1966544	1
7738	1
298604	1
8418	1
397295	1
485890	1
59731	1
40112	1
318677	1
224021	1
101616	1
11718150	1
5710446	1
115682	1
179375	1
42579539	1
2802637	1
1284864	1
677603	1
2219614	1
128382	1
57944	1
21790	1
763394	1
234342	1
735530	1
26445826	1
1893285	1
3392	1
20351	1
3392459	1
150466	1
9033	1
2976779	1
2410194	1
53219	1
593885	1
908269	1
2676195	1
14453069	1
1843395	1
63816	1
19299	1
360922	1
197567	1
13667063	1
2678855	1
616854	1
174492	1
1178580	1
4063270	1
20065598	1
151848	1
344968	1
40678568	1
221428	1
301685	1
970011	1
32160	1
11904312	1
49625	1
10122929	1
394985	1
6760520	1
1062987	1
1804896	1
539170	1
1921227	1
538401	1
765452	1
866402	1
89853	1
12827897	1
597471	1
113522	1
12285592	1
18374	1
46591	1
876997	1
36549340	1
48338	1
228867	1
5342285	1
8908909	1
190461	1
1208592	1
483468	1
2248362	1
1570533	1
201370	1
5194	1
80796	1
9015878	1
30152072	1
4108481	1
8873467	1
43563496	1
2473585	1
95374	1
6233596	1
883115	1
13504642	1
202985	1
2924047	1
1630055	1
769520	1
114524	1
3396742	1
827557	1
7490867	1
8666636	1
1190380	1
1113161	1
282970	1
935298	1
1026499	1
1331649	1
2153834	1
4812032	1
37506	1
2273065	1
43980	1
6966590	1
83449	1
1645603	1
251849	1
1795013	1
595541	1
26284	1
230547	1
1351906	1
70650	1
709376	1
73572	1
1585453	1
1820361	1
8560126	1
63405	1
85578	1
15486191	1
681632	1
1337525	1
57146	1
9688010	1
2227114	1
14367101	1
224474	1
2860555	1
3174306	1
584547	1
1229102	1
558360	1
3572431	1
393084	1
5933791	1
84077	1
358155	1
14057237	1
8868979	1
417532	1
1977596	1
65614	1
191460	1
21409631	1
214303	1
19051	1
9183439	1
1271396	1
7407965	1
17622158	1
5299355	1
1227129	1
22458837	1
835821	1
2955	1
11528299	1
1246555	1
48913	1
936945	1
195975	1
2081846	1
383648	1
1871067	1
7386195	1
641570	1
293340	1
14067382	1
1120351	1
47037	1
2437139	1
60120	1
1400529	1
165821	1
2019005	1
102136	1
1790983	1
52536	1
142759	1
32644930	1
4074666	1
9302908	1
25193503	1
15490	1
33618	1
26335025	1
22487	1
177179	1
31117956	1
6153487	1
149649	1
1239560	1
18999745	1
247587	1
22544	1
19355392	1
345619	1
3792659	1
243320	1
115491	1
1407122	1
2492542	1
30046	1
695312	1
826334	1
5117022	1
157283	1
18717981	1
15489197	1
108798	1
6009565	1
6956452	1
9892853	1
4524288	1
3450734	1
525336	1
20396276	1
22766895	1
17333	1
22749867	1
7220676	1
961331	1
12526201	1
40419	1
4635444	1
2452471	1
676520	1
1021889	1
15408	1
7718117	1
46761	1
3217213	1
21347657	1
393676	1
108219	1
2083485	1
602895	1
814304	1
1146982	1
152440	1
1525659	1
4827193	1
2292852	1
185095	1
55012	1
2197	1
31420753	1
5792392	1
817030	1
7165	1
577353	1
164374	1
4219950	1
2296257	1
28941419	1
7189845	1
77366	1
445690	1
143554	1
917917	1
7618590	1
356567	1
462477	1
140257	1
152326	1
1875304	1
2754498	1
13976	1
3203471	1
16412442	1
257098	1
102775	1
9323510	1
34537	1
144829	1
164646	1
2812172	1
3554336	1
657938	1
19651175	1
3496451	1
3413472	1
298070	1
83400	1
522822	1
9763415	1
13074596	1
392422	1
6985199	1
225153	1
158364	1
47840567	1
524024	1
564402	1
8084673	1
173310	1
4928371	1
31623837	1
98405	1
1684093	1
17775	1
41459192	1
1411134	1
1211430	1
9850686	1
37995273	0
5269524	0
49497532	0
7677356	0
1066468	0
14242344	0
703463	0
7564511	0
20429800	0
6125492	0
24118785	0
3459519	0
112645	0
1564530	0
432655	0
17503063	0
730011	0
21479954	0
8467507	0
28046027	0
89337	0
9211761	0
647683	0
44226873	0
7018077	0
36196945	0
750630	0
10607472	0
8056908	0
3559806	0
2966446	0
2346272	0
14376588	0
4485803	0
12982931	0
34007508	0
2231985	0
21332680	0
74220	0
1577080	0
223407	0
21165489	0
5563464	0
9421671	0
1497619	0
46720154	0
1515991	0
17469267	0
5395215	0
24873751	0
6307266	0
4459163	0
31960682	0
5880587	0
27858067	0
3434717	0
20009104	0
32496184	0
2299419	0
23077809	0
7137576	0
1870607	0
12912904	0
3260231	0
7150949	0
5962472	0
4480058	0
25496987	0
30011005	0
26480800	0
14182374	0
27438030	0
14514043	0
4728613	0
13759588	0
2341342	0
21220867	0
4513579	0
2659967	0
17551491	0
47815406	0
28762291	0
5699034	0
405443	0
453741	0
12375108	0
24064285	0
12606994	0
31658251	0
33715558	0
4847711	0
10720155	0
16240762	0
15214624	0
6869003	0
5140715	0
13770655	0
810790	0
124753	0
909210	0
1359626	0
8093065	0
11069187	0
8851169	0
17137292	0
241000	0
901009	0
6219182	0
11824900	0
22191513	0
9885632	0
33460535	0
2600572	0
1934361	0
1447646	0
3560251	0
26629769	0
4522426	0
19848909	0
1768829	0
40130896	0
8273601	0
21038306	0
107157	0
43858264	0
13039288	0
2362339	0
6593489	0
43874841	0
36570354	0
19889333	0
21066511	0
6266149	0
31886712	0
1092883	0
4189484	0
515538	0
8747340	0
42389514	0
1881807	0
1920530	0
3865753	0
4062766	0
31511098	0
2379187	0
1914194	0
20938299	0
38090877	0
2989740	0
17218109	0
24706594	0
4359638	0
31568829	0
17598786	0
17533378	0
6827813	0
12336121	0
34340464	0
12953285	0
4164832	0
4702866	0
11220583	0
39632414	0
528154	0
11138846	0
21305953	0
2707119	0
6754247	0
717480	0
14723706	0
45325948	0
9272795	0
113761	0
1468416	0
12693274	0
18635104	0
413949	0
30701878	0
15795817	0
1896197	0
33001941	0
6153646	0
142548	0
7823089	0
140158	0
470765	0
38291440	0
4441228	0
25099945	0
4521934	0
5691813	0
9360092	0
3685387	0
14190279	0
3962993	0
29721355	0
36311695	0
203733	0
7514656	0
1099828	0
20904303	0
11411516	0
8303798	0
10788364	0
16589039	0
15836926	0
1690789	0
8756942	0
19051388	0
2463480	0
11985538	0
2524068	0
3243902	0
6754605	0
40494856	0
11490999	0
12564922	0
21829524	0
61068	0
5937987	0
25711296	0
7523592	0
1734076	0
42237598	0
33180555	0
2925401	0
34153267	0
13187875	0
280993	0
892735	0
8424644	0
125164	0
130537	0
13778184	0
3686228	0
17848089	0
1679035	0
24571544	0
28142358	0
37120106	0
3501788	0
6216161	0
655276	0
23013691	0
10493156	0
2742838	0
2187765	0
12631024	0
18633450	0
8457801	0
3923251	0
28839256	0
9523506	0
33727478	0
15677849	0
15347966	0
20369634	0
3129051	0
525857	0
3285235	0
922515	0
10818133	0
42315468	0
10135055	0
1588899	0
43250597	0
1482800	0
24851443	0
13950852	0
118535	0
18464806	0
40570097	0
6321456	0
8742851	0
44982677	0
25104141	0
623928	0
11881535	0
7233	0
7832175	0
1731273	0
2571770	0
3591776	0
25418785	0
28912721	0
40351541	0
32658143	0
2855060	0
3563761	0
7108291	0
40725340	0
31213379	0
11899257	0
15892401	0
6353026	0
16412266	0
230897	0
644242	0
18761393	0
6200897	0
29690290	0
4236977	0
4094113	0
14471415	0
24987917	0
5933384	0
6960773	0
1266023	0
22871111	0
171983	0
22755896	0
155586	0
11115668	0
11261834	0
43587593	0
136929	0
26721861	0
9457641	0
5850099	0
9803153	0
8467863	0
274950	0
5495837	0
6120535	0
12830369	0
8585626	0
18593932	0
8452507	0
8128622	0
995990	0
32576598	0
47550854	0
465492	0
1140889	0
1473281	0
22357671	0
5753475	0
3944045	0
12988807	0
4973545	0
18918503	0
15048658	0
19486397	0
15169563	0
29073512	0
2687152	0
827920	0
3101456	0
28850708	0
5404812	0
4360630	0
2461337	0
6208872	0
5561794	0
31330999	0
22633743	0
4091921	0
13332551	0
17032062	0
157660	0
17440344	0
12411381	0
4655388	0
12637282	0
6224787	0
2932146	0
42229194	0
29184037	0
22193299	0
5981161	0
31812445	0
47148121	0
1436312	0
16482413	0
45153149	0
9135389	0
1372912	0
18922205	0
5465440	0
11911941	0
28936894	0
2521446	0
13578847	0
39726216	0
3161284	0
11138742	0
679408	0
359354	0
33996548	0
16234982	0
6344166	0
9713115	0
19720731	0
623768	0
24645696	0
1712661	0
14205554	0
1594162	0
37615475	0
15769605	0
35778934	0
7778221	0
25135732	0
915749	0
2152057	0
17695923	0
2194410	0
44478026	0
20535046	0
1076237	0
41094136	0
18156796	0
12481767	0
6252719	0
21954779	0
32357672	0
67442	0
1044848	0
2648092	0
1910566	0
33392663	0
39477450	0
6752077	0
1123844	0
36350453	0
25129349	0
11630278	0
39440627	0
127383	0
2392429	0
4551173	0
31794314	0
108296	0
10295423	0
18230967	0
13096827	0
21110119	0
30012155	0
19649330	0
3002067	0
5150224	0
43227255	0
8902443	0
1072195	0
37771164	0
30388332	0
11178166	0
8256546	0
1670022	0
21032076	0
1020031	0
2330128	0
48400683	0
20589740	0
33838103	0
30185325	0
25129454	0
6786208	0
14902038	0
20718432	0
21876510	0
2336370	0
37785825	0
19070225	0
17412832	0
49059436	0
46755245	0
3028916	0
3232513	0
929131	0
2241021	0
7803849	0
7092870	0
3496028	0
1670543	0
2732311	0
4930822	0
38009207	0
116986	0
1046474	0
19267111	0
20802090	0
5186646	0
3448208	0
4352871	0
9254463	0
10954981	0
34252429	0
4104697	0
46529092	0
16426026	0
24593352	0
3274689	0
2406179	0
45505600	0
12641952	0
2090295	0
18444760	0
31130897	0
1370824	0
