29618846	1
319778	1
147155	1
21502793	1
192584	1
315275	1
83446	1
26049824	1
37754	1
21138950	1
4600725	1
1088071	1
8629258	1
30139579	1
195759	1
8100646	1
1459337	1
233913	1
517943	1
502904	1
31815229	1
195220	1
250507	1
144087	1
4779630	1
646501	1
679749	1
15536335	1
1742933	1
380823	1
816214	1
2568339	1
10187690	1
1829522	1
17545729	1
273766	1
25093792	1
841521	1
15839892	1
16349647	1
1393886	1
14934	1
33903877	1
4360638	1
318617	1
3533123	1
46709	1
66231	1
231338	1
129392	1
349417	1
38483	1
1073769	1
615316	1
1060627	1
30554781	1
240407	1
153840	1
177999	1
35831691	1
6469	1
26779	1
10010833	1
4202667	1
30965055	1
1119348	1
448725	1
17331799	1
34304424	1
338733	1
1392449	1
9537228	1
3560822	1
2095068	1
9165902	1
5545147	1
29221858	1
73797	1
1114732	1
1762840	1
1355493	1
238040	1
27727635	1
8695654	1
262983	1
11963397	1
34928718	1
22427387	1
318550	1
571440	1
1580011	1
23005037	1
44016514	1
16370339	1
7269782	1
22188937	1
177954	1
184408	1
392300	1
6189304	1
376581	1
2256795	1
1697072	1
338825	1
204768	1
2512329	1
32580799	1
208178	1
476807	1
331643	1
3320653	1
140376	1
83938	1
11082406	1
3023187	1
17563060	1
467568	1
50748	1
5364709	1
19039284	1
10511550	1
239336	1
27413692	1
39960845	1
1017659	1
7393831	1
449688	1
7630	1
23598015	1
1631233	1
1025505	1
1325846	1
4236770	1
7271399	1
32402385	1
577481	1
297286	1
430716	1
4757055	1
2291765	1
1968616	1
2263491	1
2587888	1
60154	1
6179470	1
1197014	1
143027	1
7708669	1
3193595	1
3624122	1
206087	1
11928419	1
8845	1
1033839	1
9288732	1
34951694	1
9974	1
21531764	1
893392	1
4976079	1
15690761	1
1610152	1
3619183	1
28539637	1
1263461	1
28685	1
22487	1
1371232	1
4556425	1
12648899	1
220570	1
14416165	1
2444777	1
570233	1
18786171	1
191086	1
342743	1
353288	1
199766	1
143542	1
1027957	1
544634	1
378437	1
222292	1
803012	1
25157344	1
59569	1
1157656	1
98923	1
3649737	1
39750126	1
350842	1
1495605	1
369910	1
7755935	1
1179677	1
143881	1
553698	1
354236	1
1090829	1
80149	1
1189567	1
7725252	1
20650188	1
15849640	1
12007127	1
1965719	1
614934	1
1117821	1
234176	1
50477	1
39426186	1
291388	1
620241	1
41512	1
539160	1
5571214	1
17305292	1
3427007	1
40963068	1
74604	1
2851600	1
578283	1
1549583	1
18978563	1
30871854	1
13200265	1
183897	1
264272	1
12743737	1
41988252	1
147858	1
22023242	1
31098	1
30587088	1
635402	1
5326152	1
51608	1
23989486	1
20618	1
7150172	1
2383900	1
3212	1
15301767	1
2707272	1
1863142	1
358580	1
6661202	1
8609912	1
1231372	1
13435640	1
1566688	1
8726463	1
63813	1
52324	1
349437	1
385144	1
351001	1
24071884	1
2146081	1
2376478	1
373173	1
16004433	1
238480	1
230519	1
6401338	1
6589248	1
40697094	1
9646788	1
3205377	1
2147935	1
12448	1
28990657	1
28404988	1
300828	1
344552	1
471981	1
338683	1
11837351	1
48827	1
20513685	1
3497970	1
2273738	1
386697	1
351076	1
1284973	1
221971	1
22228693	1
287821	1
21490998	1
5266708	1
4936030	1
1545161	1
1094925	1
5797498	1
8051386	1
1587204	1
21116254	1
930301	1
1852974	1
211184	1
8887430	1
38714050	1
7383016	1
331810	1
36625032	1
21050680	1
1632024	1
159298	1
2984759	1
1732104	1
2014815	1
26823117	1
495185	1
6999598	1
357429	1
49266	1
886313	1
5617427	1
22990934	1
2252692	1
36746405	1
554263	1
340514	1
278441	1
20399704	1
212797	1
34644159	1
412232	1
510990	1
1211686	1
3147716	1
33823669	1
18074655	1
488582	1
2638312	1
3218713	1
1983416	1
7307293	1
169784	1
25412876	1
1201814	1
10217715	1
8429394	1
987132	1
2019208	1
305567	1
39822702	1
19412564	1
3410409	1
26721703	1
5962511	1
147312	1
7469268	1
536367	1
6223099	1
578673	1
7453515	1
10697297	1
408215	1
1354991	1
1609732	1
614096	1
57400	1
15738071	1
3379645	1
9350526	1
8509308	1
1208256	1
424198	1
22135041	1
3001285	1
8774042	1
8491534	1
21444258	1
2570858	1
727568	1
702508	1
9689840	1
21183206	1
92679	1
17412413	1
425980	1
4958282	1
38264234	1
590728	1
328768	1
362804	1
88160	1
9713388	1
43441237	1
58790	1
7141936	1
1058474	1
2567305	1
37868896	1
628331	1
860860	1
161570	1
41256550	1
17015903	1
198683	1
53214	1
26569402	1
41959838	1
13990715	1
24008586	1
173634	1
3447111	1
19666611	1
20751714	1
513216	1
37412	1
65651	1
312716	1
17137370	1
12	1
33617140	1
12425600	1
11221874	1
2904171	1
332511	1
4833	1
6059947	1
9912101	1
20611428	1
191274	1
9384268	1
5326401	1
951662	1
27875	1
82752	1
6709070	1
9025174	1
52790	1
18950713	1
113268	1
3692466	1
4913064	1
1418100	1
7340420	1
1006344	1
163839	1
8166	1
19390851	1
6696118	1
211502	1
1427307	1
2996254	1
4776201	1
604273	1
20753593	1
1001811	1
843	1
51885	1
8460609	1
1412657	1
229029	1
33121168	1
11137012	1
353322	1
1847576	1
24914777	1
296151	1
532264	1
8837069	1
5300318	1
1494514	1
24751935	1
17005363	1
1644613	1
52613	1
264800	1
11227	1
26561880	1
4388648	1
261376	1
24510100	1
32651221	1
292616	1
323268	1
494423	1
17005283	1
36897417	1
1394172	1
12485020	1
32811410	1
5875569	1
472871	1
27286409	1
948477	1
13203043	1
14496811	1
19644831	1
165525	1
215586	1
1789323	1
1286893	1
979264	1
15323853	1
2702977	0
23747846	0
17740355	0
94069	0
6228904	0
26909392	0
13915239	0
35409949	0
21416989	0
11035177	0
15630269	0
7992265	0
6277931	0
14920436	0
23387768	0
8553078	0
122705	0
2936326	0
5404691	0
18584744	0
6311104	0
6916168	0
16209132	0
7601802	0
5989808	0
38838314	0
454417	0
3116364	0
9026419	0
40997703	0
41542182	0
4034167	0
19491049	0
6163834	0
20028344	0
18699120	0
6845772	0
1971143	0
129166	0
2848230	0
494438	0
7138195	0
1221106	0
15747956	0
235520	0
289755	0
40892661	0
2099624	0
2596054	0
12720714	0
28103469	0
17202181	0
34033782	0
5575192	0
37848024	0
517367	0
535669	0
6198408	0
8468219	0
5667519	0
220604	0
652124	0
14395501	0
569459	0
1426229	0
30872478	0
3321964	0
2997437	0
577904	0
74009	0
1776238	0
4662284	0
22279171	0
7292022	0
4517654	0
40096377	0
43211591	0
118602	0
18081803	0
24189865	0
902412	0
2578445	0
135015	0
30857684	0
14393809	0
23732275	0
20583037	0
49459308	0
11496262	0
8986768	0
14214456	0
17218152	0
5210273	0
6715052	0
44852890	0
10891109	0
1449553	0
12521447	0
9406624	0
21141965	0
2902552	0
2300383	0
1015796	0
26370473	0
29188721	0
12764782	0
1278198	0
1115506	0
314742	0
105677	0
14658085	0
19196565	0
26165417	0
1086975	0
18264615	0
27254464	0
470956	0
205137	0
37786030	0
13453432	0
39297858	0
2418317	0
14308929	0
41998221	0
1827105	0
1276593	0
17686426	0
5161681	0
43306726	0
1010073	0
47020125	0
691356	0
39375626	0
1016481	0
10234175	0
5969836	0
23066641	0
19179249	0
44283951	0
535234	0
44706541	0
18434620	0
9792098	0
17518181	0
21760635	0
44024130	0
6787698	0
3676418	0
470691	0
5186514	0
25125257	0
10149314	0
18879829	0
6393222	0
12435052	0
8365984	0
849612	0
151425	0
997665	0
38296870	0
20701030	0
395962	0
18803033	0
44987178	0
17665499	0
23664660	0
23308005	0
41008384	0
38760074	0
25199816	0
3394857	0
16702612	0
4315483	0
30585474	0
615234	0
3559001	0
39507851	0
4732363	0
17573213	0
13633508	0
8093430	0
10605288	0
25731113	0
12135662	0
10652603	0
218165	0
1985720	0
243891	0
26337051	0
3668968	0
35580396	0
12278224	0
12175636	0
9965914	0
5618625	0
6947762	0
1865995	0
13688725	0
126189	0
6148848	0
29583648	0
3953213	0
37732233	0
3448429	0
5935623	0
12716400	0
26631169	0
2784846	0
26441977	0
12405152	0
14301573	0
7279226	0
6968853	0
27570487	0
5073747	0
5259513	0
3935099	0
2232065	0
959488	0
38266810	0
1480979	0
37434329	0
959795	0
40305	0
28566175	0
3743404	0
7390051	0
192399	0
41746484	0
6770201	0
10949259	0
21098577	0
3677899	0
959954	0
10149111	0
6826401	0
38126981	0
45621724	0
30105231	0
25888910	0
12058481	0
3340576	0
3276642	0
1154736	0
329191	0
91941	0
911068	0
22970733	0
14226405	0
1538138	0
21493723	0
21531982	0
5745804	0
20804092	0
8127519	0
7127697	0
1433895	0
1444947	0
19610772	0
27365181	0
592436	0
41895217	0
1344949	0
19241074	0
35036916	0
37534769	0
14535121	0
6476119	0
1148663	0
7940259	0
662485	0
28048746	0
25085761	0
19083902	0
36964523	0
36596170	0
313191	0
2600547	0
11262471	0
24006241	0
32754515	0
23580088	0
37985632	0
8662472	0
1397985	0
4949338	0
2076599	0
312619	0
773247	0
4036353	0
37442488	0
2496676	0
314468	0
6813608	0
2500974	0
4272308	0
98145	0
6099010	0
8334617	0
2334208	0
91238	0
317109	0
38901141	0
5698278	0
1377484	0
6734562	0
5604685	0
276599	0
3360858	0
12325675	0
7956809	0
19180133	0
4044776	0
4878661	0
323694	0
8645085	0
25579170	0
9126224	0
45280557	0
5862197	0
15727839	0
8313999	0
3440130	0
7360370	0
20388916	0
445118	0
2841801	0
8051158	0
187477	0
4753115	0
9525560	0
14702795	0
35948633	0
9182842	0
3173025	0
13651338	0
703409	0
1097244	0
77831	0
34853026	0
44224089	0
38920359	0
6068142	0
44699768	0
2835990	0
12586398	0
46209231	0
7638042	0
1222198	0
37940653	0
10685513	0
14168568	0
23032668	0
4676159	0
20383179	0
36895314	0
2871603	0
2572619	0
2845086	0
34939479	0
9462707	0
2792234	0
36474029	0
1149212	0
42739398	0
3927744	0
14336313	0
8378278	0
41271688	0
1196053	0
25715253	0
42105970	0
36904162	0
7684716	0
472904	0
128195	0
30009244	0
40032245	0
12621089	0
1068269	0
33474048	0
6360184	0
19066878	0
41724665	0
7363415	0
3675210	0
39522567	0
28293297	0
23438951	0
20052667	0
26753779	0
18168287	0
903385	0
14734965	0
4542168	0
12338784	0
30726545	0
207747	0
6822882	0
1102708	0
27126755	0
10101677	0
14440133	0
37953896	0
45178767	0
137967	0
643449	0
9783860	0
6010730	0
25205622	0
14772307	0
46456646	0
2006307	0
116776	0
20065460	0
3231017	0
3949133	0
44861683	0
5812429	0
305295	0
17391509	0
4128578	0
5055375	0
2191682	0
415781	0
13414403	0
728989	0
3567966	0
407162	0
3680736	0
17520328	0
8955287	0
297288	0
13327574	0
4541009	0
3739531	0
1443741	0
15720799	0
17368176	0
24835734	0
5722327	0
37895545	0
3697075	0
32488579	0
42595213	0
25486009	0
21668636	0
110129	0
17594376	0
13821942	0
6467167	0
7169140	0
34322758	0
2507197	0
3848383	0
25892048	0
26887661	0
14685861	0
36181573	0
14400666	0
7919574	0
5195453	0
410243	0
424515	0
2451405	0
7715240	0
2180853	0
3202307	0
187816	0
21662811	0
9847000	0
2176838	0
25056791	0
35851000	0
2768975	0
1237575	0
48908624	0
3246452	0
1639634	0
34726876	0
6705686	0
39804619	0
5825981	0
48331076	0
19311170	0
18259949	0
39185787	0
6244734	0
8713178	0
1483701	0
23664855	0
17817751	0
1316586	0
16189641	0
17143563	0
9329765	0
6846538	0
41254722	0
2928997	0
17480132	0
