4269857	1
12344452	1
72866	1
984711	1
2920041	1
30596132	1
12163304	1
7544674	1
259891	1
1738700	1
9391674	1
80771	1
23125470	1
989150	1
13431566	1
133115	1
2368408	1
23680998	1
137764	1
91861	1
43153	1
2860057	1
32467559	1
8254530	1
27668322	1
3850485	1
30873880	1
1673547	1
859797	1
2297001	1
48460477	1
329275	1
2416839	1
226705	1
3045955	1
23290345	1
9290579	1
11091038	1
2622913	1
1145920	1
35654183	1
6141683	1
96133	1
91504	1
2848162	1
8814565	1
6216134	1
31949667	1
230185	1
41630860	1
530997	1
8516676	1
13283752	1
2908192	1
953415	1
108524	1
9089974	1
168163	1
409434	1
1351334	1
600340	1
163026	1
97682	1
13708275	1
27792643	1
5956295	1
91341	1
745734	1
840846	1
189155	1
8231252	1
25119562	1
4247826	1
29820809	1
4775076	1
1349699	1
1394579	1
222096	1
1959565	1
616590	1
994900	1
767607	1
336446	1
33925838	1
9292121	1
1386853	1
30864998	1
2496125	1
5053335	1
11937038	1
1681430	1
4366604	1
10949259	1
10647266	1
96777	1
1537855	1
2222169	1
370840	1
502336	1
3902204	1
1717247	1
398900	1
3017965	1
3021475	1
27736089	1
34044756	1
1434512	1
355648	1
1793931	1
6560781	1
96969	1
36055651	1
6246985	1
7442236	1
9401406	1
7883438	1
3012585	1
42640338	1
3580574	1
8223571	1
414487	1
163452	1
11705863	1
27660054	1
1445647	1
33296062	1
9410307	1
9011811	1
2570299	1
9126427	1
124768	1
1514940	1
2273470	1
407748	1
19762676	1
574718	1
110774	1
92036	1
65411	1
142597	1
2622848	1
5000968	1
111316	1
1420774	1
3004229	1
2072541	1
24685991	1
155994	1
211404	1
6320548	1
915736	1
1622857	1
1664132	1
10507881	1
33665770	1
5607311	1
6924941	1
2882588	1
1519541	1
1594261	1
2093760	1
557914	1
2850551	1
18166505	1
20647615	1
13826712	1
16719434	1
603972	1
3504677	1
139155	1
5016062	1
9570410	1
7189876	1
1708863	1
4836039	1
19758645	1
7150944	1
6792738	1
2093847	1
45474	1
9453696	1
4207108	1
7920199	1
1840974	1
10318925	1
2825707	1
95675	1
1413695	1
2530605	1
5981991	1
3735544	1
8534265	1
1689813	1
13743734	1
2456329	1
357030	1
12204938	1
94552	1
8600273	1
23557545	1
44875376	1
1609333	1
47372263	1
107972	1
476237	1
25675132	1
6615284	1
5463290	1
32246777	1
5194987	1
14600378	1
1269658	1
106814	1
25404433	1
48165	1
17926185	1
38953317	1
2557536	1
1583716	1
127657	1
1057205	1
1881509	1
4586812	1
19440412	1
30792557	1
48614686	1
97687	1
20248587	1
863577	1
1511482	1
1801159	1
18726386	1
1632543	1
1099984	1
17346283	1
678214	1
1125402	1
3481783	1
1961219	1
1345125	1
19600202	1
32297230	1
111321	1
6535004	1
819778	1
140202	1
2917280	1
6258768	1
39036391	1
198628	1
36150197	1
20584	1
2513630	1
415156	1
1537452	1
82345	1
4034708	1
3514350	1
29718309	1
2185359	1
31920391	1
4673132	1
30633	1
12664951	1
8436314	1
43944253	1
14625011	1
12303631	1
3624935	1
96142	1
31842704	1
22525124	1
14510199	1
6187115	1
5501808	1
448925	1
100801	1
13237922	1
521854	1
127534	1
2805177	1
767804	1
17817219	1
2974826	1
746952	1
6219705	1
1147909	1
473752	1
556357	1
1623	1
39494541	1
1224901	1
25136748	1
17472158	1
2869620	1
47740292	1
11373414	1
31186339	1
1447237	1
14700785	1
14252023	1
24265427	1
160458	1
135571	1
1341072	1
6911871	1
2777396	1
3909645	1
2469444	1
45448711	1
638599	1
5170122	1
4623432	1
2557470	1
932619	1
24135803	1
12745910	1
4131884	1
228911	1
6262911	1
9865332	1
7206355	1
6051544	1
113348	1
967228	1
9424337	1
5133449	1
5043544	1
8709661	1
16102142	1
253331	1
12064042	1
636050	1
2166474	1
1137990	1
30864359	1
2127122	1
479891	1
17565713	1
9423906	1
115703	1
34284770	1
1033898	1
197095	1
3888641	1
9226816	1
1525396	1
2564119	1
140229	1
837999	1
1312518	1
2434792	1
3653797	1
6515645	1
3473963	1
1163892	1
1439438	1
708024	1
90916	1
979739	1
19437114	1
2614637	1
47128137	1
4141618	1
1420744	1
270052	1
503164	1
9322689	1
1110576	1
15699504	1
8536158	1
19432194	1
11640069	1
26456443	1
325955	1
2220099	1
23920166	1
17630792	1
768808	1
6484353	1
92128	1
96177	1
7059187	1
2064194	1
5346734	1
9115553	1
702555	1
8111681	1
4542734	1
41085593	1
11084893	1
14544590	1
14903216	1
6302890	1
2320994	1
10958140	1
24417423	1
10838528	1
957640	1
2859321	1
15506869	1
25759338	1
764709	1
259244	1
16342743	1
11252852	1
9276017	1
244002	1
23481030	1
1594076	1
6061594	1
42887430	1
25278565	1
1111137	1
129645	1
13214027	1
71048	1
409591	1
473647	1
26751910	1
5081714	1
22950390	1
885401	1
44754	1
25004071	1
1828686	1
14454507	1
460243	1
13813005	1
91038	1
958551	1
1417321	1
1409766	1
8711666	1
17537558	1
8614226	1
1782238	1
15110882	1
1351223	1
43568	1
22427866	1
3331387	1
67248	1
21298737	1
17611236	1
1417888	1
11392936	1
3009373	1
8570325	1
19254731	1
95485	1
14791389	1
5911306	1
33580	1
4948520	1
30958304	1
5499270	1
47620	1
965796	1
21631012	1
49173200	1
27776248	1
333873	1
3568772	1
859703	1
10744932	1
568128	1
33094239	1
2591808	1
13770711	1
5900240	1
51788	1
94779	1
11778265	1
5600540	1
288008	1
2000182	1
1524606	1
31636098	1
2461558	1
126791	1
544742	1
2908722	1
1220300	1
46225329	1
45371635	1
1559673	1
1206407	1
8695625	1
22785326	1
2312780	1
190468	1
379623	1
13826670	1
95707	1
5084006	1
635620	1
4930528	1
8643615	1
9549564	1
23686739	0
25082033	0
1188557	0
10219395	0
1370495	0
1332365	0
32407958	0
16292	0
2514026	0
664664	0
31316674	0
138242	0
14020247	0
2833522	0
17872744	0
111829	0
11658573	0
22164174	0
23275824	0
38568579	0
11717435	0
5072047	0
15512654	0
25892111	0
1132674	0
15280928	0
4568798	0
417092	0
33329590	0
30368772	0
29554317	0
26868716	0
10338565	0
2491993	0
12395404	0
478958	0
1704387	0
16282006	0
42689378	0
11690414	0
6272295	0
27509214	0
11222545	0
1521167	0
2045534	0
21020454	0
19051742	0
4796361	0
31744582	0
997243	0
13520512	0
21946057	0
10520397	0
538012	0
33249636	0
31444572	0
4546684	0
12970711	0
1251515	0
342919	0
1624596	0
9577429	0
6570300	0
11841555	0
10575836	0
12235131	0
2603326	0
7222265	0
21509911	0
3662104	0
27701417	0
2481464	0
2307850	0
19383432	0
270796	0
11492666	0
405992	0
19409257	0
2997212	0
38669753	0
8308013	0
34966357	0
2281450	0
9293105	0
7707690	0
2117828	0
1847640	0
2159176	0
5065488	0
35863914	0
31898760	0
5506893	0
32197790	0
5143412	0
2595542	0
26368	0
13993065	0
2653116	0
11548961	0
3213560	0
46441770	0
4486554	0
23225772	0
1048978	0
5413623	0
2049563	0
664004	0
38773086	0
937803	0
2632207	0
7695172	0
27494237	0
15489625	0
13545459	0
46310854	0
17849758	0
34265930	0
30256855	0
171555	0
12734357	0
657739	0
6317316	0
18189114	0
135795	0
17355920	0
23036492	0
9642517	0
1000684	0
40292789	0
20816166	0
18797584	0
6241018	0
16073374	0
6839396	0
839534	0
9517638	0
16339295	0
2839	0
125428	0
31776473	0
2648581	0
7447714	0
19420552	0
6838100	0
35505086	0
1516900	0
33786514	0
17206759	0
35244156	0
319455	0
3991493	0
17138018	0
117915	0
14272179	0
7557160	0
5071400	0
9433827	0
44628	0
7316319	0
11022299	0
2313609	0
4108764	0
31900483	0
22098036	0
21325	0
762713	0
28195524	0
36385111	0
35629101	0
21375494	0
2011274	0
645249	0
7112771	0
20143714	0
12802187	0
919888	0
179619	0
16079449	0
13927478	0
42552538	0
10238655	0
2307455	0
5373140	0
1104238	0
3286331	0
15504506	0
4981484	0
1786794	0
1326529	0
3079446	0
5916861	0
4249104	0
6230169	0
4352739	0
1790983	0
3879356	0
16514	0
9386979	0
3224725	0
738991	0
7994411	0
2821662	0
1476114	0
28071481	0
7232837	0
6350976	0
47300092	0
23392205	0
3622168	0
1651277	0
25548061	0
13183044	0
6712479	0
20753871	0
6795104	0
12321325	0
2982611	0
15505615	0
7778546	0
3173739	0
12446879	0
710175	0
66070	0
11273902	0
13126025	0
16918272	0
9811498	0
13262159	0
3193071	0
64027	0
670501	0
4906502	0
9740449	0
15431692	0
9088446	0
1924012	0
36161221	0
4876542	0
21059273	0
38225149	0
8608959	0
27435710	0
16242529	0
1767341	0
2369386	0
8053042	0
4331089	0
1433068	0
45295196	0
5139751	0
1465184	0
19602567	0
479727	0
3760531	0
1759397	0
3987517	0
4567311	0
1102930	0
25032207	0
15076606	0
1463353	0
769602	0
2024233	0
41847269	0
5718124	0
23868979	0
865333	0
1476064	0
23761938	0
6555034	0
33651753	0
46225002	0
28114719	0
6360605	0
690318	0
6516950	0
31185204	0
12693308	0
37329342	0
17233415	0
37362108	0
12269166	0
5569590	0
1639114	0
2242656	0
2235303	0
6339609	0
544455	0
12877492	0
44218954	0
39200738	0
19263126	0
42090187	0
1659935	0
19243845	0
11598381	0
28232239	0
19361723	0
18887008	0
28904450	0
27587980	0
12297788	0
19292701	0
43040285	0
27328108	0
3130298	0
4709257	0
3598742	0
27927185	0
5155402	0
1237407	0
613958	0
20282112	0
5928338	0
44532902	0
4932003	0
14781036	0
40383611	0
1907629	0
3131509	0
8224923	0
44161867	0
41590110	0
7534841	0
26631614	0
26627212	0
3470389	0
60490	0
34759328	0
6056195	0
40410787	0
7626928	0
17401599	0
8572292	0
31357965	0
8838328	0
21254487	0
7644732	0
624547	0
9316605	0
39694351	0
1594830	0
8147052	0
1698658	0
30232363	0
1644530	0
4743054	0
3800075	0
991662	0
2978842	0
293302	0
14112080	0
194268	0
5892851	0
30174726	0
20461085	0
33350772	0
41940646	0
1108519	0
5753531	0
7680930	0
20467955	0
17464108	0
1965432	0
1985813	0
11352002	0
18209196	0
35804476	0
9016973	0
44772200	0
121555	0
22886602	0
19779408	0
37563253	0
130318	0
32146119	0
291698	0
22755041	0
26640221	0
30937020	0
8025259	0
24750323	0
24204031	0
10345776	0
340317	0
36403263	0
32571713	0
1726025	0
9458994	0
7913846	0
2252054	0
6053542	0
25009958	0
41052148	0
9859617	0
7668795	0
40442250	0
29190149	0
17340146	0
23536497	0
13264461	0
14880117	0
5663622	0
48967636	0
136516	0
1953101	0
31123130	0
11971010	0
46239434	0
1479185	0
94423	0
15875913	0
42280793	0
29857227	0
44347493	0
32889564	0
31860255	0
23576981	0
10908243	0
2522420	0
6936724	0
9143042	0
25018655	0
77169	0
22735715	0
378915	0
2287669	0
8047823	0
13126791	0
44803011	0
19351680	0
3834011	0
39479747	0
36531080	0
101884	0
5868415	0
17603631	0
19359230	0
13813673	0
11071497	0
6169362	0
31133487	0
42758275	0
25588867	0
47737020	0
16478233	0
5007829	0
14367036	0
39081226	0
670043	0
7010434	0
10041663	0
6818053	0
1318854	0
4264699	0
28832041	0
39370142	0
45467031	0
40627569	0
48081181	0
451733	0
4676522	0
10959260	0
22683002	0
230587	0
34613878	0
8105841	0
25512677	0
32655320	0
4300766	0
953118	0
11768627	0
2213454	0
23580385	0
4010271	0
23028906	0
5986534	0
5107634	0
6175279	0
1297474	0
315174	0
1975494	0
11730288	0
21810076	0
38950900	0
3379286	0
1389099	0
6720752	0
16734664	0
17683591	0
12724656	0
768080	0
10327538	0
19426137	0
28361430	0
1126572	0
14920852	0
112045	0
20043739	0
45194656	0
