30965053	1
5579683	1
12097412	1
41179770	1
1955704	1
23813647	1
3375187	1
26480620	1
5143163	1
26764267	1
26340292	1
6329325	1
329298	1
2764123	1
4724961	1
28928525	1
18345540	1
32802469	1
2487676	1
33045862	1
516154	1
28042876	1
9600764	1
33565478	1
26540845	1
25711986	1
34112221	1
16781595	1
39042463	1
33244999	1
981727	1
40731696	1
471457	1
31725400	1
11652322	1
32483152	1
33813772	1
5211846	1
20437813	1
36374922	1
27363308	1
2284240	1
32191568	1
31672710	1
11268981	1
11045849	1
27400905	1
19196565	1
9046240	1
203081	1
42473729	1
25378958	1
26535987	1
3434494	1
13305393	1
13522862	1
954150	1
29278097	1
31357577	1
6914053	1
23958326	1
12852065	1
33292588	1
21071057	1
31952890	1
3620631	1
29858030	1
2887903	1
33766542	1
32057936	1
238326	1
30982868	1
14093752	1
3648091	1
31778235	1
2962950	1
4734384	1
2213141	1
1835897	1
37666357	1
1473158	1
33141952	1
25304211	1
32526464	1
21809231	1
2710614	1
74996	1
382365	1
36746229	1
44924492	1
13122857	1
30333394	1
22746560	1
8602808	1
32056735	1
33229119	1
10665080	1
18547138	1
30271	1
27466455	1
7275000	1
29638576	1
2987852	1
32098498	1
33987266	1
30586649	1
30983590	1
28923229	1
23331007	1
260037	1
32061846	1
27864627	1
26388293	1
18106501	1
25956281	1
13175535	1
27390158	1
27804026	1
307133	1
3523055	1
37122185	1
16988143	1
24574539	1
17070861	1
624121	1
15349238	1
32505003	1
1129560	1
972378	1
95821	1
43895650	1
2983297	1
31000648	1
32473668	1
26750064	1
209901	1
1507798	1
236396	1
30169997	1
6991325	1
32588539	1
19530946	1
32420537	1
1570819	1
4239006	1
30304580	1
7578158	1
32525972	1
23447258	1
30479579	1
7482183	1
968653	1
907282	1
1929871	1
29805270	1
34171128	1
932765	1
33542626	1
7520503	1
2624520	1
8970409	1
3513637	1
5051945	1
756231	1
1583615	1
34149638	1
2733914	1
29694182	1
4202057	1
5165687	1
3010538	1
536385	1
34347082	1
2055118	1
1147402	1
27980067	1
5105575	1
17010718	1
2000214	1
17440158	1
45604578	1
32758948	1
730823	1
1145818	1
29954670	1
34616231	1
15053116	1
16118202	1
1646262	1
34759154	1
12628953	1
458968	1
21260828	1
747324	1
34037378	1
25956178	1
17388873	1
714229	1
1374913	1
32780772	1
47915106	1
35022842	1
28290902	1
195068	1
2237531	1
28014683	1
107938	1
31149611	1
1578547	1
19866746	1
1207626	1
31998179	1
43475654	1
1527323	1
32997687	1
29795597	1
22707247	1
32029278	1
17899586	1
36082320	1
17140677	1
7798538	1
486279	1
34051474	1
17086481	1
9405102	1
32524437	1
10357739	1
26586602	1
1039797	1
3686228	1
24709671	1
7221822	1
4559634	1
2441243	1
30736594	1
30294058	1
27738187	1
31815850	1
34927746	1
36190304	1
11884203	1
6684473	1
2982191	1
4463161	1
17440144	1
1262909	1
12785650	1
35203919	1
395082	1
31771116	1
30079718	1
26139813	1
4667575	1
31483628	1
1816946	1
28329326	1
33061371	1
20185833	1
16195374	1
4559054	1
31594249	1
2592745	1
26945894	1
453544	1
3213075	1
29798150	1
10957143	1
35864021	1
29828105	1
32661921	1
31146898	1
32546327	1
16071654	1
351132	1
31484836	1
31017755	1
3230492	1
33163359	1
24868131	1
5165130	1
30285457	1
18832765	1
19280321	1
15968597	1
28291990	1
30871973	1
12534371	1
398817	1
6142367	1
29768154	1
1312986	1
1090718	1
7452008	1
3716234	1
16075972	1
22058470	1
109042	1
29777928	1
3796186	1
3913050	1
27728178	1
2624618	1
37607304	1
7860614	1
19341337	1
9284470	1
1857238	1
27851665	1
21483108	1
23717714	1
677651	1
22824499	1
2565738	1
297875	1
25076388	1
12718846	1
1298502	1
33099811	1
15112709	1
771545	1
17447655	1
13272208	1
3502023	1
31798085	1
178796	1
5223781	1
29267698	1
10255906	1
34024334	1
31433899	1
8543934	1
32176388	1
7360701	1
9055602	1
31941849	1
5833826	1
7813015	1
6189047	1
7634376	1
632127	1
23356068	1
34480764	1
33931125	1
22085378	1
32415858	1
31443043	1
24613316	1
23830933	1
22255120	1
28527098	1
165302	1
960632	1
605222	1
47439698	1
19906775	1
31381503	1
30838328	1
104671	1
196794	1
1785404	1
33386025	1
807610	1
26191211	1
29983793	1
9844376	1
31700476	1
25507306	1
22268127	1
33078731	1
1792122	1
10524311	1
26430988	1
157589	1
17841938	1
21850500	1
1602858	1
6793031	1
20741383	1
28683302	1
3759199	1
25664255	1
214461	1
3413853	1
4067926	1
7192249	1
36062311	1
23269067	1
7388837	1
4658041	1
4057209	1
8848880	1
23637330	1
4037606	1
4709419	1
1400959	1
434806	1
2819184	1
8768771	1
3340619	1
30314798	1
4230875	1
3470346	1
34355383	1
15272585	1
1619180	1
322641	1
1968281	1
3487836	1
31905993	1
33304323	1
1641689	1
8232444	1
18732517	1
28106515	1
23231061	1
9755846	1
5821977	1
20612042	1
384099	1
39033447	1
483658	1
15266564	1
503394	1
3415388	1
32145486	1
20152	1
19190348	1
31655090	1
23962599	1
33257918	1
17862379	1
18063745	1
28945420	1
5355030	1
25369594	1
2378801	1
1425744	1
31167103	1
5181364	1
30528129	1
1751686	1
26889567	1
2859023	1
25346930	1
7429380	1
167290	1
4946507	1
7078096	1
6480872	1
20354333	1
843516	1
1174630	1
31013862	1
32939006	1
2399644	1
1826196	1
618468	1
3296804	1
3647704	1
32942945	1
3968293	1
8109474	1
23424419	1
6119521	1
18405015	1
1956647	1
38001451	1
8807756	1
1150696	1
384843	1
4706818	1
970755	1
23800134	1
752960	1
43358381	1
3591502	1
2736982	1
966130	1
677691	1
33296062	1
781976	1
137073	1
1316903	1
30837468	1
33323183	1
15540779	1
3542066	1
28351256	1
31526536	1
33458869	1
32969248	1
105472	1
2477286	1
31159037	1
31425469	1
20574042	1
30052313	1
32518355	1
12543190	1
41916620	0
899479	0
6123416	0
24389842	0
10049861	0
16879693	0
39989873	0
3389046	0
34623953	0
17459738	0
397810	0
67505	0
772289	0
1716185	0
4551891	0
10573777	0
9524601	0
16784418	0
1221380	0
682032	0
6704959	0
30055577	0
533230	0
15525465	0
36025147	0
5639035	0
34948214	0
5742359	0
2410194	0
24322382	0
42809768	0
7855586	0
456544	0
694597	0
5253508	0
7088940	0
35409330	0
4421106	0
9308125	0
20045391	0
2588193	0
5501736	0
383689	0
12865524	0
21076424	0
5844162	0
5906	0
45433288	0
15568736	0
42632602	0
6600465	0
6688190	0
23575461	0
20477323	0
6768092	0
9863884	0
19203945	0
1894816	0
4567889	0
259886	0
22328920	0
23983973	0
43504208	0
36751328	0
15916229	0
18284277	0
14073405	0
33230320	0
3726330	0
7022000	0
28143403	0
14026305	0
24888165	0
1171192	0
29445	0
971620	0
20519619	0
22648924	0
25917791	0
31347332	0
3770307	0
118465	0
12711538	0
112408	0
20420920	0
3281304	0
31136337	0
4219950	0
11063492	0
2934078	0
10252	0
40189603	0
13070240	0
3886500	0
25009078	0
36379064	0
9857900	0
11448766	0
5380320	0
7715177	0
23852476	0
9947370	0
4029962	0
14788526	0
131072	0
1110569	0
44307619	0
35781086	0
2540365	0
44455040	0
90012	0
6631013	0
2656685	0
7857896	0
4237245	0
16255368	0
9678000	0
3318934	0
3030786	0
37420957	0
2428274	0
2814555	0
3922264	0
95689	0
3069079	0
1528036	0
500633	0
4329816	0
20879470	0
23186715	0
11797818	0
6205206	0
119527	0
14842364	0
6032104	0
3181114	0
4477454	0
398941	0
159328	0
12646193	0
328449	0
178944	0
11361928	0
28133411	0
13005469	0
10157391	0
3237870	0
48646231	0
4606555	0
2528224	0
12427834	0
32170493	0
40304619	0
1450891	0
30864493	0
16067317	0
396931	0
28301975	0
1584196	0
1387953	0
47213762	0
1754487	0
105022	0
14422019	0
31869996	0
6706798	0
1888537	0
307704	0
36903185	0
1922865	0
11512194	0
18364678	0
341861	0
319567	0
26637146	0
2465060	0
6198481	0
33221432	0
20710595	0
1572323	0
9648466	0
29193313	0
1708668	0
2920228	0
443785	0
30168946	0
253810	0
1504076	0
22673801	0
14902618	0
7920068	0
137486	0
132576	0
14399659	0
1884146	0
19685973	0
934981	0
1267690	0
42606529	0
14691265	0
10030857	0
24225182	0
13409094	0
90796	0
42726076	0
7328851	0
42388594	0
38254570	0
11123739	0
3236786	0
12744331	0
10983672	0
5706920	0
22242663	0
2240225	0
40386056	0
19943538	0
13647016	0
12106238	0
2810065	0
321520	0
3766477	0
255064	0
2109740	0
46710825	0
23479834	0
40968211	0
30557142	0
27432332	0
7237912	0
3086544	0
1271371	0
44324241	0
35686034	0
7770949	0
22381752	0
31193869	0
883836	0
25920274	0
15265858	0
16716144	0
17520767	0
34463348	0
3606074	0
21238217	0
40516767	0
46935595	0
1844939	0
28609100	0
35306676	0
10363778	0
2851967	0
992451	0
5553568	0
358062	0
25032565	0
6151634	0
8175054	0
15115112	0
15797326	0
9362698	0
41808894	0
205488	0
11194156	0
1971197	0
6616626	0
5322009	0
4844441	0
27504514	0
9845814	0
12034814	0
28281667	0
33020604	0
118175	0
20821646	0
29372252	0
10986705	0
13496069	0
9457949	0
6171034	0
28759353	0
7817684	0
8257805	0
25925020	0
132272	0
33609136	0
1852192	0
2279756	0
5844410	0
36632860	0
30782095	0
1598296	0
6093362	0
6787560	0
15693144	0
17859737	0
13826497	0
17114859	0
7001555	0
5407192	0
13153337	0
27442451	0
7246899	0
33657876	0
15835226	0
243824	0
12521633	0
150955	0
27291271	0
3556904	0
4416420	0
745334	0
1271076	0
383607	0
12528650	0
13154183	0
12264016	0
12859114	0
1149381	0
11640159	0
6975461	0
4584030	0
19679859	0
31366827	0
41938833	0
884843	0
1715601	0
2613854	0
746464	0
32062594	0
7030746	0
27658428	0
501244	0
198061	0
28018225	0
868370	0
9185895	0
43053782	0
12513062	0
34512087	0
8477119	0
9389109	0
7378092	0
23832268	0
33142873	0
31554	0
18137936	0
32627630	0
29852521	0
497663	0
7923027	0
2608329	0
6610859	0
5026271	0
36792059	0
26059	0
20615092	0
21152946	0
1267911	0
24651016	0
18400714	0
6980294	0
23980522	0
735962	0
6372394	0
3435016	0
7605362	0
46259339	0
1545633	0
12853766	0
93249	0
6623102	0
37327843	0
21695139	0
46348739	0
47840776	0
3370649	0
40993529	0
11740026	0
1311873	0
4781051	0
118842	0
1123762	0
9601228	0
39379007	0
23405693	0
7219616	0
837789	0
4604429	0
5470669	0
31574291	0
11108009	0
16969799	0
16702847	0
38252401	0
13301860	0
117735	0
26456353	0
2431974	0
4858437	0
632388	0
6816331	0
40555578	0
5131815	0
23998041	0
20906246	0
18057555	0
18100369	0
718728	0
6785027	0
4969603	0
22648279	0
6818179	0
33804223	0
44786455	0
723634	0
405992	0
956030	0
43458149	0
690939	0
37964004	0
1201825	0
530095	0
294829	0
19081	0
7426998	0
3563437	0
35201053	0
26428484	0
25230697	0
21274117	0
31403431	0
9494326	0
933485	0
4192120	0
27431649	0
12577399	0
2647804	0
16295671	0
9467930	0
25095660	0
28963115	0
4182026	0
36918840	0
151023	0
26246820	0
41449630	0
3675206	0
33092848	0
42210031	0
9998996	0
14181353	0
483420	0
10068241	0
5563232	0
38234947	0
22902570	0
151043	0
21481195	0
324230	0
3206982	0
12812432	0
3944200	0
3749778	0
15986068	0
23963892	0
4011823	0
17205642	0
951465	0
23080421	0
3340329	0
21720017	0
2136978	0
7902098	0
1910002	0
259999	0
26366065	0
42302978	0
35879586	0
18007213	0
10483504	0
6257513	0
17607446	0
116428	0
10648964	0
12804411	0
3939799	0
7468597	0
1364249	0
21833103	0
35915815	0
36419634	0
594538	0
5822235	0
22281079	0
4236179	0
9209680	0
12394853	0
23485308	0
46848838	0
