8875	1
344068	1
13859537	1
2256005	1
8828031	1
92931	1
1767875	1
4647288	1
19029	1
12199835	1
21747657	1
4207707	1
7825506	1
7201394	1
22468	1
5592225	1
26579365	1
11858500	1
1145492	1
44182595	1
3901979	1
25965538	1
3549274	1
1939516	1
907374	1
4683449	1
3500408	1
2127585	1
718530	1
26266036	1
2819577	1
596825	1
158226	1
27040	1
355852	1
17416258	1
8670724	1
12731119	1
4287462	1
15770152	1
3301347	1
9350671	1
6867661	1
12479996	1
30725095	1
381613	1
88887	1
1593017	1
5339026	1
12821232	1
452112	1
5321169	1
31238137	1
5567972	1
22380047	1
944563	1
8711555	1
536843	1
30351856	1
5626569	1
4379805	1
8113947	1
39005348	1
101594	1
28317699	1
22649523	1
30549208	1
2693965	1
5385184	1
32571026	1
222949	1
14653582	1
1606874	1
1472761	1
18617829	1
1525519	1
427989	1
18355211	1
1307115	1
2612774	1
689613	1
2909222	1
2760963	1
2041539	1
30204158	1
26954	1
5058690	1
1130227	1
24508144	1
1941291	1
4635653	1
896812	1
6754769	1
8747125	1
3838015	1
5072715	1
1776943	1
9851023	1
28042876	1
2567076	1
26758492	1
1297768	1
161696	1
5816	1
164205	1
2002131	1
1236650	1
2854265	1
1324703	1
2524460	1
3801434	1
3069509	1
1048612	1
18835454	1
328051	1
1234526	1
31496215	1
24216358	1
89697	1
11523957	1
16457	1
27193515	1
21698033	1
894313	1
21438795	1
4753550	1
893147	1
884104	1
2465976	1
2066802	1
66231	1
6133840	1
3221214	1
3725280	1
4569237	1
2013782	1
7276177	1
8886560	1
10821674	1
22883245	1
839534	1
7433093	1
26535732	1
85455	1
18589083	1
22396683	1
2800468	1
1917623	1
70718	1
169286	1
2495656	1
37438702	1
729587	1
3774994	1
175850	1
16760	1
1139944	1
9144190	1
2847655	1
7207679	1
2577429	1
944866	1
28616836	1
47863330	1
161131	1
922802	1
11015252	1
33149657	1
30921645	1
2032925	1
2793449	1
28247989	1
347647	1
3750935	1
3177615	1
8478693	1
32821	1
38054560	1
676331	1
928762	1
8567128	1
13037	1
12926104	1
7571205	1
63689	1
5440681	1
47312222	1
36158719	1
2925227	1
945161	1
1010964	1
1433834	1
1004953	1
25283302	1
10121123	1
181998	1
547791	1
1341768	1
44494596	1
1029537	1
4311863	1
9002312	1
9595500	1
1793072	1
7321030	1
12213159	1
20947337	1
4244670	1
685694	1
3317607	1
29287	1
7801397	1
32804975	1
758401	1
19484883	1
929556	1
48664163	1
30067448	1
9556492	1
3398710	1
161704	1
261633	1
1862287	1
22730635	1
28840	1
47271530	1
1754543	1
143096	1
25091460	1
11009906	1
4604526	1
2739841	1
5474593	1
1477353	1
2251714	1
10298829	1
13554518	1
5732917	1
666644	1
1443316	1
4053827	1
9049541	1
1725710	1
293592	1
8329606	1
6776997	1
13897818	1
31025478	1
15304236	1
1795131	1
3531817	1
31096727	1
318233	1
6167451	1
17112158	1
5389246	1
59886	1
907154	1
8567352	1
362662	1
18545803	1
25803609	1
1796057	1
2968830	1
17700360	1
32111375	1
410356	1
2585593	1
1581807	1
3842225	1
18168308	1
8586622	1
10531314	1
422892	1
37877817	1
7895229	1
19801531	1
3135608	1
47424244	1
7190532	1
2691497	1
5815788	1
9534965	1
2478940	1
1421740	1
296849	1
2000182	1
1430945	1
9360279	1
40249818	1
9467438	1
2634976	1
45092887	1
7574790	1
37121608	1
4223827	1
1454518	1
48251659	1
1014544	1
6150962	1
2665691	1
181075	1
4077749	1
4367492	1
168366	1
2065644	1
241458	1
24260	1
1503181	1
4339803	1
2308951	1
1696096	1
38327873	1
2354633	1
1359184	1
12852656	1
5154894	1
414139	1
10281935	1
30874970	1
68378	1
1959863	1
8675313	1
11188	1
880044	1
30636	1
596160	1
18364067	1
26763573	1
397064	1
28828420	1
3118134	1
25798673	1
19594563	1
44969225	1
1786479	1
28178435	1
567874	1
184831	1
5794124	1
2744652	1
364723	1
18998750	1
24979053	1
467099	1
1364899	1
44490919	1
2609449	1
75899	1
1856393	1
37299684	1
18724874	1
8346899	1
4894738	1
97104	1
22529006	1
202851	1
160232	1
2240505	1
20960936	1
8885976	1
1727511	1
27492031	1
167967	1
2643319	1
3218713	1
2501644	1
3763496	1
2691676	1
4044384	1
15863499	1
24423092	1
2181839	1
6222647	1
1590732	1
4968179	1
212270	1
42824008	1
146382	1
29694234	1
4577498	1
499963	1
16743195	1
7383485	1
1861034	1
2252692	1
83392	1
144615	1
25698113	1
1267147	1
154144	1
249427	1
2458703	1
2118516	1
2095974	1
5852860	1
441906	1
32750889	1
8716684	1
30002498	1
7475213	1
43596920	1
8574142	1
48618	1
1206582	1
53374	1
38819008	1
4098056	1
1469695	1
27708233	1
6768075	1
2139816	1
1518270	1
1256128	1
233039	1
46856311	1
18120973	1
766841	1
854042	1
12244038	1
10613136	1
488974	1
5181225	1
212822	1
26106152	1
354115	1
2400401	1
21752346	1
2880468	1
322491	1
328210	1
5438808	1
959417	1
5183633	1
220810	1
32311081	1
3591767	1
20958639	1
350325	1
1335715	1
5401394	1
898990	1
3093897	1
481099	1
273777	1
32786931	1
2439584	1
25079840	1
1947311	1
40067475	1
2891370	1
4131704	1
4333756	1
91580	1
3881263	1
28030302	1
30641	1
36988542	1
3389915	1
26295	1
1352890	1
3977425	1
542403	1
2291907	1
8156282	1
395460	1
451351	1
577774	1
169114	1
2641959	1
14977038	1
570357	1
5934938	1
9084606	1
7584040	1
2782359	1
175575	1
25816542	1
11350779	1
23399865	1
41193179	1
2080695	1
18807862	1
17941295	1
7397035	1
28875332	1
183635	1
6848807	1
92175	1
1216853	1
27664252	1
198395	1
1307620	1
3429543	1
630618	1
18985454	1
158991	1
14109	1
15215979	1
489526	1
18633092	0
13038317	0
48920890	0
4958172	0
2490600	0
34577936	0
17731849	0
31672074	0
2999731	0
1065542	0
10862673	0
49140206	0
4998392	0
10231400	0
2758865	0
16695787	0
1928439	0
3086610	0
2527411	0
646965	0
9472055	0
785587	0
35806492	0
14656931	0
28540862	0
3925084	0
12032423	0
6009073	0
17417861	0
15488254	0
39301462	0
132148	0
11300139	0
12457321	0
2097939	0
47015956	0
27673334	0
3163810	0
5337827	0
2448333	0
7974685	0
13110876	0
6150659	0
42949955	0
38206404	0
17396264	0
3216299	0
8961510	0
4821316	0
28488345	0
4925	0
14905544	0
4646233	0
9578	0
2026184	0
23721677	0
7919150	0
17847824	0
27901927	0
2079141	0
4712809	0
130910	0
21375491	0
151565	0
1956187	0
39331424	0
34519764	0
996843	0
2156488	0
138203	0
16980734	0
1680774	0
18843667	0
14724592	0
15416781	0
9748315	0
2003238	0
22208831	0
8562834	0
12467956	0
870474	0
1010982	0
29828372	0
8677101	0
30076558	0
343293	0
24096728	0
5887247	0
19307208	0
867155	0
1642899	0
1042551	0
8119167	0
1812510	0
719677	0
45019669	0
799261	0
33181586	0
236636	0
5702952	0
3352783	0
7238141	0
21886943	0
4695828	0
1002372	0
9614155	0
4732135	0
16567877	0
462993	0
134171	0
334703	0
14625011	0
19242288	0
31168438	0
6275466	0
438474	0
6275093	0
24771182	0
24617101	0
9955453	0
39570	0
35945203	0
10172033	0
12528597	0
11243673	0
5823030	0
12089885	0
8157395	0
17519874	0
17363536	0
205135	0
165433	0
21849368	0
36993205	0
18625814	0
129565	0
15912770	0
15040680	0
7369039	0
34454833	0
12879183	0
10149168	0
36382684	0
18934701	0
149127	0
39518559	0
967742	0
6240333	0
7271701	0
48168338	0
35251528	0
24068365	0
34498925	0
46624914	0
215141	0
20070401	0
760437	0
29405392	0
33408823	0
48396738	0
18692430	0
15189067	0
24959347	0
6807476	0
1260864	0
312597	0
106138	0
3866069	0
30011040	0
49197370	0
3320595	0
25474950	0
2611362	0
35337110	0
46780325	0
22950123	0
27331998	0
41443953	0
35761027	0
12568734	0
46950025	0
22751944	0
1299948	0
1147302	0
20069653	0
37561829	0
15854210	0
9346750	0
44118957	0
30662	0
8225812	0
33269419	0
17910827	0
34930659	0
37017498	0
1502828	0
90925	0
1395865	0
1954053	0
23561477	0
42484142	0
11854668	0
6550737	0
28275342	0
37660218	0
2549730	0
1857481	0
22234095	0
20342126	0
23654692	0
19033995	0
28180729	0
26139985	0
21632842	0
29352699	0
2328615	0
11904422	0
6790818	0
7457589	0
4521904	0
1423553	0
46424919	0
1331861	0
19902738	0
34197619	0
9963157	0
12869641	0
4450757	0
25433037	0
29002564	0
10159207	0
5979613	0
28870855	0
8291105	0
574262	0
2210864	0
18905577	0
39411464	0
32125719	0
4112069	0
22754688	0
573110	0
13617836	0
8617643	0
3847226	0
12537744	0
37635786	0
1884580	0
5297916	0
19574983	0
96357	0
5201251	0
15769792	0
9204734	0
2131812	0
32533610	0
27444952	0
27854640	0
10389530	0
7604229	0
108723	0
4775710	0
2673701	0
21165598	0
7838726	0
15109088	0
1348701	0
7480889	0
36293973	0
32208443	0
1669717	0
3052737	0
16974272	0
2647130	0
18044620	0
48867950	0
518114	0
37916038	0
2589962	0
7997569	0
44677306	0
703719	0
21452834	0
6981563	0
18675293	0
1160222	0
24120105	0
3280416	0
33738555	0
28200383	0
6262888	0
7785474	0
25306666	0
12894746	0
38241315	0
16664984	0
30391520	0
35493031	0
2363318	0
1619872	0
14748561	0
577333	0
22267479	0
624411	0
6593856	0
20022911	0
34943134	0
44899017	0
38755274	0
20519862	0
5316468	0
125414	0
2413297	0
2590330	0
5404755	0
2449963	0
7233630	0
34974670	0
40041458	0
15911563	0
43136201	0
3764919	0
13326740	0
3744760	0
279548	0
30690165	0
4292440	0
41126849	0
3922720	0
5814318	0
36525163	0
27358196	0
286556	0
3077082	0
10049838	0
108236	0
12935549	0
7134489	0
13737946	0
22600161	0
27320122	0
1681397	0
180721	0
28418729	0
1231425	0
43859740	0
1586847	0
20949520	0
11283885	0
20034640	0
5271376	0
20685484	0
4177501	0
18801115	0
4147259	0
22070378	0
1127282	0
4605426	0
2006453	0
1345848	0
127829	0
34594058	0
339186	0
21775999	0
451399	0
35023592	0
3153348	0
22574406	0
6582103	0
42583726	0
21286779	0
191538	0
3483021	0
1148315	0
5464703	0
5230721	0
10508004	0
8253403	0
7672022	0
2161927	0
15785279	0
9278229	0
20629497	0
3626231	0
2517871	0
19360043	0
5842703	0
15621048	0
37921250	0
5570636	0
2061939	0
381026	0
33966973	0
15517507	0
700524	0
105883	0
17794498	0
20351304	0
30778113	0
10059417	0
15467046	0
97686	0
13797462	0
14369721	0
10019181	0
335442	0
29385655	0
31607	0
4635071	0
39073425	0
9744335	0
7208566	0
120134	0
23418469	0
245357	0
7203751	0
16868674	0
562786	0
402336	0
497170	0
30114245	0
4348939	0
2851558	0
911662	0
4417206	0
3640190	0
34737210	0
14142134	0
1327185	0
27868407	0
24007494	0
4318047	0
1343190	0
15441687	0
43765315	0
2506908	0
30319579	0
2503975	0
595593	0
71072	0
32656653	0
32579862	0
33915702	0
33156548	0
26923920	0
17303066	0
47516037	0
3056453	0
23338566	0
9622028	0
27204446	0
5611171	0
328912	0
1994836	0
13276251	0
20591391	0
6884219	0
1209221	0
15177382	0
26653269	0
22807088	0
8517153	0
1634097	0
737877	0
2143286	0
1039406	0
328622	0
7546223	0
9406442	0
19379512	0
15177639	0
7219360	0
28238194	0
345867	0
1812228	0
11652758	0
4592990	0
131343	0
3313010	0
13310954	0
32895716	0
622111	0
2095515	0
594848	0
322257	0
7018522	0
5994283	0
15049053	0
2806454	0
15978951	0
899165	0
399431	0
108240	0
5017885	0
922673	0
1119398	0
5167474	0
32655002	0
131915	0
1886619	0
