2156759	1
2395168	1
1297462	1
2290898	1
127995	1
13446166	1
7181109	1
4441002	1
1762266	1
3697307	1
30502914	1
4057850	1
4955851	1
3174689	1
1256797	1
11576800	1
961423	1
7164785	1
18220029	1
6558196	1
12702924	1
134356	1
1615504	1
116313	1
5188190	1
473803	1
2514060	1
1566345	1
4435142	1
13088442	1
206965	1
14134356	1
3647329	1
18829013	1
27022644	1
7919332	1
427584	1
1730085	1
24229847	1
5942303	1
4670312	1
228822	1
6902506	1
473815	1
9812436	1
419014	1
21640310	1
70775	1
27866852	1
3849777	1
4658739	1
18920459	1
25855664	1
902385	1
8216525	1
340091	1
5367214	1
387778	1
6737193	1
2316901	1
4268035	1
2289399	1
3336536	1
259954	1
1211545	1
1977519	1
8781428	1
787424	1
2852934	1
21981058	1
902584	1
3033568	1
13904865	1
443702	1
1034846	1
6934074	1
1897297	1
5999540	1
16304774	1
41246769	1
3732685	1
6086260	1
546466	1
127054	1
11369616	1
6483525	1
1698710	1
17627053	1
798838	1
709150	1
766631	1
472369	1
8224911	1
10589375	1
5282575	1
24870627	1
345639	1
627182	1
3879645	1
903175	1
904711	1
4160962	1
3802981	1
4157818	1
126823	1
5820958	1
4032009	1
89483	1
18243509	1
259490	1
478226	1
3760499	1
4140009	1
88879	1
3800903	1
1521474	1
8492547	1
3031637	1
11747899	1
1782301	1
100696	1
6750246	1
13929379	1
5813389	1
35126331	1
473855	1
151241	1
16436164	1
804779	1
11330249	1
23971692	1
4198975	1
86408	1
24209386	1
4647888	1
4938828	1
406748	1
1635251	1
2754737	1
19998020	1
4573359	1
577835	1
12767312	1
5807411	1
2791746	1
92013	1
5327433	1
21436350	1
797273	1
16251515	1
863435	1
153117	1
7212401	1
37139	1
8225440	1
182321	1
39279409	1
94069	1
1031692	1
18465046	1
7628451	1
1624379	1
809205	1
31385798	1
3751073	1
2434441	1
2010782	1
2120866	1
29189665	1
298606	1
5504541	1
3932546	1
504115	1
10183720	1
28528756	1
1555310	1
1566970	1
19305122	1
2541218	1
10182514	1
2310945	1
13182180	1
4237140	1
7521654	1
2661319	1
5807482	1
31353	1
99679	1
18439799	1
2411252	1
37735328	1
2526193	1
8256077	1
189710	1
995856	1
13188400	1
3740577	1
2516766	1
3053120	1
9813901	1
4681791	1
16996915	1
10137133	1
6243045	1
1581060	1
2837901	1
38731702	1
93468	1
35644943	1
20598623	1
8107464	1
11931868	1
3280486	1
531176	1
1865380	1
21116595	1
343142	1
10766374	1
3639590	1
12284552	1
21378741	1
429108	1
511211	1
5706626	1
165057	1
13238964	1
21522417	1
12963525	1
2207297	1
35277277	1
12850726	1
343182	1
8247788	1
8035710	1
27555853	1
335128	1
633679	1
11048071	1
12468938	1
3810856	1
37497083	1
19233735	1
84195	1
2176179	1
15139509	1
21981062	1
2623648	1
6253701	1
47012213	1
1001759	1
240307	1
874376	1
99924	1
98986	1
5188974	1
7483601	1
35387692	1
621938	1
7919234	1
57226	1
5849241	1
8219512	1
8675630	1
613772	1
3606022	1
885103	1
284629	1
4797195	1
1001988	1
232186	1
386995	1
6948080	1
338248	1
635172	1
20649214	1
8247615	1
2305466	1
5120318	1
8133578	1
289952	1
5158262	1
8442379	1
443940	1
336922	1
4241549	1
89542	1
21102461	1
523186	1
3732184	1
6260057	1
484105	1
3745478	1
18314133	1
83608	1
18563972	1
6814485	1
5421	1
34536	1
8216533	1
3349834	1
1058335	1
603197	1
10074409	1
75235	1
6175273	1
4142321	1
7589222	1
3348895	1
4265675	1
4398440	1
2067877	1
2475373	1
1823131	1
4965481	1
1120475	1
2791802	1
8223032	1
3485483	1
3436211	1
6429535	1
841422	1
24408411	1
24184639	1
1094612	1
6868942	1
697976	1
14098260	1
5878763	1
48444895	1
418100	1
543825	1
531173	1
3123960	1
333790	1
8708651	1
2265681	1
5292105	1
1616767	1
1612472	1
28105313	1
3151757	1
8204918	1
382036	1
2029364	1
4343255	1
20964636	1
572758	1
2292560	1
920556	1
6147909	1
924125	1
7252118	1
3061733	1
208265	1
112592	1
4084760	1
377816	1
496486	1
135197	1
1618839	1
1619379	1
1239010	1
3888641	1
4374194	1
3898177	1
1183084	1
8138361	1
987467	1
2095027	1
11477181	1
6108215	1
4361921	1
902596	1
53276	1
12823760	1
3793967	1
18915886	1
131540	1
6153766	1
1459281	1
1418642	1
6065590	1
4930515	1
27445095	1
2925176	1
137599	1
2452455	1
6553093	1
3502378	1
467272	1
6769448	1
29162065	1
10614181	1
11717277	1
526544	1
993255	1
17514778	1
514712	1
6524881	1
735785	1
722782	1
7984484	1
1291031	1
16784225	1
498154	1
5440414	1
193449	1
353400	1
17818402	1
1624375	1
531147	1
5646657	1
2856609	1
4199957	1
1339510	1
1865488	1
2318376	1
2338965	1
18422574	1
2407338	1
5959107	1
1041133	1
4539191	1
2110020	1
25844706	1
2012395	1
786278	1
8167227	1
8093387	1
53274	1
399947	1
1037471	1
7880861	1
3570658	1
1259863	1
1107980	1
7261326	1
10328575	1
5176220	1
541782	1
8982314	1
627036	1
96746	1
9585329	1
3638382	1
26204420	1
27203644	1
4290059	1
2161705	1
38632515	1
18011131	1
25830547	1
4075341	1
134215	1
18842998	1
7920198	1
25071095	1
18473385	1
14308	1
3742460	1
13953610	1
154240	1
3131784	1
19636141	1
2082836	1
5642495	1
902392	1
1420830	1
6165438	1
648574	1
1982308	1
4581400	1
11537392	1
353189	1
5430296	1
111473	1
345634	1
231036	1
109292	1
31538446	1
1905410	1
2185926	1
8013134	1
2291079	1
643050	1
531209	1
367441	1
35006156	1
516295	1
352476	1
36763301	1
3770504	1
90711	1
26753611	1
34443482	1
151032	1
247016	1
3892762	1
338252	1
2957003	1
39315354	0
11757669	0
19047917	0
42181142	0
17060891	0
16047141	0
39365532	0
8029442	0
132359	0
21622658	0
23532762	0
31499896	0
945726	0
1835441	0
1263961	0
2601508	0
30805283	0
2864262	0
19436870	0
13319746	0
4325107	0
34686459	0
11831127	0
462734	0
24972510	0
3332327	0
13372803	0
4802194	0
5885018	0
2258823	0
3653782	0
30496929	0
5941891	0
410206	0
14187377	0
1514940	0
2964208	0
36781983	0
3244005	0
23607533	0
130665	0
3116857	0
17201248	0
209115	0
37428784	0
7844110	0
1837972	0
26857665	0
6081739	0
43577983	0
1198710	0
2070074	0
33183505	0
786424	0
4891163	0
39847708	0
1727855	0
7860865	0
19643196	0
1767497	0
5814224	0
23796429	0
8654882	0
37999963	0
4443706	0
17580864	0
607038	0
29694992	0
25649077	0
12948312	0
8841520	0
5507511	0
9641301	0
13987978	0
21810044	0
7975041	0
564196	0
6309501	0
27339219	0
5991667	0
8865579	0
2672672	0
47818648	0
12265129	0
30413142	0
40821054	0
238684	0
37985010	0
178406	0
17722145	0
6611567	0
129302	0
48835	0
23673291	0
45076732	0
4580394	0
6744155	0
7864397	0
43122409	0
4330135	0
10188907	0
664792	0
95042	0
325477	0
43258574	0
2785491	0
16536637	0
11039211	0
4098799	0
29595599	0
123587	0
9736831	0
3328604	0
1126811	0
18359122	0
12760264	0
9386546	0
19912744	0
22362932	0
4661501	0
21910360	0
25615432	0
5225564	0
832314	0
22310865	0
15138845	0
32610	0
2633445	0
26329177	0
7551265	0
29478387	0
6140451	0
6759437	0
37030897	0
760812	0
6043499	0
43912762	0
230281	0
34557556	0
15104343	0
730640	0
14516778	0
24466540	0
3998379	0
3643418	0
34027685	0
7617469	0
1178488	0
17227802	0
17820195	0
128136	0
41297068	0
232137	0
4608403	0
24684948	0
33980982	0
32661386	0
8035260	0
1369237	0
67679	0
2766566	0
3207181	0
129993	0
1351314	0
39849173	0
2738546	0
17302380	0
1494072	0
4146354	0
9407938	0
3004464	0
34761366	0
6554937	0
7603160	0
47734496	0
2539643	0
8503758	0
11938118	0
16424929	0
84325	0
17898145	0
5135762	0
2212890	0
400991	0
21978401	0
10581768	0
38649350	0
26573413	0
15541765	0
19198	0
12008779	0
12894298	0
7810017	0
178153	0
44556800	0
543175	0
2495257	0
22684336	0
8754755	0
22243298	0
12238796	0
2604705	0
38128752	0
27721416	0
181146	0
5513786	0
2147	0
18396002	0
2269446	0
12746952	0
2437666	0
21556772	0
56111	0
239909	0
1306273	0
3329022	0
4449092	0
2707141	0
12072805	0
36803303	0
37568657	0
20950040	0
19280813	0
7739911	0
9029175	0
16407371	0
2825653	0
16335290	0
39403363	0
43730240	0
33825652	0
5395844	0
15356361	0
23945166	0
4198384	0
24165299	0
33242859	0
16012662	0
20643032	0
611777	0
39504245	0
5962472	0
36273853	0
5000501	0
1701840	0
972862	0
2943008	0
940627	0
5081223	0
16263030	0
30239244	0
40707548	0
1013238	0
49003654	0
4203569	0
17092767	0
22934720	0
12561522	0
2335158	0
486649	0
28344793	0
9543303	0
9878	0
232410	0
30175463	0
1122584	0
5807039	0
7297836	0
15467714	0
30584754	0
2246074	0
13491553	0
48580836	0
26897893	0
7142713	0
16061617	0
8513323	0
18205915	0
23453206	0
593655	0
31549656	0
4780596	0
30469883	0
843892	0
43474234	0
26735882	0
31504532	0
13374071	0
40171379	0
720314	0
7354264	0
10969965	0
23476529	0
368418	0
76371	0
25990273	0
990764	0
1675671	0
31531525	0
5770452	0
30653172	0
12538750	0
30558896	0
13451856	0
29556666	0
802086	0
3503218	0
1267560	0
27744408	0
886036	0
7561408	0
9114857	0
31930892	0
18716135	0
18266696	0
2021732	0
4113177	0
435330	0
2433601	0
23211829	0
24815701	0
7034437	0
5371299	0
5689815	0
15660378	0
8648865	0
5897968	0
24332728	0
48246534	0
1443304	0
18743315	0
2326210	0
3478886	0
43581467	0
6218012	0
1619647	0
34236986	0
3190425	0
12789442	0
44016446	0
169989	0
33089057	0
10640990	0
42739633	0
10719401	0
5536841	0
4355941	0
19410541	0
1331882	0
41328505	0
37190604	0
26507040	0
234374	0
1483025	0
4547323	0
6488258	0
8855787	0
21599987	0
183306	0
2407641	0
4005	0
30935463	0
3544037	0
10037860	0
28300748	0
16991965	0
31508492	0
12315374	0
29220695	0
5982588	0
47752251	0
14309833	0
19505301	0
24202164	0
1299252	0
13142889	0
14948088	0
4184676	0
8339965	0
1779639	0
35710028	0
2978404	0
27755941	0
33155418	0
27648874	0
4495663	0
9419057	0
28175944	0
1988627	0
368703	0
701853	0
47639345	0
4689577	0
13023542	0
5717060	0
22325060	0
30224624	0
14434425	0
29411312	0
199498	0
2024484	0
21422	0
15622194	0
1692736	0
154882	0
165320	0
48615596	0
32145462	0
8746080	0
2214154	0
5604457	0
1653220	0
117541	0
6802850	0
2541503	0
13965663	0
2783616	0
3183781	0
6360969	0
5331911	0
31658515	0
9953666	0
45200515	0
8876287	0
47413276	0
45650788	0
9958345	0
6514702	0
18265111	0
31230768	0
5805425	0
16236513	0
3114890	0
8570289	0
10518186	0
3578206	0
1053595	0
112701	0
22209100	0
10262197	0
6389061	0
10542779	0
4047863	0
2882027	0
41524	0
6846957	0
2509204	0
18077213	0
3835759	0
1072822	0
732810	0
1387414	0
31365	0
2055060	0
401663	0
36055531	0
995297	0
17271453	0
2722209	0
35836039	0
22390195	0
4992344	0
21458200	0
45831	0
17124715	0
24750454	0
30571808	0
12058301	0
35397113	0
118040	0
30849143	0
7348578	0
305037	0
1401255	0
3616279	0
13849847	0
401578	0
17557264	0
48705645	0
5276734	0
5361328	0
27473929	0
8684763	0
239086	0
21825873	0
20330579	0
34010966	0
37746411	0
49488654	0
194044	0
2867623	0
558169	0
38879441	0
647445	0
5991791	0
1175013	0
3373378	0
12055389	0
8553689	0
3388121	0
