706038	1
19644137	1
168876	1
19792942	1
2991704	1
30677543	1
19485841	1
18370552	1
3395	1
739384	1
56269	1
183814	1
28631	1
1464832	1
9314592	1
987370	1
246275	1
6589190	1
18604503	1
6953049	1
1145037	1
10853299	1
457487	1
4451356	1
177840	1
14203818	1
88070	1
1291746	1
1425511	1
2790	1
460536	1
2837809	1
8262	1
794266	1
3977538	1
528126	1
151799	1
14566429	1
894431	1
1932771	1
38577	1
714878	1
1245121	1
2646618	1
31737	1
835151	1
1024940	1
11288259	1
330316	1
394430	1
195932	1
84588	1
100488	1
29577999	1
1810226	1
29032	1
1636627	1
694222	1
451127	1
377143	1
8792296	1
6780090	1
4904444	1
177267	1
636954	1
413823	1
74803	1
59020	1
3330815	1
6636016	1
7725581	1
513843	1
23408931	1
1286754	1
6806137	1
554985	1
264430	1
389664	1
4551718	1
580383	1
16524593	1
606531	1
761302	1
383367	1
6723417	1
47607	1
418944	1
3380086	1
22608491	1
1463433	1
17039101	1
903414	1
351957	1
12741186	1
173634	1
871396	1
1536200	1
1460518	1
14487627	1
175859	1
192517	1
426458	1
153882	1
15312313	1
2170969	1
405361	1
2276267	1
17160	1
40854186	1
8523579	1
23251	1
1108096	1
7070301	1
19272851	1
645747	1
68074	1
28061517	1
2079455	1
84607	1
9326896	1
43828318	1
20345569	1
33627491	1
3719867	1
333050	1
30876968	1
159083	1
163805	1
21550	1
742087	1
971026	1
27253289	1
2309979	1
374494	1
13073002	1
193502	1
3876457	1
1623709	1
8133962	1
6494435	1
207068	1
11020713	1
2003312	1
1356414	1
336179	1
445650	1
2480392	1
2177800	1
22093	1
27619007	1
1754605	1
20171601	1
31884460	1
509209	1
3234366	1
32393	1
22102102	1
16128699	1
694625	1
1799027	1
2798622	1
907949	1
105722	1
4443328	1
8544720	1
3216355	1
460243	1
2198578	1
335291	1
3030170	1
560704	1
3224745	1
1010610	1
17431092	1
3771325	1
2413074	1
183505	1
8057269	1
34358	1
62912	1
3466	1
215246	1
540331	1
24934107	1
4273635	1
38707829	1
38222746	1
301574	1
3502051	1
35790654	1
18617829	1
22591	1
2202835	1
87678	1
2557291	1
2345799	1
155026	1
6080752	1
4481	1
14171156	1
50815	1
1841727	1
9209	1
1703402	1
1130441	1
622106	1
446099	1
957143	1
92550	1
63109	1
174455	1
1399340	1
534458	1
2912594	1
23752030	1
6184810	1
685789	1
1160412	1
12351101	1
2541491	1
1282593	1
1342124	1
20867822	1
22744891	1
15113140	1
405116	1
313075	1
2913308	1
3714597	1
9755178	1
23880169	1
2133681	1
1658421	1
1856910	1
101483	1
317505	1
24774629	1
234171	1
6148329	1
226928	1
2094975	1
274600	1
7895061	1
458076	1
1409989	1
48337	1
1562655	1
14131	1
327298	1
1059896	1
10556147	1
469308	1
143164	1
101726	1
14422995	1
23273	1
1616030	1
13491138	1
1131926	1
5230615	1
38783504	1
20768681	1
393786	1
1431830	1
19555342	1
5195275	1
19567	1
3875384	1
392047	1
690109	1
93827	1
8660936	1
1873492	1
6113723	1
24626	1
582463	1
15322857	1
2073967	1
128452	1
3383554	1
363792	1
989523	1
22318219	1
72336	1
20590	1
667018	1
197889	1
15545935	1
834322	1
20813	1
1476274	1
1935683	1
683873	1
1542795	1
1602780	1
18680817	1
354090	1
1329168	1
64646	1
22108836	1
24540413	1
237707	1
1466668	1
1142258	1
11749910	1
19594028	1
93760	1
68334	1
1267494	1
106374	1
2209124	1
3667033	1
6429645	1
484036	1
3180923	1
24536700	1
277667	1
1219563	1
4268866	1
316857	1
37235915	1
2130638	1
10566965	1
14640255	1
1056700	1
10874116	1
2844938	1
4438251	1
21854	1
31365	1
666088	1
38936479	1
7353683	1
204019	1
1463918	1
19985712	1
4377	1
362422	1
249326	1
25866	1
10269131	1
2959635	1
23023839	1
12979860	1
6966568	1
21853266	1
1711468	1
23304	1
1508190	1
37969	1
25978805	1
9462114	1
10109223	1
542304	1
6926270	1
1305604	1
1809243	1
1874511	1
14979029	1
199353	1
1064537	1
39062094	1
7892261	1
399885	1
1468961	1
24671431	1
938712	1
24303531	1
5264608	1
20540615	1
146424	1
673804	1
8109250	1
5158901	1
3094973	1
12929821	1
1614615	1
1068606	1
18950683	1
19878320	1
23984678	1
552897	1
227912	1
53219	1
1065289	1
119247	1
1065532	1
8285399	1
477608	1
286837	1
410948	1
10124096	1
14421566	1
36957180	1
685906	1
226920	1
8078847	1
36721052	1
1168454	1
20850090	1
861284	1
385290	1
36732	1
7246809	1
9961434	1
5834053	1
277284	1
529891	1
1801629	1
16575110	1
199445	1
19191789	1
64495	1
509486	1
23998972	1
20940473	1
11956589	1
851218	1
1326367	1
33388365	1
22096495	1
13201483	1
91113	1
748685	1
6268056	1
3166405	1
2144747	1
2842301	1
27439164	1
7021620	1
1168808	1
8232648	1
5315100	1
277892	1
91452	1
2047175	1
170459	1
177646	1
805994	1
40718141	1
6803296	1
13825869	1
312566	1
2859686	1
554992	1
508567	1
2101284	1
352603	1
445285	1
230266	1
1369838	1
35948619	1
5432440	1
18976459	1
21222062	1
648923	1
181720	1
2862757	1
15046	1
916382	1
22349307	1
9345924	1
1948742	1
146315	1
1680683	1
81066	1
85036	1
18673	1
314924	1
13972657	1
1114928	1
844538	1
1896864	1
176157	1
401017	1
375660	1
977933	1
15703656	1
968856	1
2604152	1
1576	1
4728	1
381477	1
1399844	1
904807	1
1874562	1
3175851	1
747234	1
344815	1
10614722	1
2700888	1
6231554	1
4195663	1
1648540	1
40071004	1
30922249	1
3794673	1
11952518	1
530494	1
2970260	1
42972971	0
38471852	0
5984617	0
1302375	0
8902387	0
35343308	0
24067437	0
8527634	0
10612821	0
8721464	0
15022499	0
12426642	0
43983324	0
5613361	0
9437926	0
6741121	0
10719193	0
2109865	0
32166619	0
5598360	0
11960679	0
15923391	0
32655519	0
3243088	0
27689636	0
341474	0
135676	0
1706661	0
708539	0
4198089	0
4756243	0
401803	0
37850511	0
2392365	0
30851303	0
40600915	0
49524294	0
23581778	0
548997	0
13661785	0
3348649	0
9318948	0
31284357	0
20733791	0
9504325	0
2277249	0
4108440	0
6664033	0
11461741	0
7573957	0
14077281	0
36170993	0
8149723	0
3800621	0
25304228	0
137094	0
12988164	0
132531	0
16052401	0
26938635	0
35617916	0
15672424	0
12511784	0
309110	0
5230641	0
1224804	0
1136360	0
1399037	0
2644104	0
37085927	0
6731768	0
7106874	0
5844034	0
12461285	0
13603608	0
13223347	0
1065801	0
35928054	0
4918479	0
24558087	0
117954	0
22336449	0
1466478	0
4410179	0
6902317	0
1080063	0
5820567	0
31921795	0
348311	0
9620725	0
39913788	0
1929665	0
35391811	0
2528224	0
24246184	0
34073427	0
7694939	0
8083562	0
26925107	0
29248569	0
30391878	0
6168338	0
22359140	0
4320494	0
31851907	0
30575514	0
778846	0
21748725	0
4039958	0
15223232	0
17470253	0
115230	0
21793420	0
13131193	0
48887339	0
955443	0
17685545	0
39053245	0
6695044	0
6043499	0
7535629	0
18471278	0
3825819	0
11288951	0
20365478	0
7468135	0
41400568	0
43223381	0
36894223	0
8919195	0
27374289	0
1110810	0
28870325	0
20002675	0
1032497	0
28386376	0
13701161	0
4796760	0
44086692	0
26890236	0
12431956	0
888683	0
2817187	0
41577743	0
9711233	0
28617062	0
684740	0
3367402	0
34308355	0
14123004	0
999287	0
8437088	0
1132816	0
4656030	0
2067411	0
6621573	0
1734343	0
39670433	0
28674825	0
12810433	0
14931715	0
2338244	0
43874769	0
24509922	0
585328	0
40818082	0
474177	0
1709374	0
11881539	0
21452301	0
3603701	0
545008	0
13837239	0
15626958	0
7096854	0
14214460	0
10393921	0
40098757	0
19614529	0
40763117	0
10324826	0
17927692	0
40040343	0
2387026	0
16707331	0
2693311	0
38166911	0
22128649	0
1438799	0
3989798	0
1383365	0
5975917	0
240739	0
42100084	0
4112331	0
32459391	0
45574413	0
40428886	0
6708263	0
1247437	0
5381981	0
25297519	0
30272710	0
9978828	0
359099	0
4933283	0
36437240	0
37011038	0
15699916	0
20872140	0
149501	0
41213698	0
16880410	0
13065149	0
2780917	0
3738252	0
11723215	0
36418935	0
5514689	0
1817137	0
6065311	0
1182376	0
16743406	0
15908844	0
14587537	0
1829007	0
1932162	0
5924356	0
35307891	0
32481775	0
20672699	0
14223543	0
1393566	0
1623282	0
4891274	0
2928050	0
3510418	0
29044685	0
2033389	0
38749847	0
29586184	0
15738234	0
1794136	0
114955	0
10754876	0
7854433	0
14570341	0
1856064	0
19402484	0
30367338	0
5346532	0
2466065	0
12181767	0
4750802	0
29588477	0
41894655	0
20670732	0
1077605	0
4790933	0
37411979	0
423005	0
36667606	0
2219143	0
60559	0
12420705	0
35310424	0
12912162	0
13779302	0
29562033	0
31260998	0
13813065	0
30772378	0
47876941	0
31922490	0
980977	0
3728182	0
13357615	0
8266788	0
5815732	0
857898	0
2512329	0
47438296	0
20385989	0
3922886	0
39593755	0
23276170	0
6329347	0
18666573	0
246256	0
26272302	0
11991282	0
4368205	0
12631863	0
4350181	0
5632486	0
131949	0
2863195	0
10969166	0
1483355	0
37974072	0
2086141	0
43120469	0
19522553	0
7153058	0
29044068	0
43014212	0
2305805	0
38957122	0
7243607	0
583467	0
10820766	0
8073545	0
268006	0
25667941	0
23256907	0
2192040	0
20212	0
21977290	0
44779152	0
7977065	0
6502831	0
7291242	0
503592	0
24049280	0
33097020	0
23355287	0
34729385	0
3905270	0
3289663	0
107215	0
6735733	0
8031118	0
16856847	0
23627922	0
32660007	0
125617	0
44676093	0
1044743	0
45380072	0
1949293	0
17187918	0
22099414	0
3130940	0
34159165	0
3764316	0
46191059	0
3707854	0
19964202	0
18005302	0
3570185	0
24415839	0
40313002	0
2659885	0
3883368	0
4036209	0
39757450	0
4886187	0
4382559	0
1742795	0
3238351	0
495258	0
11084045	0
48050476	0
12010730	0
5991667	0
35297616	0
5626618	0
29302301	0
13312544	0
2822315	0
5554999	0
4649405	0
21816406	0
2305143	0
42644784	0
4081121	0
21874375	0
9359740	0
47121	0
22074504	0
19389698	0
23097374	0
23160251	0
33903477	0
2155777	0
11281346	0
155498	0
42052961	0
22395278	0
7097179	0
8336901	0
1580322	0
100999	0
38239796	0
10637322	0
23292046	0
42762123	0
21937176	0
6073758	0
562713	0
24116990	0
22825442	0
12355260	0
1581060	0
24202967	0
28788419	0
2061685	0
32038207	0
12204613	0
40783410	0
43062754	0
8233071	0
2981390	0
5874698	0
26969547	0
656332	0
44347811	0
169015	0
6149358	0
13780258	0
38298113	0
9893818	0
37977104	0
4093251	0
18598859	0
14906673	0
1363533	0
19537510	0
6861858	0
1338504	0
104681	0
88487	0
124803	0
609983	0
5042112	0
6252531	0
14471424	0
7438370	0
31992103	0
4546853	0
607858	0
31610534	0
1179782	0
9183371	0
1020689	0
10993218	0
2457051	0
2804553	0
32641947	0
22777405	0
6428127	0
4993382	0
8671766	0
5444976	0
13649759	0
13718934	0
34319248	0
21967270	0
318566	0
1171321	0
41618159	0
14067854	0
19011093	0
4775150	0
9376425	0
4626507	0
36733952	0
7307712	0
373251	0
4283305	0
2626574	0
13541610	0
3928267	0
363728	0
183111	0
41686867	0
32432653	0
1174837	0
33772978	0
3196946	0
36361677	0
48188591	0
6373535	0
3264675	0
29982943	0
4135880	0
15409161	0
2020181	0
4486563	0
6861852	0
38702982	0
4503549	0
483412	0
40204025	0
32649053	0
115506	0
6722845	0
4456399	0
1193657	0
7315674	0
