10061755	1
117404	1
6289360	1
8359547	1
13707222	1
6093413	1
124992	1
1584677	1
17224242	1
143441	1
24884158	1
1922838	1
30864019	1
40391799	1
3495473	1
114557	1
2398503	1
615760	1
317636	1
27248	1
32447320	1
408107	1
113008	1
6036850	1
25101121	1
128705	1
189904	1
93197	1
39704	1
136892	1
135925	1
24107	1
1046205	1
1091154	1
13189612	1
10237390	1
5123014	1
41200736	1
967729	1
276311	1
738772	1
10576290	1
125370	1
95073	1
137522	1
93067	1
1330190	1
1639161	1
1598265	1
503483	1
136239	1
29304591	1
392754	1
4218585	1
12499691	1
178626	1
401163	1
1290823	1
634802	1
2214459	1
13306789	1
16563579	1
166324	1
1160896	1
2138371	1
2010118	1
111016	1
125560	1
1022658	1
6136886	1
130645	1
114432	1
898223	1
551623	1
925732	1
123226	1
107188	1
724605	1
132047	1
10638	1
7089569	1
118015	1
8767500	1
110113	1
2389498	1
723786	1
125671	1
6217598	1
4807105	1
3676973	1
19403675	1
92082	1
293782	1
6584507	1
8536701	1
11548919	1
2276219	1
17619735	1
448611	1
108383	1
4382522	1
110655	1
4277319	1
114562	1
149024	1
181626	1
2083536	1
411889	1
2488494	1
3788418	1
11439327	1
13058073	1
14024265	1
111024	1
1578062	1
3494941	1
2236893	1
7500981	1
27848	1
39510278	1
5827786	1
2603352	1
112058	1
24908685	1
1217337	1
2887944	1
111928	1
135235	1
125202	1
5962670	1
121718	1
25456826	1
58406	1
12921707	1
682586	1
478432	1
35930031	1
1340356	1
2824284	1
16638773	1
17441324	1
7259459	1
11097429	1
6778696	1
11064100	1
2022818	1
2117245	1
24304126	1
23590	1
23783598	1
31880659	1
1113453	1
7396690	1
110488	1
1008333	1
12289093	1
96223	1
129299	1
13684	1
20640378	1
488089	1
24067804	1
2465391	1
986739	1
205262	1
16624632	1
60296	1
89988	1
28908	1
744532	1
3098670	1
117431	1
95713	1
4162490	1
31341	1
139307	1
3008173	1
2696064	1
139381	1
412232	1
14832	1
111124	1
2702233	1
8370623	1
1165731	1
19229393	1
19961609	1
2152150	1
124675	1
9275762	1
119029	1
30027312	1
2910211	1
44119357	1
116948	1
8301028	1
6790772	1
40950130	1
29939659	1
411020	1
666230	1
39399057	1
419690	1
5458023	1
758235	1
37357	1
544357	1
32317004	1
1844169	1
124923	1
111685	1
3787232	1
1708749	1
2896081	1
84548	1
13813580	1
7775323	1
2470180	1
1024093	1
43893642	1
13508658	1
18242098	1
6332877	1
139146	1
137565	1
11369356	1
29407003	1
14509955	1
1880620	1
16135942	1
125176	1
2743704	1
704150	1
1951546	1
278651	1
9968423	1
7008034	1
804036	1
8588081	1
12727622	1
1947760	1
344654	1
12653306	1
96024	1
10020593	1
18316257	1
11956387	1
538787	1
490937	1
5993523	1
1891969	1
136106	1
395696	1
1721496	1
34746527	1
8417016	1
34693738	1
138096	1
1781908	1
46661135	1
900873	1
4329966	1
136923	1
594504	1
1000787	1
105092	1
117608	1
111430	1
19731673	1
40534404	1
470502	1
151232	1
69795	1
1527725	1
139692	1
1521127	1
99272	1
2215415	1
125438	1
6929911	1
107336	1
26975411	1
2324227	1
91921	1
6144168	1
9763246	1
9985744	1
7614075	1
3050626	1
129848	1
146492	1
130679	1
329112	1
3605796	1
35703917	1
2157215	1
2488746	1
15063824	1
14134356	1
260460	1
17382724	1
37770	1
1944	1
472313	1
12342642	1
28291766	1
310163	1
34478066	1
827262	1
137461	1
5337950	1
633489	1
967115	1
782319	1
6027408	1
125527	1
110471	1
16664379	1
28153299	1
2592809	1
21603487	1
2106040	1
19480927	1
117151	1
2344566	1
41308425	1
100627	1
13857301	1
122289	1
111145	1
1815131	1
134193	1
490519	1
12118	1
233827	1
13149886	1
24074643	1
112453	1
8020223	1
18236434	1
2681551	1
131530	1
9335082	1
3539155	1
1574251	1
3792742	1
2500449	1
2454625	1
17684892	1
30881606	1
43611341	1
13941567	1
13333831	1
3399104	1
23009225	1
1418242	1
311737	1
7681941	1
15996647	1
9794614	1
256960	1
240468	1
15949888	1
28640085	1
259889	1
9271199	1
6946458	1
107179	1
352640	1
11062912	1
110665	1
1218475	1
133331	1
11225826	1
4413272	1
105751	1
24449757	1
110090	1
1199791	1
105059	1
16274118	1
15555195	1
33295	1
9419015	1
6423568	1
123385	1
27619138	1
125052	1
46430997	1
139698	1
136566	1
1042749	1
4080346	1
4496362	1
12448148	1
11202669	1
51273	1
2489820	1
3669755	1
2234641	1
22024905	1
2920868	1
138857	1
125826	1
2421935	1
13831408	1
2422287	1
2806697	1
16595565	1
8854344	1
118180	1
12491682	1
2848768	1
40640722	1
28025691	1
417990	1
497880	1
265355	1
40715698	1
363533	1
6171574	1
7079229	1
738	1
3128479	1
40161022	1
131523	1
1216623	1
18026173	1
7573708	1
3747686	1
26926529	1
3529634	1
28652824	1
20557247	1
1254450	1
692593	1
20507424	1
1062161	1
42214357	1
114239	1
4765525	1
2725210	1
9132862	1
91701	1
104780	1
112962	1
27970060	1
437283	1
5172349	1
947214	1
271234	1
21113	1
9374988	1
13225204	1
118049	1
978916	1
450053	1
107662	1
109571	1
23797678	1
232477	1
4297600	1
115913	1
24676147	1
6082131	1
344587	1
13430926	1
6092084	1
112322	1
368790	1
3214339	1
1516887	1
4149916	1
1088160	1
8089407	1
109323	1
735519	1
9176439	1
116746	1
6793486	1
6539270	1
131082	1
18864968	1
26428650	1
1942824	1
6492663	1
2268303	1
128391	1
6640205	1
2091858	1
128915	1
42573869	1
18100947	1
2677502	1
125083	1
40176039	1
1809943	1
18751825	1
107416	1
19472905	1
495395	0
27714807	0
1648668	0
19977950	0
13801778	0
19928035	0
395182	0
4782492	0
1066139	0
15690225	0
45075879	0
17710462	0
1894761	0
26123748	0
32656225	0
30616176	0
8975389	0
802020	0
32928436	0
10322582	0
4306086	0
794399	0
49049438	0
4425372	0
4687169	0
4376099	0
1362146	0
38694824	0
4529852	0
5120754	0
1570336	0
39606068	0
17886077	0
16060344	0
13052726	0
2651892	0
34681468	0
3533585	0
29900161	0
796762	0
3573676	0
1348391	0
16377008	0
113835	0
8539337	0
5766191	0
3435860	0
1860104	0
3883778	0
4709173	0
8011968	0
31532720	0
36878211	0
4177947	0
2269540	0
5262906	0
3775229	0
11450861	0
868654	0
2540923	0
675433	0
12587676	0
2030493	0
27762733	0
42968859	0
10955042	0
11145292	0
14189047	0
6280006	0
10050324	0
38565130	0
38850517	0
1423540	0
34315179	0
18930569	0
1977587	0
1266003	0
8990993	0
32337158	0
46389423	0
2096887	0
16277419	0
33081762	0
5916193	0
42443597	0
19584419	0
241250	0
35068343	0
1799476	0
29432361	0
4632354	0
5208887	0
8702116	0
5676324	0
37325867	0
1567094	0
2337895	0
912266	0
2370329	0
35628313	0
476312	0
6699674	0
260032	0
4446470	0
16992419	0
15841958	0
10439195	0
3112050	0
3449258	0
33274261	0
9274504	0
19607516	0
34976497	0
19305264	0
610733	0
14945611	0
8967436	0
4552268	0
21536523	0
32206026	0
35158300	0
34602299	0
307065	0
1104627	0
7078986	0
12857746	0
37853920	0
25060916	0
6804826	0
1353869	0
35629419	0
6014023	0
41503262	0
9452940	0
9085050	0
33382656	0
836237	0
963153	0
3325571	0
6071781	0
22647566	0
5637211	0
4866309	0
27677550	0
32753169	0
5678602	0
20754800	0
4214775	0
13712445	0
30035	0
4480458	0
6908877	0
555863	0
3728248	0
1064519	0
8703405	0
1877493	0
133012	0
4153633	0
23234698	0
33914281	0
13208042	0
25339697	0
44292889	0
14268929	0
666910	0
34290455	0
32486202	0
21091468	0
12493049	0
11569602	0
372550	0
17369200	0
18454234	0
781440	0
5105119	0
5216378	0
30860469	0
178568	0
33406438	0
31864393	0
604531	0
9858398	0
11222120	0
1467746	0
965155	0
574985	0
31448975	0
30078524	0
4243246	0
1164380	0
12944406	0
9573893	0
4113840	0
2495148	0
30184600	0
49302	0
7133933	0
353209	0
14985765	0
661635	0
667994	0
17465083	0
793999	0
365255	0
14367101	0
15826562	0
10853076	0
16053978	0
5216429	0
302684	0
328442	0
44146066	0
43630234	0
19078106	0
422651	0
29679367	0
9407291	0
2018546	0
37332741	0
31875305	0
11363110	0
3298387	0
11275017	0
599004	0
41284533	0
20546479	0
16898156	0
21887111	0
1945359	0
2472642	0
41798433	0
5622587	0
2949900	0
17486497	0
15979618	0
187660	0
22073822	0
35844051	0
2743650	0
35534835	0
2876346	0
6375365	0
44430930	0
12470849	0
1580945	0
3377563	0
30775855	0
10378264	0
36523160	0
15977395	0
23805173	0
7079306	0
18660294	0
9538902	0
18813518	0
31731636	0
3566611	0
178730	0
24558169	0
963217	0
11372610	0
27699385	0
19327920	0
26854893	0
3723977	0
19233591	0
2921264	0
24398079	0
1440649	0
16974154	0
34746925	0
29041283	0
44643426	0
9717464	0
7833446	0
3696539	0
5022164	0
31017859	0
4104697	0
17308316	0
12886256	0
6198191	0
4923959	0
19801916	0
16990937	0
3176079	0
1507905	0
36170556	0
5460985	0
1216614	0
8838484	0
881937	0
761448	0
9742356	0
1512086	0
10704782	0
12189914	0
36766708	0
3031369	0
690560	0
16016425	0
29576793	0
22785630	0
14945420	0
3127316	0
12610045	0
12186627	0
3766319	0
1234630	0
10264737	0
35306660	0
114462	0
6832453	0
6621131	0
15650355	0
7336430	0
35701430	0
9977608	0
541824	0
166528	0
2606085	0
33647668	0
4428873	0
13101296	0
13420943	0
4633501	0
12212886	0
23560553	0
37418521	0
30863897	0
18838551	0
22849811	0
2315903	0
8888406	0
5816760	0
14788250	0
1363929	0
22508719	0
1196855	0
27570207	0
6734800	0
266940	0
4768705	0
3764997	0
35820998	0
25221755	0
1821881	0
14754875	0
1352149	0
2942106	0
3328102	0
39750433	0
16489492	0
34351521	0
18830187	0
32859209	0
32823377	0
1921633	0
769627	0
18178834	0
23920280	0
39152626	0
1690576	0
7584722	0
16527532	0
32145462	0
3526903	0
1438514	0
1409855	0
2334048	0
767781	0
10917506	0
48034610	0
1862583	0
36748276	0
8600712	0
24814601	0
6770635	0
11424244	0
18066411	0
5319985	0
28393633	0
23816161	0
47092679	0
18427981	0
527973	0
14491524	0
1336064	0
2476408	0
294936	0
1007652	0
1061016	0
31286521	0
23703754	0
26479683	0
21974545	0
21825304	0
9885552	0
974970	0
17729627	0
137369	0
36918474	0
36507018	0
8391464	0
1952639	0
8242998	0
24329577	0
12984514	0
18089831	0
14994756	0
28062591	0
32754091	0
17248969	0
39009976	0
3424311	0
1834853	0
7068205	0
35891038	0
13856749	0
1100294	0
6711696	0
7773258	0
10403542	0
4702128	0
16624374	0
46425808	0
11022635	0
2608200	0
36531979	0
6792824	0
6751042	0
21423170	0
984711	0
20036596	0
6915157	0
18636252	0
394312	0
1136347	0
855711	0
9038222	0
6200727	0
13645289	0
1569045	0
15345647	0
6710014	0
5983758	0
11718666	0
8785089	0
8922224	0
25808889	0
27413491	0
4866555	0
24951352	0
618826	0
15191862	0
24138839	0
4217702	0
15883728	0
22792120	0
18166211	0
894748	0
23560471	0
38367215	0
13441236	0
4652378	0
5711317	0
2239869	0
1440358	0
6082134	0
72453	0
17669457	0
37558936	0
2676833	0
5368460	0
24382958	0
463488	0
1137141	0
22898760	0
19877751	0
1560672	0
8279604	0
9714157	0
32423328	0
2387390	0
6736805	0
25671264	0
39479950	0
854376	0
5694515	0
13617063	0
2564863	0
8639567	0
25624133	0
43818877	0
45684993	0
4143857	0
15880621	0
24175689	0
929113	0
