197967	1
44079217	1
10360690	1
181210	1
594696	1
27987065	1
1250474	1
34222245	1
35885027	1
996604	1
24511275	1
9460256	1
32094575	1
18124341	1
1334918	1
2243578	1
3026387	1
26057790	1
4249755	1
3190823	1
23160316	1
33955286	1
23397629	1
152336	1
158019	1
11168308	1
18811860	1
703592	1
712391	1
3418565	1
128805	1
21353303	1
3310921	1
4677089	1
22752853	1
5938415	1
763046	1
2399695	1
9634279	1
3686923	1
12787698	1
12258636	1
25731302	1
32371340	1
3776768	1
6720780	1
287076	1
31298117	1
17772067	1
62116	1
2295755	1
44275229	1
2179895	1
1576167	1
19499136	1
429142	1
177388	1
20450288	1
811607	1
3464100	1
2834054	1
26957294	1
3483957	1
300887	1
9309227	1
3241439	1
5567395	1
320314	1
27882749	1
3705593	1
30863264	1
12001726	1
4914479	1
88951	1
26879529	1
22648627	1
285337	1
614885	1
33566126	1
2177515	1
576658	1
151445	1
25008460	1
7679636	1
5062763	1
4155780	1
1899433	1
576731	1
1208614	1
9092679	1
23991668	1
1576143	1
175385	1
142267	1
19130918	1
6873976	1
9401251	1
208396	1
7532141	1
35516099	1
912670	1
80362	1
153576	1
4379245	1
9041266	1
34317165	1
142294	1
25393127	1
21401669	1
24026183	1
7991473	1
4694084	1
12636389	1
8374588	1
2800042	1
18163332	1
23254512	1
2335499	1
25841907	1
25473394	1
12168970	1
416786	1
13348042	1
6899152	1
8579121	1
21029037	1
387106	1
28829455	1
327771	1
4170416	1
26959854	1
6251521	1
2122151	1
26309007	1
850086	1
47907	1
38556639	1
8972571	1
4156823	1
44240	1
90152	1
27258911	1
14716148	1
26029031	1
13520373	1
8010065	1
20359272	1
31275234	1
1677192	1
10355522	1
591637	1
1236046	1
17141447	1
19136465	1
23840151	1
22900924	1
7362	1
31014946	1
295222	1
600259	1
303055	1
2396801	1
43271	1
24887357	1
19458034	1
912593	1
4610878	1
31273340	1
10619596	1
10274845	1
27131300	1
34307032	1
32897486	1
20222195	1
5597936	1
22677420	1
5720273	1
86564	1
1503923	1
6546529	1
9502263	1
12985344	1
295246	1
19660732	1
35833555	1
2570358	1
1769364	1
871394	1
24021143	1
655734	1
10292	1
4466311	1
298309	1
191032	1
41219949	1
13064761	1
1948469	1
33676383	1
5801629	1
2572600	1
1430549	1
14409454	1
1309284	1
9307584	1
21806935	1
2030833	1
747751	1
5529504	1
12616059	1
1896432	1
48629573	1
21192889	1
33615051	1
6170711	1
19139152	1
26710660	1
1115620	1
238595	1
153791	1
1492969	1
5610761	1
2979345	1
8493895	1
31534071	1
4188891	1
29317019	1
899680	1
31655495	1
9701879	1
3312771	1
26856647	1
10390560	1
2594761	1
703409	1
3062003	1
20923780	1
23775768	1
125231	1
287097	1
2267297	1
148205	1
1425443	1
18400899	1
3530727	1
1548557	1
655729	1
21443695	1
28286494	1
8197775	1
16452116	1
15849111	1
32910448	1
9720871	1
37393346	1
35067439	1
2867097	1
5778156	1
551395	1
25217452	1
3284707	1
517810	1
24536700	1
33676604	1
15131337	1
1476755	1
1548476	1
14925312	1
4686572	1
25650411	1
25491537	1
1595491	1
8710303	1
26746315	1
308994	1
20367619	1
23238221	1
2006544	1
15460564	1
2200405	1
23883346	1
17326905	1
2006267	1
10010483	1
7949918	1
15557433	1
703468	1
13979369	1
294999	1
127312	1
9363255	1
40594783	1
1466748	1
24064911	1
237739	1
167732	1
3082647	1
31803511	1
1599599	1
4256293	1
29235897	1
25737581	1
5602233	1
97098	1
5895381	1
29965968	1
316937	1
228927	1
1830345	1
25413873	1
20151072	1
12963391	1
398946	1
595053	1
33073997	1
19822168	1
154987	1
37385271	1
6277486	1
6731361	1
29504315	1
8486219	1
8710335	1
548014	1
442764	1
215634	1
2342100	1
4158466	1
21667529	1
6110156	1
7534367	1
23502728	1
2979417	1
29965990	1
548248	1
6168664	1
40006182	1
279707	1
152546	1
1437302	1
603395	1
29825083	1
463533	1
676082	1
32172187	1
20728377	1
34648	1
31256250	1
253130	1
24904049	1
35697534	1
4447502	1
40838834	1
37869486	1
29256935	1
9311994	1
12600264	1
2296493	1
9034863	1
10081590	1
1065789	1
12552879	1
16056618	1
1528152	1
13379797	1
1214400	1
9811228	1
24419551	1
2292256	1
250405	1
21754844	1
1239405	1
9401582	1
5564361	1
4200773	1
25501895	1
1073924	1
6376915	1
607612	1
2136678	1
14026132	1
3229603	1
25116384	1
14436840	1
35943129	1
12858025	1
322377	1
1576149	1
25029558	1
161393	1
160257	1
21390765	1
1948178	1
30701216	1
9854117	1
2933580	1
23628449	1
25330238	1
1020390	1
28886801	1
48436	1
275675	1
8864659	1
18875657	1
381207	1
5598252	1
27566776	1
3010376	1
20384781	1
1430474	1
18539350	1
1548464	1
23483985	1
23977430	1
18488324	1
13045259	1
75964	1
164382	1
3170981	1
33131480	1
2119777	1
14631674	1
595080	1
35322127	1
330647	1
8010338	1
39117418	1
5145361	1
35365412	1
4249394	1
4876333	1
2371662	1
76811	1
208403	1
36386159	1
29294383	1
21441416	1
25860478	1
33558879	1
46744	1
2230495	1
10652869	1
18885684	1
1342483	1
2297608	1
62616	1
1140725	1
26239920	1
23500647	1
23792017	1
46986325	1
294177	1
720501	1
6258355	1
1641140	1
6435661	1
28022624	1
4432712	1
31371355	1
1370107	1
24067724	1
38567	1
6803191	1
5287544	1
327446	1
8534639	1
32977667	1
999473	1
4614625	1
34189482	1
1296558	1
14715391	1
24624494	1
16672928	1
39335909	1
18916103	1
840720	1
7198816	1
453272	1
1306783	1
588241	1
25040773	1
59926	1
22549811	1
2031393	1
323722	1
1157568	1
26368	1
3287221	1
310745	1
2587114	1
28825033	1
8359514	1
8055304	1
36252077	1
1295850	1
1467866	1
160210	1
13065152	1
26370926	1
40452915	1
8654184	0
47550854	0
106361	0
3004481	0
9515917	0
3986405	0
27315243	0
32309534	0
20614536	0
114713	0
20312640	0
33387686	0
48496841	0
38800775	0
129846	0
551696	0
11753587	0
40752423	0
10392189	0
47140228	0
1693204	0
9173395	0
1151672	0
6754123	0
18780485	0
10769726	0
763745	0
101615	0
138722	0
33727851	0
6470023	0
28305914	0
14457180	0
16933909	0
1094633	0
15160494	0
4275883	0
8952322	0
25769836	0
12830349	0
37992306	0
19164546	0
5401694	0
8137064	0
1524633	0
4117032	0
3697950	0
690218	0
14140768	0
214529	0
96824	0
7951024	0
8600154	0
127162	0
1574481	0
66979	0
7023676	0
10078053	0
4033984	0
362082	0
3585182	0
403887	0
27548	0
12853065	0
28250408	0
3063747	0
3744443	0
35754288	0
34644881	0
616620	0
14937359	0
48096768	0
5339128	0
28226416	0
24627565	0
9595500	0
25273902	0
1186881	0
44326041	0
971316	0
2280451	0
9111871	0
12555863	0
6699735	0
1825431	0
7528798	0
597646	0
8287484	0
14740615	0
4426877	0
890995	0
93402	0
32608390	0
1192913	0
8292876	0
23019307	0
4144437	0
31516436	0
5680744	0
21601647	0
42095567	0
42689791	0
20844560	0
37329546	0
7176623	0
43156381	0
1958415	0
11336630	0
1649917	0
2069755	0
307669	0
28465513	0
44660432	0
31083943	0
13324424	0
18784631	0
36151018	0
26672957	0
36566588	0
3888641	0
8716684	0
49072242	0
5419435	0
12724607	0
1711371	0
5636441	0
25524868	0
328948	0
6107079	0
489505	0
3072554	0
295998	0
17807189	0
32240166	0
23456950	0
36965434	0
1923600	0
8671328	0
1962406	0
26134005	0
2227231	0
625840	0
143512	0
8009419	0
92689	0
33327599	0
16040502	0
8367389	0
3489173	0
6086796	0
19009095	0
34899068	0
3771297	0
27594328	0
30831773	0
839263	0
23829206	0
16141917	0
396741	0
28993305	0
21679135	0
129834	0
28488434	0
7348647	0
7292727	0
1628908	0
4906502	0
28454742	0
7599833	0
2198633	0
375260	0
22889000	0
5186874	0
9098681	0
1645634	0
3863700	0
138372	0
11346314	0
840838	0
44556276	0
7294751	0
9147874	0
12623255	0
406500	0
19011235	0
91532	0
27552001	0
6860599	0
39157528	0
126701	0
1838671	0
20542937	0
3793043	0
9608106	0
3830982	0
26975333	0
14918357	0
12640941	0
2509171	0
19422136	0
3163373	0
6085671	0
41734064	0
25310494	0
3052344	0
17666104	0
24970198	0
6100733	0
42361317	0
1656773	0
8110536	0
39414667	0
40825921	0
14881325	0
16473777	0
547200	0
7685321	0
974396	0
112519	0
4517428	0
20201486	0
35485530	0
25940983	0
136434	0
22518832	0
32155155	0
93631	0
22687150	0
22927728	0
4361691	0
8608141	0
10239799	0
6337310	0
49127122	0
6107292	0
30704625	0
10480233	0
252891	0
30864597	0
19757129	0
8473538	0
69675	0
33889575	0
24520513	0
41237977	0
2406113	0
6866945	0
14542863	0
35309736	0
26979143	0
3079848	0
13385493	0
27405633	0
12291821	0
27141686	0
13170289	0
115577	0
10962250	0
1700593	0
6823793	0
3225474	0
19933720	0
2967710	0
6767632	0
923979	0
1854768	0
22577991	0
5707785	0
1268165	0
27444968	0
1711732	0
32117	0
14620033	0
548916	0
9744155	0
119402	0
2199503	0
3953375	0
5907742	0
7260270	0
3331111	0
116663	0
18071234	0
3590055	0
3684994	0
350819	0
2017098	0
5467169	0
9680480	0
233569	0
2336741	0
30407612	0
36180277	0
14923735	0
749740	0
1202063	0
48726429	0
21054137	0
45075879	0
4435095	0
13341626	0
7199728	0
8357233	0
210732	0
1672018	0
12591937	0
2573271	0
22371754	0
15341324	0
37848475	0
7701291	0
27634040	0
41970720	0
34551161	0
358024	0
4880288	0
5000547	0
10512502	0
24030013	0
38400093	0
726663	0
13099345	0
20369415	0
1432640	0
6332500	0
16817001	0
35537474	0
667462	0
8123876	0
42705873	0
15594077	0
5481743	0
24727438	0
1694861	0
18171094	0
38236672	0
7000032	0
22798272	0
1584231	0
21559031	0
14357750	0
7353033	0
864551	0
4650834	0
15386248	0
2410842	0
19925041	0
35365228	0
9789	0
699393	0
1586467	0
39538777	0
79969	0
179318	0
12026040	0
29596997	0
359013	0
30696352	0
27855317	0
83188	0
41174164	0
188257	0
38725347	0
21801875	0
130995	0
6839294	0
41884132	0
43611324	0
410339	0
5948662	0
4390532	0
28205119	0
29946430	0
15966661	0
13090089	0
2604360	0
18170476	0
47489444	0
931796	0
5833794	0
3575471	0
23527105	0
107132	0
3934416	0
2449213	0
40868294	0
9866759	0
22661433	0
22561943	0
49121768	0
9513623	0
4657660	0
1270817	0
105219	0
6551071	0
32567589	0
39296888	0
20872799	0
137752	0
3558390	0
26608557	0
2353428	0
31067011	0
19014054	0
34167629	0
125767	0
5080230	0
19609175	0
52893	0
115650	0
1194694	0
140208	0
40092799	0
36025443	0
27375236	0
1578865	0
4381968	0
9891230	0
25673605	0
17967793	0
10996197	0
33101804	0
2478357	0
1667718	0
13612510	0
696671	0
6703964	0
5186912	0
4106326	0
20414903	0
12162828	0
22224634	0
3218751	0
34906562	0
34678966	0
6181799	0
27925995	0
13209722	0
23643875	0
23460837	0
1047104	0
1678333	0
25252976	0
11524776	0
3579914	0
2967958	0
42992290	0
561267	0
5598541	0
3293729	0
37201993	0
25055813	0
25006582	0
15578941	0
4178552	0
1136516	0
4754665	0
20950126	0
131274	0
2992474	0
14838389	0
8720601	0
6012815	0
32655196	0
33525076	0
195155	0
12955665	0
43049173	0
2596893	0
2886803	0
16090138	0
35719483	0
17304	0
2865	0
474959	0
23484611	0
10782357	0
900050	0
1437931	0
39105473	0
4990469	0
12521579	0
11636367	0
43519079	0
2031965	0
2078148	0
22645955	0
20682368	0
22332205	0
23219371	0
28249669	0
426202	0
131353	0
27285654	0
11268685	0
20000683	0
5369353	0
36924982	0
2239860	0
39778952	0
