1520569	1
880171	1
5498285	1
42298	1
61404	1
2119608	1
21482937	1
108241	1
16548851	1
26389508	1
8694152	1
18823	1
6489884	1
910226	1
3091031	1
11951528	1
1849751	1
4835223	1
2524768	1
118006	1
163246	1
1986472	1
4124494	1
3866102	1
7280083	1
7113477	1
6946458	1
17307764	1
152326	1
6899898	1
2148125	1
9821939	1
603757	1
3671131	1
1653972	1
17373943	1
13434020	1
1859035	1
2885462	1
1103213	1
6757992	1
22764032	1
1361036	1
107650	1
3364386	1
2336307	1
7138225	1
109407	1
14743286	1
112413	1
107647	1
8524796	1
4278155	1
40923935	1
10766086	1
127497	1
9449775	1
1190520	1
1767006	1
4397354	1
8944643	1
1189247	1
1081759	1
108004	1
575501	1
8897652	1
243355	1
17753221	1
997770	1
40764498	1
3674519	1
1691941	1
5414157	1
6943415	1
108790	1
124991	1
27561526	1
4855018	1
12018314	1
14551925	1
4280936	1
26754697	1
26552	1
5161189	1
133039	1
2313679	1
19591946	1
9032903	1
6404266	1
845835	1
2230874	1
15574603	1
734125	1
19061352	1
23978531	1
3732291	1
32099725	1
2613280	1
5192244	1
3785083	1
138290	1
259780	1
3183699	1
1846331	1
3861652	1
2679635	1
12337831	1
137070	1
2761301	1
503155	1
25314955	1
27134744	1
23259760	1
497311	1
16731176	1
765106	1
33144295	1
31744520	1
17884634	1
8399243	1
3509025	1
18442307	1
3770243	1
4345951	1
17189110	1
4030447	1
8617408	1
12302493	1
11717251	1
1779594	1
729240	1
25141734	1
1810460	1
8929313	1
75112	1
2061921	1
12722752	1
1924927	1
2182372	1
1878619	1
6133854	1
435805	1
120221	1
1533868	1
2837193	1
13447205	1
46977242	1
39499560	1
126776	1
434553	1
9179929	1
2227283	1
129846	1
1845205	1
7021741	1
2310276	1
654237	1
4219876	1
5112024	1
2852611	1
2582227	1
2950164	1
9509520	1
22796644	1
126680	1
3342811	1
1458237	1
666230	1
1759208	1
11788113	1
108369	1
4026713	1
4530506	1
10716457	1
256934	1
4911615	1
7930952	1
257726	1
964597	1
5045926	1
3591561	1
208200	1
1419403	1
2260690	1
3940378	1
32140994	1
614052	1
134422	1
1019809	1
3271965	1
1591919	1
4873604	1
131811	1
1268612	1
876456	1
801057	1
1362154	1
2405843	1
5543477	1
25539308	1
40245902	1
4268621	1
1385394	1
4402968	1
1041701	1
2421700	1
26645932	1
615327	1
2316642	1
897207	1
6790647	1
2182554	1
5416649	1
2188387	1
742074	1
112899	1
3604309	1
1744022	1
150813	1
1788337	1
1304048	1
538868	1
729079	1
9235719	1
905283	1
12921969	1
126805	1
11868078	1
727341	1
964995	1
11123582	1
12055514	1
23348550	1
11760739	1
7589222	1
137834	1
421318	1
12665347	1
2614698	1
5443701	1
2521490	1
6794044	1
266455	1
29615161	1
1474593	1
14480924	1
10228024	1
883010	1
10488554	1
1826471	1
8435599	1
652169	1
125477	1
608515	1
1428886	1
259683	1
1676867	1
350749	1
47739945	1
40373466	1
1720966	1
3319228	1
1369908	1
1304344	1
10723993	1
30244197	1
5147664	1
928719	1
40808772	1
390702	1
2149946	1
498109	1
119886	1
26018180	1
1353399	1
4389530	1
13522618	1
796059	1
107640	1
19210278	1
26048927	1
3749849	1
5886642	1
969647	1
7571854	1
7237662	1
6571813	1
413013	1
127300	1
23869797	1
39959351	1
862540	1
896808	1
3078869	1
575113	1
510840	1
1436955	1
4556099	1
25683051	1
22892467	1
23199504	1
11837151	1
2889982	1
2408105	1
124969	1
6336152	1
3889183	1
10238890	1
4912024	1
498675	1
221046	1
295472	1
2736643	1
8496857	1
11326476	1
10601861	1
295268	1
1317963	1
1566104	1
7955016	1
534579	1
11462755	1
113422	1
310845	1
18872128	1
11717836	1
424373	1
3061444	1
12776131	1
22636624	1
1036301	1
1145969	1
151294	1
125036	1
718728	1
514251	1
132434	1
24966188	1
32467116	1
1427957	1
8603658	1
7963354	1
126352	1
10364265	1
5612851	1
97738	1
385997	1
9625388	1
1959412	1
4578738	1
33035638	1
361376	1
4038759	1
125946	1
132425	1
547247	1
23571693	1
21834207	1
1137901	1
19653920	1
2266416	1
94194	1
522064	1
4007481	1
3586571	1
407388	1
111122	1
4138052	1
17295480	1
949667	1
7163993	1
790389	1
37653	1
1222859	1
1459281	1
28145061	1
819738	1
302201	1
24402108	1
21181228	1
15575785	1
53416	1
1767108	1
3726786	1
42347265	1
245395	1
4453944	1
7174975	1
25719631	1
17547172	1
4362424	1
109120	1
731896	1
6465811	1
11567207	1
4991346	1
17070788	1
12524553	1
4128553	1
5044146	1
32111099	1
755427	1
132405	1
2744678	1
22334480	1
535445	1
21266377	1
6965285	1
12828578	1
7524082	1
166899	1
57659	1
1756717	1
1349847	1
6171470	1
4983362	1
296050	1
1927559	1
4106282	1
151663	1
11630838	1
745142	1
730881	1
18136892	1
13348197	1
22621881	1
26701101	1
102227	1
17865763	1
132666	1
125710	1
109250	1
1998	1
4593740	1
9764258	1
787709	1
5519662	1
14713806	1
11567159	1
2316901	1
29082854	1
12663457	1
27708671	1
4047130	1
2002827	1
5868240	1
11469591	1
14945297	1
6161179	1
3653537	1
6338383	1
4764246	1
2960915	1
582016	1
1110709	1
5175672	1
6203933	1
665229	1
1713551	1
12156688	1
13068327	1
3775341	1
10585208	1
6577248	1
124999	1
34472072	1
795143	1
2001995	1
6805292	1
7023043	1
2137782	1
6434721	1
117388	1
1406855	1
2760058	1
520897	1
251861	1
1008062	1
2170746	1
12566519	1
29302271	1
3816623	1
30874370	1
16722115	1
14443529	1
18272690	1
3321102	1
2134610	1
4034507	1
119887	1
14923050	1
116517	1
120960	1
860049	1
554717	1
6373630	1
110110	1
2082836	1
12161080	1
3085025	1
6967338	0
21114507	0
5961444	0
15238041	0
4772416	0
250004	0
30876488	0
22788526	0
5257088	0
24508168	0
4482345	0
1047932	0
1132938	0
12631249	0
13027	0
5801246	0
3144620	0
1574354	0
14247229	0
288123	0
43371395	0
13343193	0
26107007	0
18214927	0
45307221	0
25029260	0
4816401	0
10389571	0
12829178	0
24145327	0
1218172	0
21675516	0
17857388	0
33182579	0
14999879	0
13169984	0
25060916	0
1686409	0
203163	0
1629180	0
47131080	0
1025817	0
106878	0
1408154	0
17261806	0
5787026	0
12891228	0
8202623	0
9996889	0
2044745	0
36854129	0
9295202	0
817525	0
15158276	0
12238708	0
18428247	0
37859390	0
7199918	0
29019883	0
30693165	0
4218865	0
43972801	0
10836838	0
2917163	0
9854859	0
19024475	0
14914577	0
24987917	0
11003063	0
15554793	0
31756354	0
4759435	0
31142430	0
4561773	0
22421279	0
5326571	0
4583620	0
6988154	0
34321415	0
5245590	0
657602	0
417497	0
24019942	0
3973349	0
37231406	0
2401938	0
9064288	0
805262	0
1657441	0
25605534	0
40780767	0
5524400	0
21131010	0
31155634	0
23063887	0
155418	0
23772340	0
1975043	0
42275779	0
25739973	0
31856912	0
12191431	0
6558827	0
55625	0
23143632	0
17138941	0
31236340	0
34706695	0
21504091	0
35203366	0
3003326	0
40825769	0
558402	0
28647500	0
11682501	0
3071816	0
34508621	0
1218132	0
41232581	0
318375	0
348736	0
23971279	0
1118309	0
14238777	0
4174279	0
6719113	0
18891593	0
30177135	0
782693	0
154393	0
25474417	0
30372064	0
15058500	0
10050108	0
20783500	0
10157516	0
17545535	0
8640465	0
1850114	0
11013896	0
893450	0
28091049	0
22962986	0
27148407	0
19210614	0
6265138	0
38988702	0
5431835	0
38943446	0
23118815	0
12645452	0
39562239	0
2849522	0
26517978	0
27355871	0
5077458	0
20514172	0
26616635	0
27536802	0
34585496	0
25272881	0
5153971	0
35743825	0
301078	0
6695044	0
46673318	0
1381710	0
38413932	0
44737518	0
6743682	0
8661162	0
5961356	0
5261186	0
21002542	0
18978310	0
4548229	0
706511	0
24051687	0
8702057	0
6261916	0
4401422	0
2529390	0
43507	0
208824	0
30778687	0
34014071	0
1230744	0
7557518	0
8666061	0
13380208	0
4116441	0
153281	0
48730754	0
2079324	0
867891	0
3412716	0
19995462	0
9480704	0
4103259	0
26068190	0
8911479	0
15982081	0
18935923	0
1373112	0
3398533	0
20614181	0
1079890	0
5688667	0
39639154	0
47676772	0
6647210	0
6973551	0
2312058	0
30577843	0
41267954	0
4082617	0
1438046	0
5055205	0
7018593	0
9821972	0
3197824	0
19592486	0
15664760	0
5233232	0
33066700	0
4118896	0
1302637	0
112320	0
6331949	0
3974795	0
41364118	0
6707597	0
7154749	0
2925430	0
15460859	0
3164307	0
14732413	0
45690201	0
2647661	0
3393969	0
31342447	0
40713518	0
23525998	0
6846512	0
7252057	0
26001190	0
1241914	0
32288056	0
760608	0
29367699	0
30700414	0
46734413	0
41060292	0
19888504	0
5733128	0
34881930	0
14018600	0
7995136	0
588397	0
867243	0
922493	0
4526675	0
31116760	0
37863148	0
44627614	0
4773770	0
336787	0
9063927	0
1198599	0
44473918	0
30987379	0
7176559	0
10803998	0
17588870	0
10595266	0
41248037	0
3577519	0
14659736	0
34447407	0
11978898	0
637156	0
18119981	0
4832363	0
17910221	0
6472596	0
21492611	0
31635905	0
42344802	0
27328060	0
116573	0
1713688	0
2209181	0
31093893	0
2012085	0
2074330	0
1637059	0
2402974	0
3166105	0
5334800	0
2078474	0
13376996	0
19928190	0
15366091	0
21306212	0
32976973	0
1934119	0
5677262	0
12623183	0
48888345	0
27987099	0
16105186	0
33180019	0
181398	0
25996233	0
744003	0
14456454	0
166082	0
708056	0
38700029	0
3179185	0
147890	0
3243197	0
39639419	0
6561086	0
2160705	0
13806252	0
17147418	0
8044974	0
22112556	0
18986014	0
6155333	0
11919454	0
2770241	0
987082	0
3169876	0
7971740	0
28766946	0
24407931	0
1589172	0
2942317	0
43424235	0
796828	0
25257491	0
11080600	0
9563906	0
21182701	0
12773486	0
29728846	0
10049441	0
19867187	0
32077676	0
20039702	0
3132248	0
5320298	0
12186365	0
37960681	0
2949819	0
19556167	0
36187857	0
7696880	0
2260821	0
2515116	0
28510921	0
39209374	0
5807942	0
20899734	0
3010915	0
5732898	0
1478624	0
17878915	0
25255234	0
1386608	0
4643464	0
36157836	0
5562801	0
6516953	0
9122401	0
21765122	0
2978636	0
42034632	0
15953164	0
14808342	0
629584	0
354312	0
13409073	0
4164416	0
42047997	0
192280	0
741668	0
2572138	0
2934590	0
5315835	0
116167	0
44507471	0
8528838	0
2677144	0
1335825	0
9007073	0
5571469	0
831964	0
25161875	0
3324808	0
7348524	0
6702094	0
24735760	0
18056790	0
38020871	0
12629273	0
5071481	0
93314	0
31196990	0
5475531	0
260037	0
12246684	0
16655547	0
22335009	0
16455679	0
9170342	0
490935	0
37427469	0
1344917	0
41266682	0
16184940	0
23162750	0
733410	0
1428420	0
8614381	0
2158374	0
139513	0
41612057	0
405184	0
19970638	0
4671389	0
7903334	0
26012927	0
20366793	0
31447476	0
12989287	0
5844964	0
9166157	0
956217	0
4128887	0
2143737	0
20680866	0
1607460	0
5975808	0
2073081	0
1277120	0
4924848	0
36206556	0
2030230	0
10731853	0
28307236	0
32361019	0
4282176	0
82010	0
7706514	0
22086234	0
3559003	0
1568519	0
2442752	0
21076936	0
7391667	0
16386320	0
6801852	0
37183698	0
21803081	0
20722784	0
21589436	0
14964426	0
13955993	0
28075357	0
311862	0
18551549	0
2834018	0
3163567	0
18160024	0
19967436	0
1056905	0
1679272	0
13605059	0
43078298	0
5601130	0
12391384	0
13677227	0
50236	0
35777683	0
11850755	0
3481385	0
9606928	0
89641	0
40478814	0
44082376	0
9928	0
21412930	0
20397676	0
31512893	0
780074	0
8579960	0
38752226	0
