30696034	1
11351653	1
28027025	1
303726	1
3190077	1
4346798	1
157090	1
11631196	1
45366091	1
1012030	1
11549165	1
36327595	1
8182	1
3099433	1
1074349	1
451549	1
43805	1
30873342	1
3004951	1
1854394	1
30703299	1
16892288	1
125202	1
39993307	1
10175726	1
5437698	1
2824962	1
4962016	1
2045993	1
940557	1
2206204	1
640685	1
134144	1
857407	1
1227317	1
4739083	1
11594441	1
91541	1
216156	1
294787	1
885007	1
251608	1
11457693	1
12731726	1
11631338	1
4197324	1
94519	1
4918235	1
3543743	1
4937282	1
15560939	1
6753869	1
1319499	1
2164444	1
19729548	1
854719	1
3592856	1
8086066	1
31844623	1
39996978	1
643766	1
1906000	1
97493	1
91440	1
15003267	1
702226	1
36948	1
4353288	1
35884542	1
10174089	1
22214574	1
3058110	1
3823727	1
40671141	1
564027	1
294461	1
39337009	1
24039082	1
47263223	1
881689	1
1089341	1
3295850	1
29062	1
11900231	1
273815	1
1341718	1
1716939	1
40872854	1
490937	1
11290049	1
2262843	1
287109	1
97716	1
96495	1
11159228	1
11821548	1
9063867	1
524271	1
5745376	1
13325812	1
24709876	1
11542243	1
42291536	1
125467	1
80710	1
18041879	1
11229463	1
1620636	1
6353821	1
33194650	1
39860824	1
266511	1
1943198	1
6736927	1
5376279	1
4606638	1
4956984	1
42029948	1
198295	1
20183385	1
588824	1
663486	1
2875987	1
33938394	1
4728130	1
726082	1
15815015	1
769673	1
1855077	1
91587	1
3088213	1
5216644	1
21377251	1
960332	1
60786	1
11126627	1
25990749	1
479136	1
29752442	1
2152032	1
739562	1
3484018	1
6769038	1
1200377	1
16445399	1
28573666	1
25392213	1
14462351	1
873667	1
307302	1
375234	1
28873545	1
412174	1
26050650	1
207031	1
3667249	1
7260948	1
32579702	1
1350285	1
21542417	1
1901010	1
1983199	1
8199007	1
215940	1
21817288	1
15992	1
810136	1
4523924	1
39363378	1
219685	1
9577026	1
21076281	1
956639	1
2375585	1
3622914	1
1406527	1
11629604	1
412150	1
419287	1
7651497	1
74456	1
12952179	1
4371614	1
4319926	1
1342359	1
23101972	1
408270	1
44345195	1
43606715	1
35944987	1
1974551	1
251335	1
19027805	1
959011	1
1216632	1
33154999	1
3159442	1
1291686	1
135525	1
10984205	1
4202760	1
10071226	1
850397	1
39720491	1
1226109	1
659777	1
368411	1
2302503	1
1429201	1
5945611	1
359900	1
20003276	1
1156279	1
3255875	1
349889	1
91586	1
10879012	1
3095859	1
19515166	1
1119078	1
7124172	1
91607	1
39687822	1
443598	1
5931002	1
2491090	1
2905254	1
2392648	1
2895124	1
981256	1
8383054	1
32933545	1
940773	1
21307211	1
1566230	1
29774377	1
11590713	1
16284961	1
3383608	1
4444302	1
4351694	1
3055447	1
8977288	1
124740	1
95143	1
97423	1
29659883	1
1717172	1
8217482	1
26250788	1
20773147	1
23986504	1
2508739	1
6035702	1
30967105	1
848219	1
4734334	1
8964956	1
1700130	1
25550157	1
21651247	1
1319801	1
43573535	1
6005749	1
91984	1
31461267	1
999643	1
20549424	1
11586867	1
1434761	1
256225	1
632240	1
91058	1
5846021	1
28325842	1
97717	1
3278809	1
98667	1
32500984	1
1189024	1
1173524	1
960632	1
1806	1
11542772	1
196570	1
7669132	1
8747091	1
1011353	1
23677428	1
699384	1
12157275	1
14612032	1
7127825	1
82019	1
1347112	1
11629317	1
25832656	1
407957	1
97698	1
949828	1
299535	1
6165821	1
62517	1
2165765	1
4978553	1
1149979	1
31031169	1
12497876	1
434389	1
709076	1
155363	1
8113714	1
25536	1
1166091	1
3940288	1
1243179	1
19291167	1
29456355	1
16984797	1
95670	1
28933184	1
2584067	1
13010392	1
509760	1
770520	1
207923	1
36306844	1
87944	1
20042641	1
57781	1
4343679	1
1360162	1
5026007	1
10006121	1
418801	1
304114	1
14468276	1
7753659	1
17444179	1
8235666	1
8341328	1
5725648	1
91316	1
329830	1
3154365	1
8668728	1
24703105	1
1134236	1
6420577	1
5091453	1
12821591	1
21733723	1
36534760	1
28061349	1
2250414	1
261850	1
465643	1
4849765	1
20557195	1
764216	1
12151125	1
41280265	1
11442189	1
22877244	1
1429771	1
2898506	1
66436	1
1720942	1
3765702	1
136539	1
172706	1
32433793	1
17848676	1
168890	1
4582347	1
7384075	1
41436606	1
4447438	1
511914	1
410158	1
4964375	1
4478451	1
460135	1
5722053	1
5219660	1
4726340	1
41543078	1
22883414	1
4505888	1
43715	1
326939	1
2703807	1
7417662	1
947784	1
13099669	1
5155482	1
2612663	1
250770	1
7557212	1
945964	1
8571003	1
496938	1
871552	1
4778824	1
233483	1
13487176	1
12181835	1
3224003	1
30770	1
12989491	1
31526970	1
42261851	1
1013901	1
23666306	1
13091841	1
4741287	1
41531350	1
624911	1
890482	1
17866864	1
8165428	1
1341472	1
8825971	1
19873856	1
198558	1
126741	1
14650502	1
32880366	1
42584645	1
2913661	1
251367	1
27446608	1
2935495	1
1435211	1
1851224	1
6402462	1
2340316	1
42206819	1
44642	1
381745	1
461925	1
12298224	1
30643743	1
840827	1
47373694	1
12300718	1
2215158	1
2392781	1
92855	1
7088042	1
8579228	1
16102689	1
2453184	1
32903065	1
21808444	1
32952536	1
6750501	1
20931530	1
859611	1
881982	1
32914477	1
21153564	1
43113204	1
237818	1
400249	1
810543	1
286865	1
644863	1
11804463	1
12076989	1
12804377	1
700145	1
12394620	1
19764300	1
8847019	1
46753830	1
1019435	1
25919402	1
523631	1
5060684	1
200009	1
1204273	1
1751399	1
28014096	1
301237	1
6605374	1
1363329	1
5990667	1
1032299	1
2646656	1
22540307	1
4840792	1
338466	1
30918790	1
1428972	1
16770488	1
11838307	1
91946	1
1341738	1
2974630	1
43894837	0
6913217	0
1796216	0
4590600	0
2293381	0
2637502	0
22108836	0
7391108	0
37047259	0
10928644	0
12569103	0
3392794	0
28646107	0
39340044	0
581670	0
35840689	0
29579354	0
1377671	0
19183262	0
1160680	0
5517205	0
678985	0
46641734	0
16573650	0
119156	0
38263460	0
22544802	0
2627564	0
3739090	0
28215637	0
6000159	0
6551966	0
4229975	0
12735568	0
23389058	0
34830480	0
18993390	0
1258356	0
614933	0
1566355	0
7338485	0
10381774	0
1912487	0
286560	0
48526760	0
5266811	0
3560968	0
28519455	0
8158452	0
32394140	0
3296451	0
43934605	0
17757112	0
1166369	0
114061	0
18015419	0
9246760	0
29581131	0
17507948	0
172798	0
962730	0
38269068	0
2872368	0
11957894	0
45327253	0
7869918	0
27119841	0
10159655	0
11758462	0
27985987	0
12185650	0
45463954	0
45285105	0
4261204	0
128997	0
4777163	0
33643323	0
1098415	0
3441138	0
40803265	0
18551944	0
30204821	0
13071362	0
251301	0
42206052	0
5280985	0
18024617	0
1661956	0
36809975	0
34870303	0
17511655	0
21009640	0
13672610	0
7920249	0
12994311	0
297315	0
6746545	0
21379571	0
8662667	0
113884	0
29620918	0
19981335	0
729254	0
7010529	0
2818139	0
22068712	0
4583197	0
30126758	0
22845293	0
4281820	0
2386629	0
36964244	0
42574802	0
417429	0
3613019	0
6246091	0
18363275	0
7956809	0
29962331	0
5976675	0
48822575	0
1665509	0
32867752	0
135886	0
9534993	0
26164771	0
48703594	0
6596165	0
5868496	0
307366	0
17336355	0
561634	0
968106	0
3483554	0
6849582	0
2459026	0
20144617	0
21997641	0
1846384	0
12739701	0
5924137	0
27966929	0
5307532	0
14346483	0
21476969	0
208453	0
372970	0
9554799	0
19124530	0
26094262	0
927060	0
831048	0
30827966	0
573728	0
14276035	0
20195069	0
739785	0
2076821	0
1719905	0
429276	0
3021835	0
42194	0
33202602	0
7169858	0
42966978	0
138039	0
27139694	0
4036250	0
24182486	0
33124820	0
165723	0
34021311	0
2987352	0
1697315	0
148369	0
24233336	0
10076592	0
263331	0
85406	0
38104974	0
5758807	0
4749494	0
20555086	0
7524813	0
3462528	0
26392265	0
3394190	0
1417667	0
553944	0
127479	0
22463188	0
24844849	0
35970614	0
7806198	0
13905368	0
8877242	0
14291854	0
18885248	0
35644709	0
88392	0
1174254	0
20650776	0
13904372	0
1839386	0
2041665	0
18955748	0
11230873	0
27495717	0
20786267	0
2809835	0
14332614	0
28132505	0
90012	0
7784325	0
7396450	0
6140451	0
29229913	0
18131111	0
34969966	0
9802114	0
25867117	0
2791361	0
7447955	0
16191869	0
29015861	0
359921	0
17688392	0
16816217	0
404171	0
5814310	0
29639160	0
6116708	0
9620832	0
1362929	0
5684595	0
8643069	0
38417032	0
10515093	0
1744272	0
2287596	0
998589	0
199932	0
18424280	0
110851	0
12914644	0
13678921	0
35618964	0
1454992	0
3425938	0
5724739	0
1420533	0
3305317	0
26660475	0
8240734	0
31348780	0
1896881	0
23588919	0
4825912	0
23785316	0
17584621	0
14790180	0
2299505	0
6707215	0
40245281	0
46450104	0
46813631	0
2856741	0
10890794	0
768257	0
156139	0
15585503	0
36355265	0
16742762	0
32844759	0
2854513	0
34148765	0
3441123	0
41755783	0
23955783	0
30659	0
31581988	0
8481910	0
33039518	0
30957282	0
43345047	0
113946	0
23318522	0
29378352	0
14671962	0
6146786	0
4383792	0
43808773	0
52277	0
1824471	0
2588602	0
26590574	0
5790958	0
3781079	0
5811808	0
8841045	0
1787476	0
4507643	0
6815742	0
42356656	0
6357265	0
42150254	0
19254240	0
14877762	0
9482535	0
1201486	0
28950922	0
1779532	0
9631347	0
5934549	0
2323537	0
1569675	0
2965310	0
18949879	0
13079144	0
16020155	0
24547017	0
3010167	0
2846060	0
2298338	0
5220968	0
4270959	0
418332	0
23666559	0
253848	0
23576943	0
750333	0
3698375	0
7770964	0
3554176	0
9933531	0
17979013	0
407047	0
44428022	0
13432759	0
31039968	0
2104857	0
5927553	0
6321182	0
7874868	0
6026626	0
44040728	0
1379761	0
28517768	0
29507056	0
5194593	0
2006283	0
259860	0
11144232	0
4020257	0
1600192	0
33280072	0
32658117	0
32309785	0
107804	0
18597105	0
41364666	0
14464325	0
27004365	0
7449578	0
10955926	0
19558329	0
759640	0
15242801	0
4042166	0
10709409	0
220712	0
34269094	0
9143036	0
11580593	0
1345647	0
17412846	0
1613740	0
4720560	0
1172862	0
15147828	0
35854256	0
31818991	0
1304716	0
42977885	0
380387	0
6075547	0
1913128	0
8001753	0
12305491	0
29551764	0
46927183	0
16963069	0
39718934	0
30947333	0
10529842	0
207926	0
1252336	0
34939829	0
14851555	0
28439470	0
24808491	0
9528871	0
5020877	0
639800	0
3454378	0
3405474	0
37659033	0
3106088	0
10181474	0
28169305	0
4060744	0
881048	0
15684037	0
14439675	0
15822547	0
14278837	0
28710495	0
6507760	0
34391225	0
3920388	0
3285233	0
374500	0
1749439	0
201635	0
21953808	0
12528819	0
1651912	0
1343935	0
528116	0
4497407	0
25225045	0
41543883	0
37940653	0
29586515	0
16797581	0
26479	0
13138255	0
6160774	0
542982	0
30876020	0
2849998	0
5329116	0
19540546	0
15502261	0
18017326	0
14187531	0
37545	0
189667	0
5384560	0
7505761	0
30855092	0
145569	0
13221416	0
5845204	0
43980227	0
22534748	0
12584275	0
39438467	0
17639766	0
48522447	0
6097	0
27590677	0
3640873	0
9441391	0
122263	0
1888469	0
22339067	0
3837477	0
11376811	0
1269105	0
232146	0
3789571	0
11286346	0
12855048	0
11870343	0
11352510	0
15111311	0
15683974	0
13241355	0
5210836	0
10110745	0
34922982	0
159737	0
11440613	0
7075078	0
7813030	0
4015744	0
661459	0
10733788	0
9019151	0
27752931	0
16830466	0
2670926	0
16068439	0
1839359	0
32192295	0
245373	0
2892525	0
37272305	0
27684065	0
