214755	1
334717	1
2248401	1
12572014	1
501522	1
390883	1
3323781	1
274584	1
23158363	1
14329732	1
14378473	1
2386759	1
2959	1
259389	1
27380743	1
2539286	1
1122990	1
25587167	1
21530474	1
613190	1
148952	1
492599	1
2473031	1
522923	1
4469674	1
493885	1
254441	1
450084	1
2436928	1
14770071	1
182205	1
10166694	1
31202301	1
735194	1
574964	1
49105	1
7802143	1
10455356	1
4754	1
16229	1
7194089	1
21201503	1
3110116	1
9266248	1
470025	1
147699	1
6610374	1
561708	1
1053153	1
3294847	1
28302226	1
16264272	1
75045	1
199459	1
6053357	1
2192224	1
8349017	1
1969226	1
87577	1
6556684	1
980114	1
4515606	1
795070	1
1427356	1
19720838	1
632451	1
11993587	1
2179000	1
69206	1
15805691	1
26945162	1
28393867	1
465541	1
1037344	1
536038	1
125665	1
1741361	1
2287	1
30115064	1
534977	1
17312294	1
23833126	1
1375557	1
29449732	1
132488	1
21727648	1
30733	1
657080	1
263137	1
55245	1
996250	1
19746798	1
307173	1
46630	1
492001	1
16070159	1
14774602	1
1987108	1
1635517	1
30381887	1
573199	1
19945930	1
30510839	1
1605981	1
22781838	1
1037665	1
11863952	1
739327	1
297672	1
8060626	1
597469	1
1221889	1
16634782	1
22364128	1
31546619	1
69755	1
30864558	1
2781374	1
21187538	1
12468938	1
19773098	1
456389	1
20182484	1
17263047	1
2778881	1
994233	1
1604350	1
489064	1
8529392	1
8924136	1
2536708	1
56192	1
20846909	1
4996	1
769874	1
1272906	1
747742	1
1298105	1
2102671	1
320006	1
254598	1
4501384	1
495874	1
184429	1
42702	1
512346	1
13186400	1
301925	1
194603	1
695914	1
23254611	1
612609	1
31259	1
256301	1
365616	1
34223709	1
966130	1
672235	1
1518420	1
3006262	1
1490179	1
731608	1
15289969	1
1034002	1
4856063	1
26153588	1
3797009	1
284876	1
13708628	1
610414	1
1753761	1
1458687	1
19402725	1
1895801	1
350850	1
5977173	1
7773	1
12059768	1
10157761	1
294813	1
241214	1
45525318	1
4367337	1
40479	1
3878365	1
4184288	1
397165	1
768912	1
598144	1
10173133	1
409855	1
882184	1
633282	1
996160	1
341553	1
1954901	1
980127	1
30858747	1
2136612	1
48460573	1
31449398	1
13583297	1
11044710	1
1878356	1
14769082	1
16736148	1
970600	1
198201	1
10235671	1
530494	1
518813	1
7366731	1
22803775	1
12994357	1
3115604	1
871907	1
1831011	1
16011455	1
1782998	1
172343	1
891686	1
20903754	1
16379700	1
20756967	1
581146	1
4049776	1
33617146	1
6353080	1
51734	1
31102820	1
11311122	1
2425775	1
12082996	1
3711080	1
47751409	1
7075948	1
147019	1
17223515	1
13482262	1
51522	1
69937	1
907781	1
1658444	1
491658	1
90122	1
1226722	1
4256104	1
3387941	1
1981028	1
507536	1
406245	1
45718416	1
882169	1
4336464	1
12987350	1
36092552	1
11655158	1
1236611	1
31779891	1
32912096	1
530106	1
931256	1
151294	1
436113	1
847652	1
30875121	1
641441	1
2566403	1
8707	1
17749412	1
156481	1
35031473	1
12751457	1
1540922	1
463973	1
633049	1
19949530	1
20412698	1
9524813	1
30672345	1
2402203	1
21684356	1
532368	1
21371928	1
642840	1
30963487	1
325496	1
212855	1
138165	1
22452018	1
66691	1
1718812	1
6247647	1
907219	1
3799760	1
323960	1
78012	1
256339	1
760798	1
1053801	1
8816632	1
3500497	1
825827	1
1302191	1
305596	1
1341891	1
125860	1
737726	1
782759	1
147247	1
3221554	1
1157794	1
133062	1
52840	1
27597500	1
1508786	1
356181	1
47877	1
187473	1
469373	1
14364972	1
879946	1
1493783	1
11542364	1
3772	1
370539	1
41067925	1
417020	1
842065	1
12612	1
1527191	1
46951752	1
586261	1
3387575	1
753621	1
1336401	1
32542302	1
28832249	1
212094	1
1414636	1
588300	1
170045	1
417152	1
908114	1
11789903	1
515250	1
11189172	1
3558719	1
2228066	1
26666629	1
4496082	1
2898146	1
277289	1
1055016	1
46770	1
531725	1
10855611	1
424589	1
219208	1
11171966	1
970928	1
47751129	1
7514600	1
10079376	1
21173398	1
52040	1
675868	1
196078	1
11840912	1
134408	1
416768	1
33662204	1
28927	1
1689841	1
372874	1
21130979	1
405253	1
2994746	1
2260020	1
643753	1
41793392	1
9977776	1
13690575	1
43956992	1
789519	1
2431502	1
1544116	1
729607	1
8323072	1
3412432	1
40171058	1
863901	1
32193	1
4255922	1
2759989	1
1347020	1
950430	1
25064564	1
216134	1
4080747	1
594681	1
41834	1
4769988	1
14410430	1
22284	1
878474	1
2023225	1
58420	1
15837511	1
15875155	1
1103513	1
279350	1
2045835	1
1255697	1
25178752	1
39846	1
21533	1
34759358	1
19373997	1
2066422	1
5970583	1
616860	1
31080407	1
7366298	1
1848261	1
11625948	1
48781658	1
29404026	1
6675449	1
444369	1
540880	1
1262640	1
424851	1
44275912	1
895456	1
3569309	1
748827	1
28085755	1
44653451	1
12237805	1
15559698	1
3802563	1
550647	1
177152	1
282973	1
29151302	1
1018778	1
19115318	1
518897	1
2610847	1
567663	1
1493790	1
19159108	1
15884386	1
14146506	1
15400476	1
1435769	1
880236	1
718797	1
23689133	1
3866187	1
81861	1
43458083	1
1076431	1
45572307	1
30003	1
3773354	1
8811557	1
3667084	1
164329	1
391934	1
3132302	1
4913855	1
6167989	1
11815241	1
604590	1
458472	1
9992430	1
613526	1
300675	1
8840	1
38025	1
11075771	1
632579	1
29191951	1
200660	1
1430626	1
4381915	1
30340901	1
1355772	1
1392019	1
1671591	1
38008	1
983297	1
619565	1
222857	1
3310923	1
11993809	1
17764163	1
4131142	1
40875321	0
13813131	0
3945120	0
116290	0
9601141	0
5690763	0
5181281	0
528806	0
48760567	0
7081328	0
1362701	0
13113056	0
45700312	0
210434	0
1795443	0
8702768	0
39984156	0
7999154	0
1708395	0
8145267	0
9145267	0
24609363	0
9761814	0
2127470	0
5059042	0
17972410	0
637166	0
1512733	0
1842596	0
3981520	0
1702694	0
42797228	0
3439509	0
16617297	0
13485341	0
15538174	0
47189902	0
12006384	0
8423608	0
42626911	0
42005850	0
14891665	0
2461832	0
9815363	0
1023056	0
287250	0
27806135	0
25586593	0
43477703	0
2143370	0
12801167	0
355186	0
33616075	0
10454997	0
4357605	0
4109457	0
124571	0
16962531	0
36512950	0
13170706	0
16889238	0
1127900	0
150839	0
70767	0
1102876	0
5923049	0
1934273	0
12492739	0
2939537	0
3075958	0
19686896	0
20394527	0
51847	0
1428129	0
11988484	0
663679	0
14446918	0
30955081	0
11316467	0
1968576	0
27448335	0
29118338	0
111224	0
685850	0
2068990	0
250477	0
26372058	0
8804327	0
45385185	0
4566884	0
3348893	0
307452	0
2795767	0
8384430	0
5724747	0
1070942	0
6444909	0
17848523	0
9648672	0
25944986	0
22025271	0
767783	0
41207444	0
1117151	0
7600304	0
13888660	0
538543	0
28296637	0
262350	0
30068141	0
32791926	0
135528	0
6860798	0
23023331	0
1468528	0
6737374	0
31914596	0
15735433	0
5213300	0
119467	0
15163175	0
31350054	0
11635760	0
4191622	0
4237002	0
135433	0
25723743	0
43981417	0
5800046	0
1783996	0
33793178	0
20896149	0
1994939	0
720247	0
6475570	0
9908910	0
3618031	0
1933670	0
14558056	0
6576035	0
7170714	0
1432633	0
20394475	0
548770	0
181077	0
8531864	0
21451606	0
29073633	0
39806145	0
32182007	0
4518115	0
35208112	0
2002235	0
29639511	0
9324425	0
40580961	0
1912348	0
7262053	0
37203891	0
8110345	0
356057	0
39174879	0
1478989	0
5179189	0
45618578	0
2416550	0
35750401	0
3226062	0
5371150	0
5016501	0
11682739	0
13090154	0
14251570	0
23631274	0
923685	0
12177904	0
1742640	0
17475305	0
10041925	0
600076	0
37205081	0
11170513	0
4347542	0
42037751	0
12315870	0
336593	0
18621645	0
16742427	0
2852745	0
44937482	0
34750831	0
4405523	0
1806781	0
132515	0
6069782	0
521673	0
17224876	0
10559531	0
38990449	0
2507055	0
2843456	0
1048941	0
27089910	0
11992888	0
48649998	0
13491359	0
1980906	0
10146726	0
4794312	0
6825259	0
581395	0
7953902	0
3095859	0
18273740	0
37631982	0
2231325	0
7364643	0
5046873	0
32286774	0
34203123	0
36026699	0
24229622	0
11068477	0
11843346	0
714156	0
1460408	0
8802521	0
239428	0
5679162	0
15809719	0
9839221	0
27418183	0
2052733	0
42444657	0
2979533	0
13756452	0
22427389	0
75319	0
7117897	0
16073859	0
8196419	0
36073124	0
5153035	0
38226387	0
49182345	0
4979923	0
3698971	0
37248326	0
116394	0
23846685	0
3743835	0
21290257	0
8963796	0
3943030	0
2140299	0
5206094	0
19699124	0
45516370	0
255670	0
34556265	0
3782686	0
7947855	0
3783131	0
18043416	0
12076960	0
590444	0
588111	0
15145601	0
9324964	0
1111532	0
25363279	0
965167	0
107324	0
105969	0
1705559	0
23492914	0
22611535	0
20752861	0
48934	0
31710027	0
2329784	0
24105103	0
4845793	0
46731921	0
14947378	0
6331303	0
13704175	0
31868765	0
4376748	0
13292189	0
143697	0
1721399	0
19010432	0
8052778	0
1803784	0
5583572	0
129733	0
3142024	0
8855736	0
11994213	0
20950734	0
38835481	0
45541599	0
5047413	0
8690136	0
32654579	0
30970560	0
6724909	0
39621966	0
3318694	0
5539908	0
31253668	0
877420	0
36170993	0
28260564	0
47019881	0
1106388	0
3961287	0
24943952	0
7460481	0
110828	0
31106310	0
49253123	0
3934483	0
7075780	0
42518	0
1419441	0
6064438	0
72033	0
5488304	0
7468358	0
294416	0
6089212	0
10218286	0
14673203	0
21907286	0
28548573	0
33804292	0
1567553	0
13061613	0
19272563	0
34712870	0
12166653	0
179332	0
6313227	0
33891062	0
34786606	0
34940543	0
17685886	0
17475562	0
46952832	0
8739840	0
42581983	0
26132015	0
5939421	0
787807	0
3662378	0
98568	0
10350878	0
1630649	0
22459896	0
37153482	0
1563537	0
29948792	0
451616	0
17373094	0
31991340	0
38796	0
22765522	0
3196313	0
34017782	0
13948998	0
5093277	0
8999822	0
21957351	0
4211230	0
2845086	0
7198816	0
7956659	0
7495101	0
27426191	0
21819959	0
1451598	0
2568999	0
34789357	0
4043836	0
4595774	0
7789285	0
1110844	0
41436606	0
1188304	0
24066858	0
12124446	0
23505048	0
12453424	0
18550200	0
25917134	0
3230957	0
840351	0
14679235	0
49076202	0
15292426	0
13213205	0
3520602	0
1177623	0
30761415	0
31798721	0
34055429	0
94387	0
19537461	0
3077636	0
5291367	0
17827583	0
803639	0
5236047	0
17526734	0
22782953	0
448996	0
2223775	0
27281044	0
7750075	0
6424773	0
6581946	0
31020913	0
5033699	0
36461506	0
5556517	0
20427277	0
7395783	0
8565882	0
57756	0
4599869	0
973917	0
1621571	0
512428	0
7824285	0
20179839	0
2695464	0
39402185	0
3372489	0
9429284	0
25306287	0
2620698	0
9445186	0
10322565	0
4171405	0
126053	0
40245417	0
151514	0
4643292	0
31132741	0
718028	0
5630912	0
5190615	0
1090296	0
3444890	0
32834982	0
23611660	0
707973	0
7455553	0
2167061	0
20719170	0
42938652	0
2871503	0
2767206	0
6558487	0
24236581	0
5457772	0
534724	0
6951808	0
38003956	0
108589	0
24543392	0
4016559	0
3637560	0
9658718	0
33091987	0
8941627	0
336922	0
115373	0
13637225	0
23637330	0
330130	0
4740469	0
1186074	0
14227587	0
11933068	0
12210274	0
804611	0
12954969	0
20557323	0
39273410	0
7083374	0
41415888	0
2203231	0
22878772	0
9345011	0
3573687	0
3723050	0
42575959	0
