816021	1
937519	1
7957685	1
3968606	1
20985742	1
2324345	1
16077824	1
6590043	1
44154	1
2698719	1
23309606	1
182833	1
50226	1
17271930	1
27490	1
7020107	1
1796739	1
40015305	1
6170550	1
153791	1
811607	1
5621690	1
2410741	1
8407910	1
1068472	1
24788023	1
41679040	1
22450394	1
8710335	1
1721903	1
13281834	1
30471278	1
33011396	1
28948692	1
303846	1
167046	1
33131881	1
25408	1
552923	1
4060627	1
14384993	1
241515	1
14845061	1
715224	1
43978978	1
46692239	1
4578882	1
10450	1
167608	1
1787055	1
43421	1
4524488	1
9270156	1
188469	1
35097425	1
18960696	1
2403753	1
125231	1
11156641	1
3100266	1
15778867	1
30873407	1
649917	1
23477436	1
1615974	1
59711	1
2110637	1
1019698	1
69541	1
32417626	1
2075293	1
2568773	1
3484792	1
25111268	1
1440137	1
5777398	1
724074	1
39056935	1
7970888	1
518827	1
265935	1
4640232	1
181254	1
31710027	1
1172302	1
173082	1
4881013	1
40851263	1
17366783	1
4411422	1
9215927	1
3118643	1
2855734	1
2920965	1
26864062	1
65648	1
2873347	1
1069413	1
282963	1
610133	1
4514406	1
1411554	1
332719	1
153477	1
3319366	1
1661137	1
7818429	1
12962499	1
74095	1
1294076	1
9518953	1
46389	1
2213886	1
1472136	1
36466747	1
9810	1
9461165	1
104743	1
6548	1
15941	1
1379249	1
37486661	1
2870097	1
315920	1
561315	1
5410124	1
1170250	1
113139	1
366534	1
616304	1
727581	1
18342008	1
5221130	1
373469	1
158889	1
144680	1
16449407	1
20904440	1
3641471	1
15643748	1
237992	1
931	1
24427	1
7982205	1
48701	1
193687	1
1257796	1
41787124	1
2025168	1
1725738	1
494707	1
2748481	1
5138867	1
13217014	1
21632	1
807609	1
42803396	1
4293420	1
10701855	1
600259	1
15631288	1
17870819	1
15872	1
8700273	1
3160609	1
8725304	1
989981	1
8006812	1
14754065	1
25519059	1
24661578	1
180971	1
7647586	1
49861	1
3762237	1
753498	1
8613770	1
4435868	1
1320519	1
28873960	1
13885641	1
11119954	1
6981122	1
16707	1
3286021	1
31147898	1
15879	1
17385935	1
10537719	1
16743	1
10797781	1
12308789	1
365347	1
183820	1
3060312	1
53602	1
21181	1
401673	1
87624	1
1871710	1
1002510	1
158982	1
46744	1
4252790	1
2133236	1
23883346	1
22800598	1
23813636	1
5227373	1
606972	1
3211831	1
2133209	1
399839	1
1641162	1
12466125	1
763122	1
153823	1
9519561	1
962680	1
439166	1
12151980	1
23547	1
7434	1
2034842	1
5203602	1
1716721	1
5230876	1
5458410	1
9814319	1
216291	1
1468404	1
14355380	1
15194771	1
10192890	1
186376	1
32026844	1
8682515	1
67022	1
5298643	1
1480748	1
1186529	1
1139574	1
2386456	1
1456567	1
173851	1
907187	1
19258411	1
1430589	1
39051687	1
26878526	1
354295	1
77672	1
303892	1
181113	1
2286158	1
3065095	1
157907	1
5853941	1
558096	1
4309603	1
1005079	1
36192240	1
11685274	1
45111170	1
281687	1
2407766	1
4076374	1
51900	1
1255906	1
18617829	1
15388281	1
13305261	1
148206	1
5601289	1
47907	1
8774946	1
2460826	1
303164	1
25109522	1
10718809	1
55467	1
1696691	1
715981	1
5832114	1
18949432	1
787898	1
13128702	1
7110789	1
3440599	1
36293867	1
22261488	1
4291216	1
383248	1
15852	1
28372301	1
1752991	1
63110	1
1817664	1
54436	1
4515885	1
375451	1
572897	1
683122	1
492132	1
11302735	1
654957	1
145309	1
1110019	1
1769569	1
157912	1
965808	1
2513256	1
1963680	1
2922074	1
12749477	1
24627477	1
1193288	1
54764	1
21703042	1
230246	1
17378795	1
233103	1
4888733	1
23732815	1
7504220	1
45601438	1
496982	1
42579699	1
61498	1
15782	1
5804307	1
15086633	1
1482779	1
10447391	1
1841749	1
104121	1
1919537	1
285337	1
1033435	1
233083	1
31000855	1
125248	1
2227062	1
35245388	1
21259870	1
18835362	1
5104049	1
16881561	1
170688	1
20789360	1
218684	1
7842004	1
40190616	1
86564	1
3079162	1
1034279	1
84317	1
751355	1
817515	1
21008812	1
958714	1
4870128	1
18060	1
12683099	1
286591	1
30863264	1
26747451	1
146947	1
1305066	1
190416	1
358249	1
5923051	1
268250	1
9261471	1
11800836	1
10043778	1
30631328	1
289785	1
5379646	1
47720305	1
343294	1
48449	1
33537192	1
2029	1
394583	1
4687434	1
21075291	1
286472	1
6214850	1
1850317	1
1614241	1
2168337	1
9103852	1
1353671	1
8986620	1
50350	1
7487544	1
35935508	1
2748828	1
25594654	1
20867795	1
39221471	1
46379460	1
23664291	1
1883813	1
1231042	1
2207325	1
81512	1
155033	1
1192911	1
48454461	1
1720701	1
1528753	1
5279389	1
213531	1
6532	1
8829594	1
692461	1
18384209	1
156489	1
239785	1
3304069	1
1427800	1
303070	1
12002348	1
7015797	1
382170	1
7113773	1
1242576	1
15033067	1
2817023	1
11061780	1
33632	1
246445	1
1027443	1
28774329	1
1840798	1
1993277	1
652663	1
144167	1
919815	1
20192	1
42835364	1
1912218	1
56574	1
66569	1
6503294	1
9148314	1
1326651	1
12787	1
752711	1
26386	1
5610548	1
5810111	1
28039256	1
74778	1
4329578	1
1785319	1
18188	1
236078	1
127787	1
15535670	1
12917769	1
145885	1
1285681	1
357760	1
3139649	1
1833124	1
6926548	1
9713411	1
82765	1
208208	1
1769364	1
292214	1
46504357	1
8609595	1
28037470	1
729204	1
5181338	1
18383500	1
424386	1
2348757	1
1653786	1
322244	1
21373079	1
14689013	1
11041517	1
3035985	1
5612416	1
13197825	1
82776	1
26959854	1
37921686	1
36128458	1
22937227	1
263183	1
6293922	1
1235504	1
4391260	1
912593	1
2270215	0
14607288	0
2949452	0
1930943	0
2221107	0
16662567	0
58640	0
19058799	0
38182084	0
11755233	0
2754435	0
7978931	0
408212	0
20140891	0
9319759	0
3829062	0
16849800	0
25371997	0
9815850	0
13906872	0
3227845	0
9330785	0
36703404	0
1781343	0
16555813	0
46642569	0
193436	0
156045	0
8191375	0
23018679	0
41336322	0
1502899	0
4847234	0
31267768	0
6559350	0
197077	0
37872399	0
7671824	0
403006	0
3558057	0
7192361	0
9085775	0
42439065	0
19445964	0
7005443	0
48841150	0
17164019	0
9656066	0
210913	0
37551	0
1437728	0
4906491	0
25404724	0
1994776	0
36229837	0
817977	0
26609214	0
4024651	0
31016389	0
4964847	0
40454628	0
48752022	0
6919034	0
5873269	0
24734404	0
11248211	0
11258757	0
673254	0
2160293	0
22581369	0
3537917	0
23903103	0
41029670	0
15689351	0
329051	0
20076	0
5311610	0
3625284	0
571662	0
42854435	0
3210027	0
37907290	0
20824017	0
8299534	0
140495	0
5054339	0
27540706	0
643277	0
795165	0
17940481	0
35098911	0
5927986	0
1818794	0
3930155	0
1192436	0
1261600	0
15114349	0
11222402	0
19651298	0
48046980	0
385144	0
15098749	0
9274063	0
5501808	0
3142272	0
7791921	0
43150970	0
10194094	0
10910139	0
8021294	0
35947901	0
1392718	0
13098486	0
15807758	0
20633701	0
12415184	0
13861005	0
61497	0
101984	0
48592358	0
24702596	0
21829402	0
40756369	0
33764098	0
1087577	0
24104596	0
592285	0
38996751	0
43607922	0
1485008	0
29069832	0
28933830	0
652117	0
31972312	0
8576907	0
12427917	0
236975	0
34131779	0
13709057	0
40958118	0
445988	0
414686	0
7113128	0
6210776	0
25041763	0
3557544	0
36562595	0
33416420	0
2687697	0
26612052	0
6375316	0
1263246	0
26771281	0
6284418	0
18737814	0
10385798	0
46301	0
46589067	0
12550933	0
21138226	0
181820	0
101904	0
598480	0
16094153	0
27974021	0
25645450	0
4369018	0
13813240	0
26259056	0
1816074	0
112930	0
13557799	0
6242667	0
4218998	0
23567489	0
14056137	0
9431637	0
23113093	0
7134704	0
33628340	0
41188920	0
12104552	0
2887171	0
44285470	0
16946425	0
26177395	0
31605307	0
13049480	0
20625913	0
25626205	0
7425554	0
44986033	0
42073651	0
236674	0
31337989	0
610819	0
17311790	0
32325703	0
3909845	0
21432400	0
2850075	0
22754513	0
14210270	0
2181108	0
9013078	0
25698938	0
36230009	0
5173194	0
6539519	0
31462932	0
38518994	0
323396	0
10385086	0
1151524	0
16275265	0
39946167	0
11871813	0
12093113	0
1544166	0
17495402	0
20140983	0
391054	0
40938660	0
4745489	0
38733382	0
21724783	0
36448776	0
3591271	0
34066022	0
40685685	0
503726	0
43053906	0
1389682	0
146509	0
1044611	0
6821282	0
37702802	0
16957925	0
178121	0
764710	0
22770618	0
26062949	0
32552238	0
1404820	0
17908430	0
544210	0
1570879	0
28156690	0
24698021	0
17190728	0
14278652	0
965611	0
32972099	0
1744419	0
1336794	0
3916335	0
1579333	0
4084479	0
833812	0
750220	0
31449886	0
171354	0
1449234	0
112417	0
4250465	0
3846858	0
2082534	0
38765266	0
12753168	0
518809	0
35991908	0
1722696	0
2016931	0
2563019	0
419413	0
39743944	0
7790949	0
18332369	0
3563618	0
8979645	0
6767979	0
3186354	0
2610309	0
2346547	0
47200805	0
7022598	0
19105382	0
11651245	0
3902622	0
45454195	0
2805764	0
3582891	0
1431340	0
4261221	0
2860279	0
374833	0
3383615	0
3812387	0
36120322	0
31524583	0
1343593	0
132079	0
33117065	0
2040510	0
1417904	0
2810037	0
1150793	0
5988817	0
40033854	0
4516100	0
9784578	0
27896478	0
11717538	0
19285780	0
2817041	0
3725860	0
22628915	0
28142399	0
46419990	0
7485013	0
23385427	0
12640091	0
5351439	0
8152651	0
15220489	0
15956061	0
21820314	0
29193707	0
37897671	0
4116687	0
1856187	0
26931171	0
8343795	0
26185751	0
31791103	0
1815491	0
33491496	0
275377	0
16274415	0
42297008	0
24148790	0
5518851	0
14369115	0
36955795	0
20610209	0
16628400	0
378362	0
32847281	0
11764292	0
23811415	0
17428608	0
5934830	0
5551711	0
33149237	0
7718574	0
13591607	0
6990937	0
2988688	0
7093680	0
676699	0
746748	0
12552697	0
35642375	0
531396	0
13134154	0
1397985	0
4548227	0
2187160	0
1045758	0
11294229	0
2046224	0
19299720	0
11745835	0
22877862	0
33540733	0
897596	0
7337979	0
3284659	0
2301753	0
8507860	0
11358810	0
865429	0
1832799	0
1053019	0
34910398	0
11250759	0
4453751	0
760508	0
516154	0
31685589	0
19796120	0
126195	0
5168371	0
40831847	0
16312798	0
1611202	0
15309751	0
247582	0
3476115	0
20572553	0
26380786	0
15801905	0
15790169	0
255790	0
28727188	0
27318347	0
7660132	0
6556874	0
108508	0
22752895	0
18057900	0
7546436	0
4904683	0
24202540	0
18569053	0
36804508	0
13981639	0
30641342	0
20002957	0
18538028	0
21835111	0
29331322	0
40860743	0
26663830	0
41452183	0
3009829	0
1355776	0
25127125	0
15026964	0
3580338	0
39706911	0
19136879	0
7378182	0
30144708	0
122848	0
26948699	0
6824748	0
41127990	0
18532480	0
17562111	0
868346	0
35890430	0
1520246	0
23993559	0
137825	0
6999673	0
18949701	0
17473731	0
3189167	0
8110199	0
32923994	0
6614872	0
6128779	0
4462541	0
405184	0
2542213	0
37588518	0
21566565	0
14869170	0
21990751	0
789623	0
29392021	0
19289818	0
13947013	0
8095453	0
320061	0
6319158	0
5806401	0
1424921	0
35876092	0
224464	0
953910	0
9699967	0
8396758	0
2300183	0
39859655	0
17965174	0
5863787	0
3493600	0
3108059	0
5266260	0
34324256	0
2077951	0
27065112	0
5215428	0
10406302	0
18433156	0
1963625	0
474952	0
56561	0
3726931	0
21226	0
11048955	0
44672	0
4063008	0
17530796	0
4535425	0
3501567	0
16791034	0
3465152	0
