3214522	1
25111268	1
2848547	1
451484	1
1979433	1
3508567	1
1554495	1
2518862	1
317599	1
46437562	1
7018	1
2858630	1
31286286	1
3123805	1
45450	1
30969403	1
258950	1
3793296	1
2667085	1
2751585	1
1733177	1
1789822	1
1909250	1
59716	1
22442148	1
3516549	1
394938	1
22393126	1
24020	1
96226	1
207580	1
902131	1
3345744	1
40826789	1
13769010	1
1408	1
8949442	1
35067454	1
765587	1
4443158	1
3160830	1
22667	1
4333752	1
12475766	1
338825	1
414393	1
1653918	1
10792505	1
27129153	1
4476125	1
1831408	1
4540224	1
15932402	1
14527812	1
54161	1
18725873	1
19791923	1
642815	1
24180697	1
3463179	1
8295840	1
1778562	1
17827104	1
464058	1
24149582	1
3796416	1
320349	1
30166830	1
52803	1
642806	1
1788888	1
222590	1
17901	1
45295082	1
44893	1
574162	1
4348893	1
12747891	1
31038630	1
7437198	1
1721175	1
1946187	1
2481507	1
3367632	1
2099900	1
1347829	1
159948	1
22754153	1
8151130	1
875903	1
26224998	1
2044133	1
24308531	1
22574528	1
3793450	1
2716070	1
8654578	1
59949	1
15283989	1
38576948	1
10384741	1
1386793	1
1553	1
13686962	1
36088416	1
5951000	1
1680767	1
411622	1
2303396	1
24274	1
990923	1
1805652	1
4706325	1
7562345	1
3824126	1
10946952	1
12153654	1
18933275	1
24010	1
1010769	1
3395380	1
13588409	1
123114	1
1175507	1
18958666	1
5463699	1
31837805	1
13369653	1
20555059	1
219283	1
641049	1
69818	1
29688059	1
1266491	1
46068	1
363877	1
31599077	1
454662	1
30594422	1
43604413	1
2268080	1
3169726	1
2843773	1
925342	1
793089	1
8427398	1
2759420	1
28628146	1
17501477	1
1895930	1
5164876	1
6554851	1
3674968	1
1812373	1
1300577	1
424373	1
69010	1
1931918	1
4018677	1
12674700	1
30861531	1
10065197	1
19819394	1
96202	1
39356	1
2377662	1
1849981	1
59205	1
2244470	1
33605011	1
1058141	1
206714	1
11700768	1
26404641	1
7918559	1
664786	1
1100939	1
932828	1
3340274	1
11664526	1
10990257	1
1137427	1
626634	1
9616484	1
481366	1
31973505	1
6989149	1
1620463	1
2582187	1
1017527	1
1680827	1
10152	1
7667057	1
1476443	1
13099242	1
30479	1
14027670	1
1196118	1
5569660	1
12635	1
434178	1
11953988	1
2474412	1
24309	1
741950	1
24018	1
18650413	1
1687701	1
9804571	1
1660034	1
338887	1
15628332	1
32065075	1
167982	1
4347120	1
49120	1
1593673	1
217788	1
1979980	1
16858	1
15300327	1
50333	1
2108	1
15830416	1
33323113	1
30236766	1
391373	1
2303667	1
34820217	1
22757941	1
22416614	1
324352	1
8031778	1
1537974	1
17461705	1
212186	1
4092442	1
1033414	1
7230089	1
1339102	1
5772925	1
24423	1
7857278	1
642780	1
1929054	1
39556054	1
69847	1
4616601	1
151750	1
7065666	1
24333	1
3713863	1
623591	1
33617	1
4811241	1
121439	1
18585898	1
1276659	1
60543	1
18642939	1
2854453	1
736939	1
24119	1
360742	1
14449288	1
36768	1
3088465	1
5302095	1
16571888	1
45883	1
2020423	1
410081	1
67376	1
305014	1
1804168	1
36489815	1
2715559	1
1579575	1
610665	1
49216341	1
15000116	1
150904	1
1658	1
266438	1
2922770	1
8624259	1
411434	1
916593	1
1415799	1
32111870	1
7107321	1
10334913	1
13021696	1
1342867	1
152173	1
6452	1
40596128	1
33647690	1
297740	1
1172700	1
1946504	1
18196	1
21471592	1
37531313	1
28888212	1
3232270	1
3115424	1
655701	1
3760531	1
29482681	1
23392254	1
3770104	1
10100899	1
25266709	1
24056	1
8113000	1
1520970	1
469561	1
32233	1
19389993	1
21418258	1
29281229	1
7631470	1
30485545	1
1636552	1
6685139	1
719178	1
16455607	1
1870458	1
6734242	1
147895	1
496080	1
11469752	1
1238653	1
38334577	1
15161412	1
11668256	1
272717	1
8377630	1
12851677	1
214250	1
6539270	1
2893069	1
26639910	1
8958357	1
4107136	1
170034	1
9449647	1
21874567	1
16378911	1
318421	1
231699	1
1730741	1
23834	1
12475503	1
36298931	1
1720213	1
157910	1
77813	1
33632675	1
1352021	1
11109073	1
15536127	1
2497976	1
46683	1
12420746	1
1692165	1
24055	1
5935610	1
12794113	1
976736	1
17232686	1
6793719	1
44807763	1
21490607	1
708289	1
221145	1
7180339	1
2360891	1
375788	1
8122130	1
390843	1
189644	1
14975044	1
7464839	1
1706693	1
2698154	1
18456527	1
18990784	1
10616961	1
36115576	1
1287737	1
3446104	1
341505	1
151335	1
153696	1
2175439	1
43211556	1
9504357	1
8948018	1
8998551	1
409703	1
3322772	1
22457051	1
16328072	1
1557911	1
11025438	1
1238962	1
1280130	1
14752407	1
341506	1
10970861	1
1435254	1
23803	1
6581407	1
1806346	1
3179606	1
50371	1
1757248	1
314456	1
3510804	1
8289891	1
1829126	1
5482211	1
9279518	1
1918177	1
24002394	1
15471001	1
5269227	1
204804	1
47863668	1
8573552	1
14393137	1
1160796	1
46399250	1
14448866	1
399280	1
24155	1
212912	1
11326396	1
3062787	1
2581788	1
5804004	1
771080	1
70158	1
5205028	1
44399	1
390680	1
298329	1
21422188	1
31015127	1
1354231	1
19046	1
214232	1
13447753	1
2824456	1
6243024	1
1368115	1
27485249	1
9675543	1
8161655	1
8928666	1
10118975	1
4156037	1
6927570	1
335690	1
12812502	1
8851041	1
7349767	1
467693	1
3481855	1
15314792	1
649122	1
101610	1
1951664	1
7466418	1
46847347	1
13550527	1
23806996	1
7357489	1
40216	1
634900	1
23155207	1
363892	1
183878	1
3432798	1
4092102	1
63001	1
27978200	1
2582233	1
2998427	1
23056	1
2100593	1
10027276	1
24310	1
35894011	1
1307216	1
747843	1
741293	1
245236	1
21050178	0
2968858	0
32748920	0
10312569	0
7702404	0
17428878	0
9043462	0
354408	0
37270918	0
29102633	0
1683668	0
1580743	0
605986	0
244829	0
1468913	0
5410758	0
11196113	0
191035	0
36959387	0
15859941	0
4933308	0
138257	0
30265606	0
1532788	0
3118518	0
25418888	0
476339	0
21014642	0
2118622	0
2886006	0
13030934	0
537195	0
16789117	0
44779152	0
435858	0
43664395	0
9577469	0
418261	0
22467629	0
3819289	0
4237220	0
1473120	0
8905400	0
11994878	0
23158463	0
482914	0
9020493	0
7044986	0
8014032	0
42684355	0
24071	0
26815385	0
30956353	0
15875235	0
2443925	0
36318507	0
11394090	0
36635383	0
20187814	0
37176632	0
2228319	0
17037221	0
12120136	0
7953137	0
28547427	0
261836	0
42632998	0
1353675	0
34204834	0
3861793	0
16200311	0
63390	0
20993879	0
2300323	0
5145121	0
2166956	0
5292318	0
38723062	0
44648764	0
100286	0
2431325	0
29365327	0
136284	0
12476421	0
1374861	0
89514	0
17996843	0
35562907	0
153401	0
7627135	0
49154851	0
1777408	0
3182089	0
13437201	0
4421182	0
33829161	0
27941199	0
6056377	0
5409333	0
5318738	0
9745562	0
2979322	0
1615808	0
2456888	0
5804782	0
1424309	0
43350129	0
1211567	0
24985678	0
23588715	0
1239190	0
31564725	0
2876033	0
19489895	0
7106249	0
20860212	0
359865	0
11894910	0
25825391	0
255213	0
47875757	0
41904886	0
738237	0
33635494	0
34801976	0
4381915	0
5569787	0
14391295	0
5556351	0
18894882	0
8604416	0
23692114	0
37774601	0
38697881	0
3319518	0
13225204	0
115327	0
17486610	0
10518821	0
1309105	0
7202040	0
12624415	0
1005721	0
33987434	0
29486365	0
20955214	0
9303793	0
116878	0
802763	0
7286926	0
9293972	0
25019670	0
34746925	0
6260408	0
1203623	0
14789940	0
8367222	0
11346433	0
379018	0
4708450	0
930002	0
3889677	0
68697	0
37686572	0
1238940	0
329521	0
151119	0
5555913	0
20002760	0
3255945	0
17209442	0
2973600	0
10795829	0
2369647	0
17699342	0
9518563	0
43101910	0
27178940	0
23137705	0
14035436	0
30019882	0
15718183	0
4711701	0
27911252	0
2689680	0
48993670	0
34951977	0
30875095	0
24046614	0
14498701	0
1241357	0
11237564	0
23863641	0
5706637	0
256485	0
28474633	0
18891001	0
2654482	0
22749704	0
21777191	0
11694477	0
1443986	0
3183576	0
7901970	0
2700609	0
4652192	0
40854215	0
30155973	0
23245083	0
2236459	0
12082917	0
16335283	0
4655922	0
520498	0
7435052	0
11033219	0
24620025	0
32360267	0
9228747	0
5652395	0
29830388	0
2943107	0
3423389	0
43812428	0
13875875	0
2774582	0
132142	0
11639172	0
33597830	0
2054307	0
24909574	0
20408270	0
3739136	0
574885	0
25996171	0
5263407	0
49917	0
30924735	0
32098315	0
5203666	0
17145612	0
106587	0
41267191	0
2389659	0
6119545	0
10372015	0
1803135	0
17724704	0
4064263	0
37613554	0
1547742	0
241102	0
1585602	0
184089	0
3193726	0
27035652	0
12456106	0
230744	0
11691513	0
5948784	0
35507967	0
7466613	0
22614160	0
762996	0
54773	0
28152901	0
512681	0
18800331	0
27931371	0
3567886	0
23257105	0
25944530	0
8246515	0
12194809	0
19751226	0
36281619	0
5133929	0
11817840	0
26992523	0
17152359	0
1987010	0
14361718	0
124218	0
3421784	0
31243779	0
5624733	0
12535154	0
39417966	0
7025174	0
1219965	0
24022085	0
2018960	0
1168956	0
14370868	0
11926965	0
27455302	0
14293376	0
900867	0
31131950	0
17926357	0
3014046	0
5181017	0
512335	0
8217299	0
8196026	0
2754030	0
757159	0
679946	0
41301912	0
210155	0
1587477	0
15833497	0
5642397	0
1040139	0
29590329	0
34210019	0
3710414	0
20841505	0
17771113	0
22604336	0
446019	0
1310500	0
124985	0
5431563	0
898566	0
954150	0
20110342	0
7532215	0
5077506	0
6490008	0
3498702	0
1278087	0
39673631	0
33372753	0
7930043	0
27649706	0
13192350	0
1716958	0
1399393	0
186420	0
24162290	0
6832443	0
9914960	0
45661718	0
1477183	0
729949	0
2734052	0
8512955	0
1862504	0
6967993	0
8086830	0
19304790	0
628503	0
8851329	0
4978283	0
4183707	0
27565006	0
14228844	0
389817	0
39316600	0
5319775	0
19132553	0
12265693	0
28284492	0
43005509	0
1922948	0
8622194	0
5097832	0
20935491	0
17835779	0
11485570	0
8248225	0
953911	0
271048	0
273373	0
20913753	0
5905037	0
216434	0
9545616	0
2090345	0
18584282	0
5453630	0
932831	0
1386000	0
16064088	0
34547989	0
3203626	0
1065575	0
18786974	0
27782857	0
22525144	0
27987629	0
33484393	0
18964194	0
18580886	0
3014514	0
18872199	0
6095468	0
120577	0
10354913	0
20127720	0
36924426	0
16270571	0
34196822	0
3430331	0
166012	0
1251238	0
12625054	0
424676	0
20168693	0
525038	0
36578831	0
2991489	0
4511074	0
24970262	0
33022390	0
1798626	0
455962	0
12755922	0
43130195	0
19035731	0
21987338	0
1252455	0
7832104	0
14120328	0
325191	0
29166197	0
11879645	0
665422	0
5806508	0
27580195	0
12750872	0
2005447	0
3558534	0
7980253	0
1180889	0
5143972	0
15955387	0
19136211	0
295355	0
37469409	0
1452234	0
4665710	0
655989	0
12327219	0
27622839	0
13401397	0
18906863	0
13549752	0
27915702	0
4974215	0
1200344	0
15292515	0
31014326	0
38984893	0
41531942	0
27401906	0
12577850	0
16724499	0
4727723	0
3865799	0
38190007	0
7944164	0
36975700	0
33379864	0
3524838	0
4600933	0
9289325	0
25573006	0
44036335	0
10167590	0
32939346	0
9854996	0
133671	0
7607863	0
1075444	0
26357946	0
33718	0
116961	0
13853349	0
10616643	0
45599942	0
15866107	0
30961672	0
20828702	0
960288	0
1164274	0
36291553	0
41392746	0
44457	0
874995	0
7581277	0
3375262	0
12999130	0
2000327	0
752234	0
9632069	0
30741151	0
124899	0
6669861	0
