12261566	1
127091	1
5995718	1
402874	1
345974	1
22304399	1
2086606	1
4029804	1
70290	1
6591855	1
41888469	1
2654830	1
1718355	1
617153	1
3472781	1
2122542	1
2060282	1
1248855	1
1213699	1
401175	1
133492	1
2840396	1
114853	1
2388262	1
15105397	1
302183	1
726762	1
725328	1
27321431	1
8051711	1
1530965	1
28128202	1
23940422	1
19350819	1
26165731	1
7086989	1
3077850	1
23014	1
48711	1
341087	1
2019562	1
536950	1
2731394	1
30592218	1
19394651	1
7049199	1
628266	1
163357	1
3204671	1
8097803	1
9811490	1
2970244	1
31892665	1
3377161	1
1216303	1
5969940	1
349432	1
614579	1
2018588	1
24791219	1
131159	1
51269	1
3077533	1
913572	1
20645169	1
48545523	1
35491467	1
23737409	1
40275	1
28452613	1
6140705	1
30333192	1
1112586	1
1006411	1
247332	1
663901	1
294060	1
41959168	1
31113163	1
1037479	1
8025639	1
231145	1
959887	1
607797	1
3315333	1
420126	1
2403065	1
2412629	1
23275589	1
5654	1
884080	1
11384047	1
1693640	1
2303226	1
1451439	1
2564461	1
2265393	1
5970465	1
437471	1
3752065	1
1539336	1
2242129	1
921300	1
22493479	1
47713	1
7632265	1
540060	1
11947850	1
640625	1
249853	1
1639392	1
1648376	1
329156	1
143087	1
752766	1
6898231	1
182553	1
76593	1
514127	1
263286	1
17883674	1
4032009	1
33882	1
868125	1
57212	1
8778	1
863620	1
2733419	1
1248380	1
1426845	1
91327	1
1580442	1
1795292	1
531126	1
4314021	1
132271	1
38538829	1
473803	1
588991	1
1576660	1
1910485	1
11512194	1
127083	1
321840	1
8158836	1
2116789	1
1931805	1
2044758	1
4052163	1
611623	1
341497	1
1014346	1
2751681	1
160659	1
37785	1
135600	1
27864313	1
29543833	1
6861446	1
271067	1
34204085	1
1959085	1
88375	1
7231594	1
7681941	1
16199950	1
6962757	1
1508781	1
200370	1
126372	1
5324970	1
222438	1
34711680	1
8461386	1
5555829	1
7942391	1
6311699	1
7501586	1
1552779	1
130841	1
138291	1
8454485	1
973241	1
135483	1
2876209	1
977592	1
1165269	1
4366529	1
20856181	1
501510	1
1010992	1
116398	1
132318	1
719810	1
8299952	1
36481871	1
315787	1
1387051	1
24849	1
4785301	1
424274	1
1713795	1
574967	1
11418	1
52797	1
652673	1
4947009	1
1977052	1
7820454	1
573291	1
33127	1
27768260	1
143579	1
2338656	1
4500948	1
54831	1
99033	1
30863382	1
342977	1
3578392	1
2903798	1
56565	1
3520965	1
17699760	1
4238461	1
8844	1
3922679	1
888273	1
314507	1
375042	1
6292354	1
41181297	1
1013766	1
497762	1
350516	1
3197961	1
27950503	1
782494	1
9987564	1
143057	1
9157419	1
463245	1
451295	1
634318	1
272865	1
95364	1
354678	1
37522	1
127093	1
4131394	1
11051539	1
95453	1
23740068	1
319659	1
5105832	1
840219	1
1436319	1
20358263	1
2112037	1
5097395	1
115984	1
2311534	1
276895	1
229521	1
9427286	1
91304	1
9967057	1
1792723	1
709289	1
1245951	1
399996	1
6179123	1
342555	1
2153743	1
3575183	1
155690	1
1518447	1
7829066	1
441357	1
19603	1
5956361	1
1790621	1
163416	1
410238	1
956166	1
92436	1
101893	1
11964667	1
45353	1
18653	1
1503582	1
602961	1
7329	1
806267	1
25375064	1
3033568	1
305917	1
2661601	1
507207	1
30078	1
95089	1
408957	1
23299733	1
11450746	1
5420781	1
380889	1
126825	1
1196960	1
6509209	1
114655	1
5540658	1
7145257	1
542710	1
523315	1
2582027	1
1010262	1
54253	1
4561679	1
88772	1
19606306	1
14639484	1
848113	1
33148445	1
1233441	1
259964	1
193620	1
3593206	1
25317828	1
574602	1
27555853	1
1450096	1
4447893	1
2194786	1
22081590	1
748867	1
1625616	1
4346627	1
716341	1
198041	1
10158	1
4578161	1
3127867	1
4382522	1
170160	1
15453632	1
2952196	1
2859209	1
579242	1
757005	1
2296252	1
105624	1
5123279	1
994198	1
111327	1
15505652	1
3718802	1
10328874	1
6946771	1
640444	1
1705836	1
982566	1
209183	1
710509	1
11182	1
276832	1
196075	1
3211281	1
2797930	1
10210883	1
20900322	1
3343725	1
5200967	1
146539	1
1480561	1
854614	1
1280450	1
31260789	1
4171109	1
156940	1
538455	1
16576271	1
28186202	1
1737474	1
26551577	1
9041556	1
5367526	1
5991024	1
13020335	1
1039023	1
112156	1
566713	1
31029874	1
1625812	1
4749702	1
169734	1
103236	1
1912246	1
5719099	1
254381	1
149330	1
2890216	1
13640744	1
12407138	1
960664	1
1472741	1
29302271	1
448815	1
7113477	1
15636024	1
847961	1
17171335	1
4151242	1
2552775	1
961193	1
1987945	1
352276	1
357164	1
346949	1
1633840	1
2890842	1
1686860	1
816061	1
134925	1
130754	1
26636309	1
10819220	1
411885	1
2700581	1
22815645	1
32066	1
822342	1
11985648	1
4684512	1
15532894	1
16879508	1
8713047	1
42074	1
95729	1
1300978	1
271105	1
623077	1
3024310	1
241429	1
428903	1
30012	1
1886880	1
4318724	1
30725026	1
150980	1
458290	1
31353172	1
12978505	1
1324015	1
11354371	1
125458	1
32659758	1
431698	1
1816179	1
796059	1
30871482	1
8997	1
129945	1
4650867	1
4331944	1
6278769	1
24602	1
2253207	1
6615673	1
1019595	1
615501	1
154143	1
18356198	1
26213089	1
15548769	1
11790261	1
91052	1
367010	1
757383	1
643415	1
443076	1
1141380	1
93580	1
418223	1
43358530	1
59659	1
226806	1
111637	1
86418	1
2147717	1
471793	1
843482	1
962522	1
1904824	1
9216320	1
3362737	1
116633	1
1745607	1
1516239	1
4732720	1
749578	1
1769304	0
17769201	0
1041174	0
15046353	0
31653650	0
32050807	0
1515487	0
12804286	0
41028578	0
3508016	0
41069822	0
135461	0
516650	0
26008710	0
34481145	0
10162377	0
38093962	0
1968076	0
38095014	0
33015103	0
420105	0
858176	0
3322899	0
7874054	0
24537912	0
36718475	0
10901780	0
8349628	0
12057993	0
28461000	0
14834962	0
23563407	0
33456734	0
543184	0
1648794	0
3227995	0
11556092	0
32992809	0
13337678	0
843532	0
44030924	0
28946525	0
1127759	0
3838436	0
4357723	0
1841320	0
4500920	0
6761259	0
28238962	0
34333819	0
1001811	0
5361666	0
6873059	0
31428076	0
26762001	0
7742777	0
1074553	0
11174624	0
31636056	0
31156258	0
10543957	0
7617275	0
1717016	0
25728172	0
841324	0
11210652	0
25785975	0
4327545	0
27951528	0
21990015	0
3524856	0
2995561	0
6101325	0
182927	0
38347782	0
34578103	0
8798530	0
5761763	0
46736275	0
10112855	0
14921027	0
89793	0
21675312	0
1167865	0
4821824	0
46446666	0
7438274	0
20350206	0
10122276	0
42557510	0
3004681	0
31156291	0
9513615	0
38243491	0
4932570	0
5738512	0
48732471	0
41390183	0
1944146	0
32925720	0
25009420	0
41064215	0
1781509	0
13271175	0
44403088	0
4149365	0
9147768	0
19650583	0
4863016	0
10914593	0
1724531	0
3188242	0
11895151	0
13770342	0
15917947	0
3494520	0
2142259	0
28687476	0
9460022	0
10251273	0
416838	0
47017545	0
537024	0
22753891	0
41987827	0
4348403	0
9759265	0
117251	0
3758039	0
7613905	0
34773541	0
2071559	0
19957914	0
13213678	0
46547744	0
29131066	0
4201585	0
34990707	0
23714538	0
38094782	0
32711020	0
118928	0
37972411	0
21106289	0
39204	0
4172735	0
998636	0
3109011	0
17178497	0
5489939	0
6301393	0
4170970	0
24006050	0
344517	0
10701849	0
1753364	0
1022398	0
6819804	0
17059480	0
110156	0
44479539	0
1762840	0
997526	0
46476174	0
11629508	0
22515445	0
26176225	0
39921736	0
30654567	0
18073089	0
8177392	0
11242041	0
20119592	0
1126574	0
4090733	0
18436868	0
27978831	0
20320708	0
6690283	0
2918722	0
35816620	0
3922671	0
321180	0
2778836	0
11325955	0
3145247	0
4530633	0
18804778	0
96056	0
43302837	0
26916883	0
10215686	0
9192572	0
12890638	0
22173234	0
10933067	0
20330517	0
12977578	0
6718540	0
4086883	0
22979478	0
171899	0
1570886	0
243788	0
3677915	0
3922846	0
14239785	0
1825907	0
2073967	0
2151	0
513523	0
4320504	0
4607227	0
13924524	0
2013846	0
33192068	0
1003989	0
22313805	0
37449112	0
2577476	0
2556410	0
12049261	0
9704753	0
10809779	0
5123687	0
9088756	0
44774423	0
14835779	0
15032439	0
41220650	0
451227	0
2202570	0
15997799	0
594109	0
481730	0
31379562	0
5424763	0
32858732	0
16694756	0
1563833	0
135999	0
8683937	0
11084877	0
37261414	0
27482418	0
44546615	0
746540	0
6978445	0
16588374	0
44726785	0
853301	0
21823427	0
115020	0
8607747	0
37178369	0
2108833	0
1050748	0
23546221	0
3177215	0
8599989	0
18117922	0
21715435	0
1601775	0
36184543	0
3011251	0
4116725	0
1173252	0
157172	0
14180773	0
48893523	0
7554	0
615049	0
33174168	0
34294222	0
1496095	0
12250784	0
2598027	0
847380	0
12224193	0
18466210	0
12489899	0
8855830	0
17435919	0
15963974	0
19048597	0
5725343	0
36816788	0
13640499	0
2801065	0
40812947	0
6137911	0
7018593	0
24274406	0
3420023	0
11418053	0
4992658	0
2259262	0
2574292	0
31559920	0
31687724	0
16660027	0
1990430	0
2375932	0
5498276	0
2402246	0
4410576	0
1623058	0
1924644	0
40950561	0
40014793	0
147174	0
16942974	0
5679913	0
15167745	0
43690423	0
38752263	0
21124466	0
3004229	0
25457290	0
10917637	0
11670001	0
5839303	0
7892299	0
45706276	0
4279657	0
2301712	0
7296133	0
7533357	0
1213433	0
4302462	0
38767825	0
19407249	0
244231	0
13414987	0
1923848	0
4674304	0
28192453	0
26079695	0
4936842	0
18012295	0
3422633	0
867663	0
18851752	0
195109	0
13903413	0
48129076	0
41753563	0
23478029	0
32732196	0
3603213	0
3099966	0
15892358	0
31582395	0
14334248	0
5941891	0
4221253	0
6556786	0
8316510	0
7386195	0
3308606	0
9123311	0
25627220	0
41481570	0
119356	0
1421978	0
41750231	0
90606	0
838175	0
2273119	0
4518707	0
41233309	0
20987136	0
15632632	0
42000715	0
1873299	0
2617569	0
43710535	0
5621507	0
5640962	0
12329239	0
4395873	0
611954	0
2439731	0
2186055	0
12340498	0
4386336	0
5531993	0
4380712	0
13087739	0
1759149	0
37676249	0
6645434	0
40602935	0
2781038	0
15025811	0
17019385	0
24436161	0
2921587	0
29164946	0
6147560	0
162612	0
1167419	0
48626399	0
40363371	0
2296528	0
41578107	0
26520143	0
1725698	0
3619584	0
285438	0
20570755	0
30298574	0
6080542	0
18445605	0
6572584	0
5343647	0
3223146	0
1340000	0
1139910	0
28484547	0
13700407	0
14373679	0
23906301	0
4307485	0
5230015	0
1087561	0
251323	0
34289454	0
1750726	0
15568371	0
8445546	0
46285818	0
23536565	0
42668745	0
2144308	0
27381413	0
11934731	0
1070543	0
7374771	0
9714386	0
9041686	0
26048460	0
30865900	0
16037971	0
6232313	0
2487849	0
484195	0
96304	0
601656	0
24205422	0
7787956	0
28641787	0
499210	0
4743054	0
3653680	0
6589976	0
40779311	0
7387268	0
10898856	0
3800286	0
5444039	0
16230289	0
23381501	0
38715415	0
29289743	0
562482	0
2626023	0
28791597	0
24872685	0
22238629	0
23969333	0
2464749	0
28785785	0
15023180	0
11441807	0
25653769	0
20128950	0
680401	0
18236801	0
22136396	0
22516861	0
22091931	0
19848410	0
24499835	0
17750209	0
29638576	0
4869735	0
2012474	0
13766076	0
1221761	0
10599025	0
13424848	0
6227076	0
13839922	0
5334289	0
15945875	0
18132975	0
182697	0
39090644	0
9037897	0
