420297	1
29824291	1
29487483	1
611396	1
14308837	1
294084	1
3401	1
6869945	1
5993673	1
1439703	1
1942356	1
1332167	1
1775542	1
28083419	1
43821232	1
4054361	1
9232195	1
97831	1
940525	1
932084	1
4842283	1
7110612	1
5369030	1
1208768	1
238421	1
18076983	1
15738843	1
6746576	1
11128447	1
2925094	1
145532	1
3033209	1
24086533	1
590768	1
2180333	1
782133	1
466258	1
2414430	1
6805099	1
1922874	1
1638406	1
1468224	1
9654828	1
1167667	1
3016425	1
1627433	1
27173255	1
4657313	1
926382	1
29570100	1
830696	1
8975856	1
754165	1
628232	1
11617274	1
280465	1
744062	1
896385	1
325456	1
7567013	1
46676749	1
8341307	1
3190583	1
6688718	1
6250999	1
3156025	1
321508	1
154224	1
654958	1
162901	1
1399149	1
183168	1
4556461	1
15019089	1
43779700	1
8285776	1
20534393	1
2481607	1
2468383	1
3438897	1
8643898	1
539901	1
1510351	1
88209	1
4113951	1
425750	1
2254144	1
165726	1
977742	1
30130023	1
6858503	1
2248563	1
5662941	1
23047813	1
1255097	1
13005506	1
3444716	1
1856940	1
6443423	1
4105584	1
25961314	1
13384548	1
2257759	1
4556331	1
1126702	1
1924188	1
1577770	1
2893484	1
1518136	1
10377952	1
567403	1
2911468	1
218025	1
5480973	1
297111	1
2389446	1
75824	1
6346689	1
34415739	1
1351354	1
26222333	1
23672965	1
1165033	1
6815488	1
1496612	1
5259542	1
2770615	1
2257067	1
2358023	1
11009460	1
4080192	1
4709282	1
24154428	1
6331225	1
3750434	1
11296816	1
20834654	1
440020	1
9243476	1
5606124	1
18755349	1
24958248	1
4127677	1
841734	1
17181250	1
304025	1
1369850	1
5820094	1
3882733	1
2808365	1
13468702	1
7653173	1
12514913	1
871801	1
2041714	1
4119376	1
3238342	1
20229081	1
14125984	1
443972	1
2784099	1
669110	1
10785329	1
2946332	1
621798	1
1361887	1
34302721	1
23592044	1
24033123	1
38846918	1
30861532	1
3155950	1
757257	1
316660	1
560552	1
15633627	1
9355587	1
140766	1
9708860	1
5570494	1
1480908	1
19425481	1
629748	1
33999205	1
3169514	1
2014429	1
17510578	1
18729283	1
836172	1
3105615	1
14825337	1
1197012	1
16959447	1
368205	1
30120147	1
45220690	1
17476794	1
1256102	1
1470093	1
161436	1
2825723	1
4484264	1
3527257	1
11203023	1
4193455	1
39086	1
1673215	1
2068200	1
165047	1
23417132	1
12689528	1
40474129	1
878934	1
16180552	1
23528	1
2227481	1
23939081	1
1342612	1
6477091	1
6688926	1
3663142	1
1935859	1
167674	1
19230791	1
27342745	1
35515499	1
1775158	1
12325933	1
242471	1
682778	1
2262052	1
13287	1
4510691	1
566283	1
2331786	1
3741028	1
18045475	1
2618723	1
1105869	1
4348	1
46233605	1
29314	1
513212	1
1954581	1
652229	1
4762704	1
1823946	1
475813	1
903342	1
249621	1
6121032	1
2588300	1
36344031	1
16857	1
1887636	1
2614952	1
21979290	1
10070073	1
1083391	1
9209089	1
498256	1
744522	1
1463479	1
5165551	1
15760481	1
1981172	1
431975	1
1736065	1
4035810	1
4157477	1
31992920	1
7775635	1
3860470	1
1404192	1
46269263	1
3460983	1
31919070	1
371475	1
9431821	1
4070714	1
354295	1
48718426	1
8643310	1
1586227	1
11612888	1
198606	1
6558013	1
3526903	1
6932324	1
1788131	1
34243762	1
8247	1
3835856	1
2023385	1
48411237	1
25648960	1
4262780	1
3487893	1
539575	1
2965424	1
30863117	1
27959024	1
205512	1
3743404	1
155636	1
1924629	1
834154	1
2659434	1
13869	1
668670	1
163111	1
157376	1
4574503	1
419727	1
31763402	1
59467	1
77639	1
6755644	1
80676	1
706880	1
84625	1
405860	1
221478	1
6357106	1
1407464	1
6686308	1
6206270	1
1307956	1
2440831	1
32402466	1
9566776	1
2647112	1
333314	1
8301816	1
3739725	1
57802	1
1386853	1
25515112	1
412413	1
24254324	1
171066	1
6114117	1
7089780	1
9892203	1
1920922	1
6706061	1
3039337	1
229857	1
3636263	1
24026295	1
1992444	1
1126152	1
859537	1
26582012	1
1770332	1
1649443	1
5097832	1
1544784	1
2226721	1
1965302	1
208927	1
524346	1
56439	1
2122783	1
14716396	1
633652	1
352944	1
37442892	1
11571173	1
163903	1
7113902	1
17117180	1
35640802	1
10486303	1
6475344	1
23889169	1
28505464	1
4791958	1
8178499	1
2247610	1
5503838	1
3872088	1
22344984	1
13503844	1
5758209	1
9018751	1
229298	1
1230936	1
1287443	1
3659598	1
1958456	1
32042026	1
328238	1
2019875	1
255887	1
1366387	1
568856	1
3023558	1
25642407	1
577779	1
918293	1
23267733	1
1037451	1
1714261	1
157299	1
100927	1
585414	1
3315329	1
5444976	1
9323510	1
4089160	1
9624801	1
3992325	1
559261	1
1105403	1
15262591	1
748588	1
1988619	1
611132	1
1017615	1
2676864	1
1080403	1
28184103	1
1136608	1
12942118	1
6297665	1
17513908	1
2140032	1
21492045	1
421616	1
1688060	1
2721404	1
205086	1
1876161	1
749247	1
4413337	1
626226	1
4539200	1
32428	1
5954241	1
36009169	1
22645192	1
1253809	1
10031664	1
983010	1
480387	1
907321	1
3237087	1
708559	1
1154206	1
4517576	1
5943724	1
834604	1
774001	1
215262	1
2904269	1
1467896	1
6397148	1
956085	1
6237458	1
3959084	1
1244879	1
5136649	1
436395	1
22541211	1
21531341	1
1135894	1
5999777	1
2077927	1
405184	1
8743154	1
14025189	1
588219	1
4930263	1
3433891	1
2677737	1
7328116	1
2342829	1
1279542	1
31350781	1
28986930	1
47124	1
2139925	1
39352237	1
73105	1
6551358	1
1682543	1
2482342	1
1940333	1
4948747	1
1922133	1
10973146	1
4579044	1
2911162	1
66066	1
37479710	1
58907	1
3520946	1
1129635	1
63743	1
6957884	0
864142	0
46591800	0
12759683	0
8500644	0
1194590	0
1500371	0
13781112	0
1335701	0
9480350	0
26090602	0
597645	0
5105832	0
5732326	0
12532266	0
13449311	0
1224390	0
2839816	0
11755259	0
15183838	0
11434521	0
23373586	0
5969123	0
18765344	0
4959671	0
12762078	0
43973953	0
22775650	0
607489	0
15697138	0
2279098	0
36150638	0
30862781	0
47383065	0
17509007	0
15522147	0
13020326	0
19277731	0
48850245	0
10577901	0
25656394	0
607145	0
1036593	0
23490077	0
16002714	0
17157698	0
637072	0
143509	0
46508944	0
5329361	0
1299932	0
19335124	0
4347610	0
4290869	0
7519434	0
148049	0
9135306	0
6423003	0
136587	0
5648010	0
171803	0
39480235	0
42697184	0
15547112	0
22148479	0
4119342	0
18637009	0
2181549	0
7401807	0
10126483	0
34236550	0
4289910	0
20566416	0
10180241	0
129412	0
38387764	0
1394549	0
33775658	0
842383	0
760199	0
43085173	0
30253930	0
1464038	0
45022057	0
46688126	0
2517526	0
9954313	0
293740	0
25664678	0
2107708	0
43530813	0
6818595	0
5102440	0
1350765	0
1377213	0
17420619	0
46404558	0
35302439	0
2590570	0
7348550	0
2859882	0
28281572	0
18316522	0
32987124	0
11348400	0
15474160	0
12474229	0
16123770	0
2627836	0
139529	0
2598788	0
149626	0
42195448	0
12829151	0
6838881	0
17254057	0
9514434	0
41905161	0
5806720	0
15838105	0
10647266	0
22594979	0
43967079	0
20098482	0
10888711	0
5504179	0
6085202	0
23274834	0
41356297	0
31831487	0
2342087	0
43717166	0
14458007	0
2604719	0
34594150	0
38490523	0
12618392	0
34966412	0
353744	0
34826455	0
26358815	0
1487707	0
25050333	0
898929	0
29399135	0
11161849	0
12217273	0
7878702	0
22255798	0
2633446	0
28281048	0
30765633	0
21275603	0
9722338	0
125016	0
2307669	0
4161452	0
47075281	0
26834249	0
8684951	0
1831825	0
10380231	0
30693461	0
497762	0
12313879	0
10884157	0
5310863	0
23664838	0
14059764	0
19930083	0
104684	0
2018394	0
14157541	0
9790042	0
456491	0
39364248	0
2682951	0
1955469	0
2869041	0
206133	0
8900827	0
13163936	0
7224932	0
33091867	0
127554	0
1194329	0
4662161	0
6558539	0
23221603	0
1967350	0
101345	0
3519867	0
11466638	0
43224947	0
5715571	0
9684477	0
45619080	0
30757614	0
2254196	0
38744396	0
28345886	0
24137165	0
24470520	0
21345928	0
93088	0
26265035	0
6478705	0
12321698	0
28871555	0
9324964	0
4432724	0
22868423	0
779275	0
128486	0
115567	0
5158878	0
22409878	0
2059665	0
6338383	0
17135680	0
887082	0
18250610	0
28430741	0
3819846	0
4828243	0
120616	0
10309124	0
12145109	0
3781684	0
14173039	0
13715855	0
46958320	0
5570636	0
38476840	0
23209240	0
6719593	0
19200	0
1683501	0
24180697	0
45668401	0
4983362	0
2480133	0
5750730	0
43158420	0
14559181	0
9331943	0
178344	0
34078755	0
27619303	0
25821795	0
95578	0
1827243	0
2077154	0
37879830	0
6389620	0
23959218	0
22785146	0
1639144	0
20357557	0
25882742	0
31990527	0
328944	0
36605037	0
5080720	0
5352418	0
46348552	0
24607239	0
3668430	0
29219888	0
40001788	0
48902444	0
7011201	0
3300535	0
18899787	0
4547493	0
1754487	0
2108111	0
37804422	0
1344901	0
177831	0
1068143	0
11929862	0
27566708	0
534565	0
36260333	0
3252300	0
33302654	0
19168325	0
14499271	0
4885081	0
17428468	0
25724657	0
11655291	0
44433833	0
362067	0
5076787	0
15314792	0
17746418	0
17514899	0
1164861	0
1714633	0
15129609	0
34273109	0
1349513	0
6808672	0
759111	0
3653101	0
22201013	0
9454572	0
35337557	0
3201946	0
18868840	0
4248143	0
14556018	0
5888853	0
276832	0
13737396	0
42239601	0
2310879	0
9290911	0
24065438	0
21886155	0
42476299	0
37868931	0
5905652	0
8928339	0
37010747	0
7089479	0
26166267	0
36630593	0
23893931	0
5879795	0
25374562	0
13226880	0
8897652	0
21605486	0
6237305	0
4645845	0
29924220	0
5330216	0
17164263	0
44154823	0
38359505	0
1251127	0
3624076	0
8160346	0
35108650	0
21133194	0
15695866	0
4686700	0
3337448	0
12823939	0
13280745	0
25050157	0
123874	0
2082334	0
4097721	0
11206055	0
1884066	0
6180821	0
2049538	0
44983129	0
39453705	0
3886626	0
26523332	0
16188	0
29012557	0
2727005	0
1218193	0
32511629	0
5646806	0
8068555	0
30750176	0
7061494	0
23974659	0
33340340	0
6066315	0
16992015	0
539375	0
10013533	0
29955687	0
4272932	0
10009503	0
9652709	0
28014365	0
34479203	0
23951552	0
6910698	0
30863746	0
2771386	0
34494833	0
41792662	0
18805793	0
30883503	0
4456228	0
44450811	0
1203879	0
30239287	0
11172922	0
1538451	0
290679	0
94418	0
307781	0
33455167	0
31928964	0
11053943	0
110624	0
45131143	0
1139577	0
650353	0
14815816	0
46354072	0
720928	0
35844601	0
29675961	0
12629826	0
5490674	0
12612273	0
3261741	0
11223118	0
243934	0
373266	0
481090	0
11334527	0
12775444	0
2854779	0
9101287	0
36778369	0
3492124	0
22634808	0
1148320	0
22651163	0
2449939	0
11081361	0
1266420	0
8684094	0
3161801	0
112338	0
7506496	0
20989214	0
23666902	0
11947654	0
32588743	0
8788792	0
9938204	0
275419	0
23043895	0
40391990	0
22410016	0
29354779	0
28295092	0
4622945	0
7766436	0
356468	0
32285281	0
15589076	0
2049669	0
36747940	0
34641719	0
19748836	0
16041904	0
1568950	0
9467354	0
861556	0
38345469	0
110554	0
30472296	0
5555868	0
4258356	0
431556	0
13774730	0
23796139	0
21487338	0
34583734	0
1783342	0
20801982	0
7152797	0
11347409	0
108571	0
17329600	0
13967829	0
44128573	0
18129192	0
1285208	0
46264683	0
6712116	0
1551646	0
2959097	0
6654528	0
23118556	0
2893102	0
1913826	0
1870212	0
24106871	0
6499420	0
36831178	0
18331745	0
26777420	0
17376366	0
750254	0
