371721	1
25993555	1
3629092	1
379233	1
11577545	1
6967081	1
483488	1
897774	1
3165954	1
2283984	1
137707	1
3775768	1
2548440	1
151337	1
11293292	1
9172771	1
1911565	1
1840005	1
12841417	1
4358321	1
42724813	1
28441	1
951836	1
662281	1
2802446	1
1121856	1
2759817	1
8794692	1
680175	1
554775	1
2111270	1
2133457	1
12285592	1
985835	1
2858033	1
9101110	1
2859056	1
34296339	1
24947	1
2717481	1
3396952	1
45576222	1
3805623	1
8160594	1
1510450	1
3292255	1
2543894	1
1644780	1
29217602	1
27867506	1
4061101	1
49584	1
83711	1
8971108	1
1661366	1
3060587	1
8089094	1
1611549	1
307535	1
891547	1
5870761	1
933652	1
654958	1
11536	1
229525	1
1816948	1
2915042	1
8483976	1
24969931	1
12738184	1
18053779	1
4061083	1
6258616	1
63596	1
157908	1
8894671	1
293401	1
3931815	1
210534	1
19734	1
34167610	1
25377285	1
3499855	1
2545868	1
3647838	1
229668	1
20105633	1
46340194	1
16000026	1
2678190	1
201171	1
3432431	1
15864248	1
1701450	1
672229	1
11053954	1
14483899	1
496617	1
55023	1
294277	1
17479761	1
4921386	1
12302792	1
658985	1
581699	1
18676904	1
1025523	1
25768592	1
1877390	1
322298	1
868349	1
23052154	1
842966	1
4753185	1
252881	1
990923	1
29062931	1
26820977	1
10108198	1
700640	1
48797207	1
1027406	1
1084650	1
11980434	1
1101431	1
26630326	1
1902298	1
20613200	1
36658609	1
10777562	1
940510	1
28329170	1
12318000	1
16550	1
241332	1
355645	1
50556	1
766966	1
25816	1
655152	1
5207105	1
10455556	1
1858255	1
4773723	1
11865672	1
35367372	1
640809	1
3076260	1
2262590	1
3183019	1
669184	1
16352639	1
455788	1
10070331	1
69840	1
2973821	1
12354993	1
416883	1
8351522	1
424198	1
22182221	1
1094840	1
18985229	1
1919886	1
4173558	1
1159465	1
31829019	1
155524	1
264467	1
24392062	1
6596991	1
1920258	1
11918785	1
2794485	1
2376021	1
9711459	1
47286	1
12495947	1
1611052	1
2163628	1
306428	1
2585452	1
3136570	1
36731810	1
27316073	1
1441677	1
22515681	1
11281828	1
413965	1
91855	1
223259	1
1885651	1
12981150	1
566329	1
51051	1
543922	1
519839	1
19114125	1
439739	1
1497850	1
146213	1
1588160	1
45712489	1
1047590	1
2549625	1
714965	1
35026206	1
2759420	1
33252095	1
6658464	1
236759	1
4250364	1
25158913	1
7220054	1
3544312	1
2199582	1
34481314	1
11395170	1
1816965	1
30506233	1
647339	1
2732928	1
4741838	1
4793347	1
2709523	1
1795085	1
44494572	1
125708	1
15749858	1
5216857	1
23243705	1
558453	1
20469392	1
44046673	1
193737	1
12078129	1
3897697	1
1919911	1
1934790	1
8122	1
935946	1
84546	1
18884836	1
512502	1
25776	1
8389019	1
219732	1
26501585	1
12408279	1
9928156	1
14053430	1
11964120	1
30873710	1
26286	1
1167667	1
25246521	1
862966	1
2608655	1
22099904	1
2032290	1
158377	1
1647186	1
2248298	1
314107	1
755603	1
9130091	1
864411	1
4269011	1
425750	1
719846	1
44648927	1
10166096	1
1101723	1
26535912	1
33146591	1
17384128	1
1640	1
4151150	1
309758	1
45262431	1
14771954	1
2238913	1
20824533	1
5435758	1
6216288	1
1959099	1
13652036	1
4823	1
26860989	1
1870317	1
393734	1
273235	1
1011292	1
366190	1
6724470	1
3041739	1
206519	1
394194	1
4376268	1
28668518	1
27977420	1
39027	1
3392459	1
3336763	1
5247105	1
435532	1
21477510	1
39150941	1
893455	1
7921604	1
10945917	1
204066	1
32555065	1
771422	1
1967540	1
14515536	1
28621	1
2689098	1
3378890	1
30846779	1
3144584	1
5639666	1
591757	1
1343192	1
5408575	1
11346921	1
239564	1
1099067	1
616826	1
2368592	1
2429154	1
8870184	1
692732	1
28613152	1
2421704	1
1379173	1
316592	1
9940980	1
2419632	1
242353	1
26457252	1
1840677	1
1518377	1
13971516	1
882433	1
15517996	1
9098894	1
31355633	1
3143049	1
250197	1
13519	1
5082938	1
8845	1
1698728	1
3082417	1
2811465	1
1697163	1
20351	1
20605648	1
36773496	1
1816125	1
25290895	1
690276	1
3237087	1
41541635	1
3586519	1
2672416	1
861261	1
691024	1
8503174	1
10196037	1
156123	1
4964620	1
10797658	1
15938793	1
5082427	1
2360567	1
4230120	1
20847228	1
451164	1
2043830	1
14905208	1
2695	1
6206441	1
1146186	1
1515609	1
1691208	1
74453	1
1619138	1
10354778	1
27148407	1
20803024	1
11100973	1
5003	1
1825207	1
3111231	1
1328100	1
4731980	1
167050	1
165798	1
123433	1
1231097	1
752522	1
40279130	1
19148094	1
3746005	1
222469	1
11186143	1
9656777	1
8088678	1
53602	1
593885	1
497888	1
2983	1
6334736	1
7700301	1
6273409	1
16663228	1
17097153	1
33471841	1
547384	1
747627	1
9262395	1
27640410	1
9189682	1
6829349	1
1354358	1
3620167	1
650354	1
28249669	1
1099658	1
6321810	1
2865157	1
46373	1
873689	1
880422	1
50206	1
2272948	1
16025466	1
9480	1
3106407	1
2406228	1
10128924	1
43170485	1
462221	1
23567330	1
309288	1
2701987	1
1016414	1
446483	1
11373794	1
9763623	1
1195989	1
8663197	1
21489621	1
959285	1
74219	1
12526084	1
295527	1
44153658	1
800033	1
880391	1
2784621	1
3568792	1
149365	1
8552195	1
1575083	1
576587	1
495812	1
36255370	1
11403575	1
1046048	1
4394204	1
89797	1
3205346	1
21683438	1
672675	1
4762994	1
5224136	1
10370532	1
1867747	1
1053452	1
2035481	1
40169918	1
76958	1
3350737	1
1851509	1
1959470	1
1287978	1
3864304	1
5262364	1
982630	1
60048	1
16813505	1
2246027	1
13815854	1
1343137	1
1014478	1
54204	1
5783503	1
7999854	0
1279915	0
7242882	0
377493	0
5826654	0
811878	0
634600	0
92098	0
41207155	0
16543772	0
33133307	0
32307637	0
5384429	0
26068915	0
10223712	0
36293646	0
25029801	0
7304739	0
29684846	0
35205393	0
1316105	0
2412550	0
8330516	0
4398464	0
7262427	0
27328406	0
1273569	0
21074253	0
12808555	0
30110208	0
6183964	0
167880	0
1059941	0
16912085	0
4569633	0
8212629	0
35979346	0
4083138	0
8913472	0
13513970	0
41146774	0
1472912	0
10157997	0
33041842	0
5392055	0
628583	0
9104483	0
10518094	0
735476	0
26277151	0
4266720	0
14110744	0
26071629	0
1979163	0
5422054	0
12325785	0
28023761	0
838680	0
17291277	0
4154360	0
36806354	0
761248	0
11552571	0
22545977	0
5495821	0
422805	0
1914180	0
16464557	0
1489150	0
31013607	0
116954	0
38191959	0
26559755	0
1427129	0
4534798	0
9614155	0
32719901	0
2356759	0
6058730	0
6134498	0
18808074	0
21792395	0
3864619	0
2064029	0
4467500	0
556807	0
135731	0
9390652	0
15856457	0
9521745	0
25238221	0
656509	0
37513206	0
8052821	0
36115240	0
36820719	0
131400	0
19396088	0
15737098	0
29405177	0
3617325	0
1414415	0
25353031	0
3984743	0
118595	0
27770591	0
44167356	0
337998	0
22460189	0
31249580	0
29816650	0
12147548	0
6988287	0
1739620	0
14410202	0
27268300	0
3868007	0
5510540	0
18645888	0
9459011	0
3718849	0
35891597	0
3048896	0
17699352	0
45384839	0
642015	0
115642	0
1853525	0
128616	0
2785518	0
14562673	0
6145884	0
34069855	0
43369114	0
30712572	0
1166910	0
8203513	0
16516311	0
12443061	0
18769630	0
36512626	0
18552977	0
11739345	0
376535	0
20110288	0
637112	0
24436633	0
10108259	0
15358007	0
3804009	0
25223645	0
543892	0
2060773	0
5161242	0
21517303	0
6807630	0
6558819	0
22029875	0
13498071	0
37031733	0
33192823	0
21865727	0
21741194	0
17789796	0
41539041	0
45372392	0
6641530	0
869163	0
12254849	0
31358597	0
22364665	0
1217798	0
25065925	0
4686402	0
6375148	0
10287167	0
120407	0
12312172	0
27256171	0
5656319	0
8897652	0
14097472	0
6063902	0
1751453	0
47261927	0
867477	0
2212694	0
12416479	0
2862137	0
1462876	0
7226526	0
12055825	0
154097	0
7225937	0
40047451	0
146067	0
114380	0
11764841	0
475611	0
773946	0
3314776	0
10500268	0
15039385	0
2514671	0
24284685	0
110525	0
13920307	0
8336015	0
15822347	0
13426869	0
485304	0
4772833	0
11369589	0
7284870	0
3594899	0
17688979	0
19892545	0
21017942	0
15791984	0
23895086	0
4951665	0
32897877	0
11729182	0
1262601	0
47549540	0
27793614	0
33987436	0
4698876	0
2117956	0
4921220	0
45551894	0
5161030	0
23807078	0
21413747	0
37107102	0
122581	0
1924198	0
13107922	0
256638	0
16729368	0
24358030	0
86368	0
8977581	0
18617763	0
1416676	0
716990	0
27358128	0
14648112	0
9271209	0
46244729	0
21563419	0
2975565	0
3089331	0
35977941	0
15109701	0
6881508	0
6016213	0
5991240	0
35043082	0
963699	0
2580582	0
14317754	0
1681273	0
1801673	0
1124060	0
39173940	0
535955	0
22173773	0
2015085	0
18666752	0
342726	0
41303579	0
6988703	0
372415	0
20086438	0
42149976	0
547964	0
15454434	0
9014033	0
17926757	0
10291123	0
2351045	0
24727775	0
22912756	0
21870257	0
9364516	0
22447486	0
37997438	0
8605712	0
10526203	0
321205	0
10112565	0
6946810	0
11512188	0
33043075	0
42257880	0
15513544	0
2207701	0
55438	0
11201032	0
172865	0
2170885	0
2903466	0
10477580	0
21128642	0
7722751	0
8648714	0
18869270	0
124958	0
18462732	0
199096	0
33068729	0
2928904	0
6558567	0
29802825	0
682743	0
25090533	0
4198975	0
31094184	0
8365233	0
56310	0
54449	0
5846149	0
3173720	0
45051881	0
9654538	0
2121344	0
3326363	0
994980	0
10440270	0
3222169	0
63515	0
635325	0
1051318	0
5571833	0
8921401	0
8553370	0
14524534	0
394594	0
41540447	0
31067348	0
8651232	0
2441133	0
1402005	0
7125322	0
46252821	0
27478607	0
13158210	0
33745080	0
6598220	0
22182709	0
318775	0
14163566	0
3928293	0
15134482	0
38676298	0
5253961	0
433802	0
1159091	0
871923	0
1519427	0
262800	0
4073155	0
1397937	0
10243051	0
8166749	0
32654609	0
36278112	0
14194179	0
7038371	0
2851592	0
38744231	0
3945880	0
28110423	0
2694689	0
17746436	0
1827698	0
15468568	0
27715533	0
35992139	0
47354684	0
19364670	0
4509806	0
1413113	0
40587425	0
15983031	0
33189445	0
47626268	0
27278320	0
43360267	0
11437125	0
6899267	0
375408	0
15405480	0
16036866	0
22549534	0
38016114	0
10297731	0
515996	0
1528121	0
13401636	0
39572035	0
8747629	0
349044	0
39722994	0
48524649	0
31012147	0
43946993	0
19414716	0
10648728	0
81564	0
699699	0
17231417	0
17136296	0
1753542	0
13701680	0
151579	0
49495806	0
3954921	0
8602265	0
2679216	0
11858976	0
116417	0
3098674	0
12206002	0
17819392	0
8967390	0
2016964	0
17992171	0
18756063	0
787938	0
9161424	0
481112	0
27283870	0
25777908	0
855575	0
10451070	0
21005092	0
193881	0
226949	0
7028638	0
6209498	0
40481082	0
8648017	0
9140525	0
25241669	0
13979369	0
7130980	0
42456093	0
40724107	0
20949967	0
25400093	0
41193179	0
32778167	0
6703617	0
6622560	0
119954	0
36107686	0
1039090	0
1991811	0
22772134	0
511471	0
2638106	0
1548677	0
3228365	0
42323278	0
9067408	0
14670650	0
31667998	0
2669273	0
10879700	0
139145	0
19229774	0
263479	0
2396851	0
25017610	0
37091262	0
2668165	0
1060007	0
11199762	0
4178793	0
29269636	0
4013662	0
44902433	0
22681499	0
15058613	0
25514391	0
23013411	0
40950116	0
22069934	0
13940583	0
18035873	0
6686156	0
47549490	0
3524859	0
38562882	0
18744187	0
41644626	0
1994331	0
27697194	0
