23895197	1
5890733	1
17160070	1
1115506	1
20467095	1
116750	1
3103854	1
758605	1
921849	1
16370289	1
10039881	1
978698	1
5117152	1
27195024	1
24314819	1
29765246	1
5509348	1
1677643	1
28013242	1
23220713	1
2989094	1
1719547	1
23024779	1
5836164	1
5283861	1
20533743	1
19225567	1
32221761	1
2335094	1
34551525	1
21213752	1
16743	1
6006659	1
821873	1
13588099	1
1437723	1
10873105	1
1859047	1
23801709	1
2243727	1
1220457	1
17602392	1
18848535	1
1158845	1
31933117	1
394194	1
43240	1
34611939	1
25789913	1
951184	1
35970895	1
545907	1
14612268	1
1405273	1
125745	1
1270817	1
44562871	1
3739935	1
21264520	1
44743	1
1390163	1
10277830	1
31263223	1
17687813	1
27987253	1
69451	1
6199029	1
761315	1
25025579	1
12388358	1
1957074	1
4090889	1
26938247	1
8553059	1
1000768	1
31073104	1
20588026	1
232264	1
2059474	1
9767155	1
7373819	1
1257834	1
27425328	1
4973260	1
45466781	1
26193208	1
3975088	1
5751360	1
3305224	1
1685294	1
31787160	1
561874	1
4624259	1
41985304	1
94104	1
19496775	1
2384435	1
840350	1
118767	1
453017	1
159999	1
11677229	1
803867	1
4182841	1
1600567	1
1967584	1
43290617	1
17496326	1
182091	1
12315761	1
463016	1
25946414	1
1764058	1
26132615	1
81837	1
2064118	1
484143	1
506071	1
3061456	1
27791575	1
7844976	1
33065585	1
2445877	1
17143392	1
727326	1
3456726	1
28332590	1
25194471	1
1363716	1
10416620	1
28198715	1
28087808	1
42298892	1
148642	1
3281773	1
2362922	1
2571400	1
1753829	1
3796677	1
1770890	1
10319585	1
76653	1
32750889	1
3116105	1
234993	1
8894593	1
1879224	1
23686522	1
29313726	1
2092455	1
35279560	1
36768717	1
240912	1
1218607	1
31428652	1
1458124	1
714449	1
3697407	1
31892011	1
33995408	1
59036	1
1052820	1
16161389	1
734731	1
7156936	1
474837	1
23045238	1
38927	1
2987590	1
21938158	1
20982330	1
16901609	1
23533888	1
143684	1
5632611	1
23272704	1
14157279	1
25922226	1
2931906	1
4129051	1
8150182	1
13348815	1
172065	1
32274061	1
368423	1
20677255	1
2057351	1
225601	1
8703383	1
1070600	1
3832	1
185633	1
5037009	1
10222049	1
3300446	1
10438608	1
44288120	1
22075153	1
1466092	1
9077788	1
36886	1
13650080	1
21088577	1
8906902	1
1206846	1
27866710	1
693469	1
24716697	1
16907196	1
26034046	1
1171109	1
209821	1
19926829	1
12648	1
12164034	1
34706358	1
214303	1
681416	1
2876732	1
9087474	1
1995097	1
27887889	1
3459846	1
7402222	1
1835639	1
46911239	1
17686169	1
1821600	1
1168510	1
12397904	1
13418710	1
7069533	1
23125780	1
17636111	1
7361902	1
4502638	1
872655	1
21457125	1
20837794	1
1438317	1
2098825	1
26315315	1
2095515	1
2636597	1
22306079	1
1792594	1
34956382	1
5810106	1
4034368	1
15109008	1
27725523	1
3469657	1
11189666	1
35763869	1
45714472	1
2813908	1
13999979	1
324651	1
3883689	1
3875845	1
3775304	1
718377	1
2127076	1
1882121	1
1897503	1
15962113	1
19818544	1
62413	1
910226	1
23018088	1
9253876	1
2799993	1
37676884	1
145141	1
7814380	1
33715328	1
11453631	1
11221991	1
17346392	1
1873	1
19652842	1
3784876	1
41531385	1
143751	1
28740378	1
44021283	1
954546	1
52687	1
25458	1
379665	1
15961258	1
37578506	1
6019311	1
8053569	1
17835624	1
7014801	1
2508211	1
14661375	1
8660597	1
34487236	1
27214805	1
15288376	1
32671	1
32947297	1
17775906	1
1011185	1
486607	1
17615961	1
1429816	1
330862	1
17137881	1
29638545	1
237540	1
8382042	1
765106	1
41625200	1
34079830	1
2255553	1
1047786	1
340042	1
5690490	1
436558	1
1307929	1
15497587	1
19338938	1
38593512	1
6582167	1
2372757	1
12947297	1
36769081	1
53403	1
13389192	1
28171021	1
3714708	1
26791353	1
22899412	1
31007796	1
46446361	1
9630158	1
2682082	1
27921458	1
735411	1
24067804	1
22743214	1
36056988	1
30860932	1
35975471	1
23643664	1
20664473	1
29566889	1
14762481	1
26289846	1
1687040	1
9990198	1
11471827	1
2582597	1
18408856	1
30864221	1
26387873	1
13262516	1
12249439	1
5669701	1
5191581	1
4490118	1
18945020	1
31533269	1
307469	1
22305954	1
1749642	1
5708434	1
25914	1
2376660	1
680871	1
25818842	1
900038	1
426467	1
86719	1
2462780	1
558084	1
642276	1
31095107	1
38216720	1
2216173	1
394770	1
4518084	1
466504	1
713084	1
2025624	1
8833137	1
2302050	1
1566336	1
8931992	1
9772548	1
2821742	1
21107213	1
4560160	1
5425551	1
5815068	1
351008	1
10446367	1
4563024	1
2806347	1
25338666	1
30164484	1
12483	1
23014430	1
33514163	1
8577919	1
492132	1
3884549	1
16871125	1
27945968	1
553438	1
22668679	1
4644438	1
12044209	1
328740	1
481729	1
8639180	1
3012170	1
1989521	1
33130528	1
1768287	1
6842020	1
52684	1
548711	1
6647141	1
5217625	1
3610518	1
26422562	1
335114	1
1648961	1
5112100	1
10706969	1
1653322	1
1300598	1
34121636	1
5851062	1
3197752	1
997875	1
17136510	1
14032385	1
1909661	1
1588280	1
3790318	1
18907810	1
12084420	1
9482679	1
9095641	1
35073369	1
2548323	1
818356	1
2697271	1
917576	1
1603777	1
4183592	1
12924	1
4128691	1
166459	1
3472973	1
19248504	1
2264849	1
308502	1
34542647	1
12532834	1
8454687	1
28183935	1
292663	1
884795	1
25722163	1
4602525	1
2473336	1
2890842	1
1700797	1
5826112	1
21308898	1
1253937	1
1358494	1
31749190	1
4724046	1
15594077	1
4687060	1
8718413	1
3081316	1
1913982	1
2831843	1
24092627	1
25088953	1
243648	1
5751031	1
90461	1
145426	1
5907975	1
8374585	1
2513501	1
25946	1
160663	1
40929885	1
50591	1
38643221	1
5794220	0
17186237	0
756770	0
16649763	0
975103	0
132283	0
748660	0
18463429	0
117401	0
21064305	0
19979114	0
165933	0
5366813	0
8270585	0
4084751	0
6191098	0
9120304	0
10677607	0
1798955	0
9601228	0
10966644	0
23155207	0
21263791	0
1550260	0
43109566	0
4502169	0
43810935	0
21933135	0
36031017	0
3737869	0
1659117	0
1317549	0
5275560	0
5342188	0
41443382	0
14254201	0
21705616	0
15994266	0
21740296	0
27439826	0
711970	0
30410742	0
19758984	0
12550867	0
11641929	0
1402693	0
8417858	0
41423869	0
36892786	0
41104657	0
34350418	0
1144908	0
1330507	0
1079852	0
3870470	0
41849581	0
359903	0
23848187	0
18488941	0
23586743	0
36338915	0
3278182	0
1731167	0
16989780	0
1884770	0
2027250	0
25382123	0
1217263	0
18731922	0
115772	0
6977761	0
22022527	0
43085031	0
33568297	0
157992	0
2733434	0
33989203	0
4899097	0
13788935	0
821876	0
1546085	0
5216472	0
33346291	0
1958522	0
34603047	0
36628668	0
31595778	0
7520327	0
648294	0
1869402	0
1211193	0
41609569	0
7527568	0
1793761	0
21134804	0
4459033	0
5917207	0
24235163	0
21422480	0
41384331	0
8143604	0
15768217	0
1633637	0
1136165	0
14962535	0
3252841	0
6986799	0
42282074	0
1458629	0
5321586	0
122120	0
1103213	0
542282	0
2251338	0
4154065	0
3172002	0
131523	0
1170241	0
2568279	0
1006150	0
15615151	0
25140860	0
44153269	0
885374	0
2263178	0
47192712	0
10220692	0
1968491	0
11349435	0
6418052	0
1333302	0
5713772	0
23451075	0
7888748	0
27642309	0
44525452	0
8663690	0
10647940	0
23310501	0
408783	0
7642985	0
11361885	0
18727842	0
21352278	0
489303	0
1884953	0
40412226	0
124779	0
17469702	0
211588	0
2170885	0
2678811	0
26130822	0
23979193	0
2055784	0
2278569	0
31038625	0
3495135	0
5416335	0
10751918	0
39528496	0
24111479	0
3861387	0
22123986	0
25811333	0
31611962	0
42901563	0
4971396	0
24339556	0
20137949	0
1461897	0
11469976	0
3387916	0
3926180	0
36572442	0
25505103	0
64035	0
20403923	0
17133238	0
42790972	0
5530899	0
2035000	0
1092350	0
2914362	0
9414313	0
2360976	0
35502904	0
6727238	0
1531178	0
44380263	0
42794705	0
35312706	0
3177047	0
2107572	0
16053224	0
545583	0
3141852	0
5844351	0
3371716	0
33266	0
10172009	0
5805190	0
24843685	0
1569009	0
7552408	0
2783740	0
4251083	0
856716	0
13186119	0
15088189	0
2927856	0
5623389	0
3639908	0
322817	0
8868348	0
38607237	0
77270	0
9431475	0
36735084	0
40460819	0
5776384	0
20783510	0
18912832	0
739769	0
1477664	0
1881785	0
1524699	0
40697581	0
32566586	0
93647	0
5593854	0
43349314	0
1035196	0
23421655	0
4559844	0
9933860	0
20680186	0
2025344	0
8240269	0
46828229	0
22846668	0
8038540	0
22288594	0
190431	0
879392	0
3720138	0
5396761	0
20460666	0
20668183	0
10010483	0
414106	0
11868759	0
38242560	0
10949759	0
23454461	0
363301	0
18778612	0
27155023	0
1497875	0
10151726	0
2927876	0
11967362	0
2180826	0
47211897	0
679699	0
16849033	0
25830134	0
487270	0
3006891	0
20265994	0
1562858	0
12279710	0
18692832	0
3116055	0
9119799	0
21303419	0
7713001	0
6532938	0
21416940	0
22800598	0
39817957	0
18600718	0
3391160	0
1240035	0
22761800	0
26520714	0
30176331	0
14798523	0
2533902	0
9038975	0
11416294	0
34694269	0
32069742	0
583867	0
45571401	0
5393869	0
24764270	0
7277231	0
12558085	0
23779391	0
4080172	0
1553362	0
31280020	0
27086735	0
9772995	0
34429074	0
12991965	0
2197752	0
2705623	0
28234269	0
290687	0
56118	0
9041796	0
46574245	0
15061996	0
8507457	0
590353	0
1785965	0
702135	0
3372125	0
15430597	0
3761434	0
8994060	0
13853433	0
215884	0
22472011	0
2469682	0
44681173	0
2224906	0
7631796	0
11989704	0
1308895	0
105603	0
33735120	0
375260	0
12766287	0
19396295	0
22189135	0
373387	0
40578635	0
6468738	0
410216	0
1127541	0
29687503	0
4700151	0
944428	0
234767	0
272134	0
17160728	0
33346952	0
30166764	0
6195689	0
1805191	0
47973326	0
4248448	0
6140990	0
17703510	0
6154962	0
1429857	0
12612444	0
11400954	0
5932294	0
5608852	0
742515	0
30578340	0
1407749	0
6245057	0
386882	0
4957928	0
26440196	0
11898313	0
997939	0
43148141	0
1791239	0
4140291	0
5246461	0
2862520	0
3220979	0
2040210	0
10891249	0
11791466	0
30069248	0
31628021	0
1189938	0
139778	0
11836124	0
28722785	0
1520600	0
47484813	0
43810239	0
23580512	0
7391441	0
43451	0
13487382	0
842059	0
26483427	0
15775217	0
116828	0
43778382	0
392026	0
21005637	0
29504275	0
34414142	0
30863793	0
520236	0
47539658	0
14706898	0
3614963	0
19636958	0
8636077	0
5460452	0
195474	0
40684668	0
2118632	0
39231228	0
1975939	0
9391166	0
47572560	0
15539875	0
43822569	0
1831667	0
26447895	0
5634089	0
164100	0
43309323	0
22418742	0
588506	0
7202149	0
1469810	0
11893958	0
9711440	0
6774027	0
76868	0
125455	0
4790387	0
9654652	0
16693692	0
47264356	0
1229595	0
15589551	0
40383102	0
18933592	0
1924682	0
12448206	0
27905144	0
44360552	0
35124728	0
31347143	0
24294532	0
3100467	0
94063	0
3008912	0
34152185	0
43157211	0
684459	0
18626510	0
4474248	0
11584982	0
321624	0
2655286	0
2924016	0
2786484	0
36098836	0
18603486	0
3473109	0
17821921	0
6977247	0
6033664	0
2855561	0
301292	0
10136288	0
21980713	0
48723612	0
37019070	0
14665457	0
22394025	0
39412728	0
2877756	0
48559984	0
25790344	0
2010492	0
19361	0
2346485	0
31581935	0
1708689	0
30258014	0
13415320	0
1496812	0
31140474	0
44661	0
2732576	0
45416707	0
28945486	0
12099790	0
729500	0
29477452	0
13255130	0
10996201	0
35296140	0
2696728	0
