871396	1
31050310	1
396469	1
8972614	1
2045067	1
455138	1
3773145	1
14984427	1
199445	1
1079195	1
8179745	1
399213	1
4773640	1
9873796	1
2398954	1
361020	1
23953851	1
641155	1
162864	1
626622	1
222453	1
3037898	1
5473225	1
6655354	1
621032	1
154183	1
825643	1
9341317	1
20957855	1
1070743	1
4776946	1
8064322	1
16962081	1
49023751	1
148170	1
147831	1
158252	1
102095	1
5837525	1
712844	1
38176	1
471074	1
1665047	1
38965	1
1741200	1
508609	1
367968	1
4202368	1
841177	1
33803048	1
1758416	1
11469752	1
124693	1
110391	1
184160	1
7520503	1
19715572	1
6033581	1
227263	1
350048	1
3270244	1
1726211	1
47443	1
35459488	1
251728	1
45350798	1
65521	1
8901178	1
2982865	1
13008030	1
19316961	1
1422997	1
315569	1
446099	1
915131	1
632720	1
10410626	1
4484524	1
85432	1
454104	1
415133	1
17443	1
10525197	1
295197	1
682116	1
230698	1
38455	1
3067769	1
2112789	1
16976197	1
32961604	1
50631	1
392245	1
394823	1
1685500	1
6396448	1
83108	1
1733262	1
237438	1
4261341	1
168254	1
149221	1
422137	1
10791642	1
2195445	1
319659	1
2477454	1
29761271	1
17029971	1
4252600	1
6996933	1
237564	1
4052997	1
4090216	1
86348	1
5275641	1
2194568	1
5369809	1
758274	1
15747616	1
8374610	1
14112114	1
3221700	1
6958351	1
16095862	1
159362	1
926358	1
999202	1
2886542	1
633645	1
234861	1
4173283	1
1281891	1
48542	1
27134463	1
39754315	1
3286439	1
1935182	1
1391893	1
60280	1
41742686	1
8629	1
2834207	1
16099	1
11544055	1
2097451	1
275797	1
8980980	1
7568839	1
6110187	1
6329631	1
1164050	1
3844691	1
1817766	1
1668798	1
634929	1
25432043	1
70938	1
305569	1
413965	1
109242	1
4960723	1
243062	1
868693	1
3113878	1
1713752	1
3034327	1
88272	1
59627	1
2604793	1
187271	1
975102	1
52274	1
2951668	1
3496553	1
4119446	1
556517	1
1389835	1
8709661	1
9125886	1
7889298	1
21039212	1
4423900	1
47096	1
31482071	1
39658	1
3481763	1
233998	1
59629	1
31368510	1
12257864	1
2956058	1
3847799	1
4242062	1
2133836	1
1192786	1
12055122	1
11149275	1
582734	1
164378	1
5887293	1
20541125	1
771147	1
344528	1
39475323	1
1694803	1
46398982	1
188086	1
8263345	1
3996692	1
125248	1
60328	1
2035054	1
3596582	1
1515601	1
851238	1
1084351	1
32697	1
33804671	1
287571	1
23935532	1
23413946	1
902176	1
1116275	1
216314	1
43291971	1
8989742	1
261184	1
41934105	1
807293	1
20821581	1
6687026	1
44205	1
210434	1
18173428	1
26993387	1
2469591	1
4139550	1
2635753	1
45379	1
148786	1
470969	1
756772	1
106915	1
1121352	1
2961275	1
5042706	1
7890686	1
4107121	1
1346821	1
182833	1
35088783	1
33574178	1
722792	1
15094232	1
931513	1
5904127	1
127561	1
172040	1
813324	1
3724576	1
34537021	1
21877738	1
3882570	1
571071	1
16682347	1
23932	1
1035615	1
14611981	1
5352231	1
5546782	1
7811151	1
14871	1
41952051	1
3597531	1
243685	1
440948	1
49303856	1
736	1
2263158	1
3100385	1
453748	1
11297761	1
63969	1
129344	1
5818443	1
609370	1
4095942	1
3965357	1
412017	1
383135	1
361407	1
1161343	1
2318171	1
14411473	1
210837	1
2147499	1
1535727	1
1996664	1
617673	1
1362805	1
41210841	1
4904242	1
326309	1
1590652	1
556446	1
2859905	1
6593111	1
421730	1
2710443	1
1769569	1
639515	1
3554782	1
1432462	1
997525	1
2244455	1
5653863	1
27125578	1
1189413	1
42009092	1
82683	1
5301973	1
1086542	1
1004027	1
39626432	1
651121	1
685608	1
277818	1
187036	1
23453940	1
1311995	1
452673	1
5150149	1
30873896	1
26091	1
1970538	1
533895	1
1964810	1
722635	1
2180797	1
3144022	1
520895	1
329871	1
43046993	1
668027	1
1967972	1
3341212	1
177293	1
28361679	1
36792633	1
42823962	1
935138	1
1503073	1
50722	1
3070083	1
259813	1
154971	1
80225	1
718777	1
1105658	1
299437	1
26611823	1
1425460	1
31806139	1
166093	1
9132467	1
57215	1
21111	1
1321703	1
356985	1
6456340	1
2573789	1
2818825	1
2056287	1
1909649	1
2121946	1
343137	1
1170080	1
5909971	1
2465034	1
10015392	1
164890	1
3064046	1
63517	1
336613	1
4404315	1
237992	1
29358987	1
670195	1
550270	1
1699624	1
15736	1
5122699	1
407674	1
21492751	1
664861	1
46219043	1
791271	1
293593	1
31212326	1
2508240	1
713683	1
563975	1
3185032	1
380558	1
49439399	1
47532373	1
770430	1
6154536	1
32121	1
43824	1
838376	1
100967	1
387492	1
10950533	1
8699729	1
206221	1
12674918	1
338457	1
9097749	1
260000	1
761318	1
18878014	1
38107926	1
18648203	1
9045614	1
170002	1
1107510	1
6591799	1
867876	1
39040	1
608515	1
700228	1
12394138	1
4685657	1
168955	1
876566	1
26248321	1
7636716	1
3779241	1
67992	1
146875	1
6533510	1
2577184	1
11755349	1
1877924	1
12926879	1
5609708	1
6341516	1
12259151	1
316136	1
29007	1
396733	1
2200382	1
75088	1
4790115	1
32321109	1
166103	1
2302650	1
24768217	1
44191	1
40095522	1
1556820	1
11584073	1
571725	1
5147136	1
902770	1
22301475	1
159548	1
242031	1
24422603	1
27305858	1
646659	1
90698	1
15821	1
2364254	1
14301566	1
737731	1
874843	1
4706312	1
1027745	1
224484	1
754366	1
44213	1
953837	1
4375	1
8621218	1
18465292	1
663735	1
4540758	1
23921203	1
320349	1
381797	1
735009	1
1132718	1
3545532	1
1319448	1
4457313	1
567736	1
29684300	1
860758	0
4946649	0
11436516	0
14067221	0
11849567	0
21972971	0
45322445	0
35199423	0
2490816	0
40259829	0
5832056	0
31675125	0
6123971	0
8667227	0
4033270	0
5181413	0
13138358	0
44405587	0
2346602	0
14177295	0
10558547	0
9406922	0
9595252	0
28144063	0
7677591	0
1977839	0
375064	0
7728193	0
19770363	0
11960679	0
36969374	0
14715454	0
31252141	0
1278165	0
13844857	0
8678824	0
180514	0
2873703	0
42893889	0
43545314	0
47191114	0
15032845	0
5801361	0
9471185	0
18823588	0
5667527	0
15543598	0
30114877	0
4642779	0
10836923	0
32188530	0
34674841	0
39284751	0
1956902	0
25403604	0
5225838	0
22782953	0
2457459	0
6369280	0
17811054	0
32574401	0
4416771	0
1437064	0
320643	0
34197079	0
32252358	0
1042794	0
27313718	0
3143504	0
23670419	0
13018959	0
8121767	0
5907750	0
1685182	0
26188975	0
39308200	0
31615222	0
580994	0
11796414	0
10896994	0
7848048	0
21274	0
33445947	0
10202909	0
10924910	0
62933	0
6849871	0
2023355	0
10126476	0
4416653	0
6368781	0
9492848	0
4903945	0
5364016	0
17080579	0
514712	0
138997	0
40045430	0
15568487	0
20831755	0
6229369	0
45488	0
9003952	0
816214	0
7531355	0
5086059	0
1862583	0
36507018	0
19721499	0
28014659	0
6114092	0
6524938	0
1887824	0
21034598	0
5826370	0
901721	0
429826	0
363387	0
14556501	0
49138600	0
17100977	0
2661403	0
30616422	0
12542003	0
1890060	0
25892294	0
26864528	0
5104345	0
22240306	0
2860969	0
357017	0
5151862	0
13812597	0
11492992	0
39074500	0
45297882	0
15372262	0
15414438	0
39562326	0
6456812	0
6883848	0
47414490	0
37384595	0
17871	0
706076	0
17337217	0
8570055	0
47812953	0
11797815	0
5815898	0
27540706	0
3189715	0
273178	0
3695534	0
13111844	0
5395844	0
33573742	0
1946834	0
37397799	0
42063322	0
33966973	0
1804753	0
1108327	0
11215152	0
1218133	0
39622555	0
3088333	0
3186520	0
6898779	0
31816624	0
2380408	0
1039734	0
3357233	0
50406	0
7494878	0
43074	0
4424739	0
1997997	0
9800720	0
3306375	0
14162753	0
151034	0
1047985	0
25109277	0
5300343	0
4980349	0
7371760	0
1076340	0
21141205	0
5463240	0
18896587	0
107455	0
30362091	0
7289380	0
40089327	0
29326166	0
3732054	0
9519360	0
1182009	0
12079775	0
37738587	0
1083133	0
3485076	0
2687629	0
17026135	0
4566346	0
3551121	0
5793162	0
23591128	0
126570	0
22781561	0
3399451	0
23527536	0
2097858	0
724954	0
2580566	0
2671092	0
19063904	0
4718243	0
20713109	0
9130769	0
1060566	0
16921336	0
24428035	0
9195066	0
25305834	0
3555245	0
15128501	0
1584543	0
32680683	0
18801944	0
136595	0
15263772	0
39917697	0
12366040	0
43828124	0
9390867	0
6942648	0
31708398	0
5091902	0
2389602	0
10767723	0
42872050	0
41985655	0
21938755	0
20408935	0
21092339	0
15702642	0
35604183	0
15835686	0
3058238	0
87249	0
9910719	0
1149750	0
4118544	0
5401094	0
9176961	0
1094504	0
7542341	0
8357233	0
24750323	0
9752581	0
25525494	0
17739236	0
857444	0
3644789	0
7495343	0
9424048	0
24783236	0
40105202	0
443210	0
6338293	0
2268332	0
18427160	0
42737509	0
10963178	0
943723	0
2645181	0
6061933	0
3214524	0
2173617	0
3046290	0
44899147	0
10517358	0
21991138	0
112350	0
32279268	0
12566991	0
33368596	0
14467287	0
25240005	0
1768655	0
2384397	0
9353090	0
24885892	0
10198474	0
11937847	0
9286043	0
43094198	0
6707589	0
8717692	0
3190242	0
26216993	0
6340141	0
40299274	0
1579876	0
47591771	0
168040	0
25078754	0
19763531	0
4365736	0
17513627	0
17611308	0
3224004	0
2361796	0
7925007	0
1002274	0
5104303	0
17165216	0
24909329	0
17443998	0
21514643	0
115663	0
47345495	0
6741340	0
2203522	0
1906050	0
14393859	0
76894	0
3265754	0
125870	0
14007982	0
21858604	0
26811340	0
17869144	0
126601	0
3909608	0
508579	0
34321531	0
3573278	0
32408322	0
349978	0
19923293	0
1193223	0
43075204	0
1193780	0
14299217	0
891206	0
4055771	0
6012974	0
6826022	0
1845516	0
3493484	0
13079451	0
5743799	0
4915735	0
26983	0
3828466	0
27740879	0
2252358	0
21069265	0
33322185	0
22329706	0
6024075	0
2288971	0
10071705	0
24112022	0
2034676	0
18038707	0
229909	0
5231601	0
18365949	0
10634022	0
25268937	0
12347457	0
1836489	0
7123807	0
32071663	0
42551525	0
1237422	0
2863077	0
8536182	0
5852020	0
1888887	0
318645	0
8225393	0
45062970	0
2682415	0
15228679	0
1168437	0
36982421	0
11381300	0
4237220	0
1028938	0
14882396	0
35272153	0
1599810	0
7692885	0
39557607	0
6718581	0
22330119	0
1441692	0
3034643	0
24946019	0
1810226	0
695316	0
13986972	0
34030507	0
24114811	0
5575475	0
392291	0
1915646	0
2141241	0
32690005	0
4677348	0
4120773	0
36498798	0
31727899	0
2454370	0
4075471	0
8869220	0
23269990	0
4170404	0
10766192	0
23199830	0
6832750	0
38406039	0
17824925	0
8033265	0
324745	0
15324796	0
1680839	0
1037416	0
44546697	0
236408	0
16766467	0
37814048	0
12845984	0
3457255	0
107289	0
9512250	0
31425392	0
9749302	0
12485682	0
131728	0
27744773	0
2616480	0
36975111	0
42977	0
8568923	0
18176296	0
5651583	0
14851772	0
28602756	0
38438428	0
1658390	0
23208379	0
19391956	0
117509	0
5835727	0
511219	0
11441293	0
3175083	0
14750747	0
12736193	0
4540878	0
1401714	0
3515990	0
6864191	0
12414545	0
18385011	0
9711505	0
2850431	0
629176	0
137692	0
8652934	0
25550179	0
25620934	0
39343196	0
17646850	0
41486316	0
27428223	0
23493771	0
677888	0
31089294	0
18435561	0
18570255	0
36350787	0
2465760	0
14593507	0
714528	0
38815402	0
8131303	0
3004250	0
8329064	0
91500	0
24209911	0
362612	0
16173391	0
12178995	0
