17129541	1
563684	1
17027414	1
4480937	1
673964	1
641959	1
263671	1
12985344	1
1989374	1
2088895	1
1335475	1
8309538	1
13371	1
3598456	1
342398	1
25497710	1
5742025	1
357153	1
58972	1
194367	1
921360	1
23982887	1
42562406	1
18906775	1
416370	1
21607622	1
4344884	1
75343	1
1486131	1
2217692	1
15140280	1
2144612	1
21033992	1
842554	1
1723364	1
938507	1
3388985	1
25661840	1
489381	1
4965991	1
859219	1
2433987	1
6335767	1
3856882	1
215891	1
4058835	1
27613660	1
1393530	1
2915549	1
7889520	1
8703634	1
778188	1
330864	1
1809861	1
46880915	1
14653582	1
3750777	1
2986435	1
47907	1
3440224	1
2693199	1
2350828	1
873901	1
3989551	1
627790	1
28581019	1
536839	1
83427	1
8954298	1
3943666	1
26586083	1
16880262	1
478145	1
8376982	1
937643	1
4588753	1
8150394	1
1584554	1
32399545	1
7356922	1
40949536	1
2083812	1
14317684	1
31441421	1
30864220	1
4447024	1
10812218	1
15937	1
1040111	1
30706524	1
7485563	1
7803771	1
1118829	1
3676479	1
6650137	1
60174	1
63132	1
1140230	1
468072	1
18372	1
5227373	1
78781	1
1928290	1
26723545	1
230246	1
32820295	1
10386105	1
3862989	1
2351932	1
1168295	1
96881	1
152334	1
1953953	1
32442	1
10253451	1
6520323	1
3689421	1
41700954	1
37508162	1
3310186	1
27267341	1
12481557	1
19529037	1
14701934	1
54849	1
1025576	1
748861	1
1642045	1
52780	1
5135221	1
92580	1
153232	1
1556	1
22328232	1
13696994	1
1180780	1
18984642	1
913779	1
3189982	1
39481005	1
36588025	1
9336703	1
6109485	1
16800	1
18778516	1
3316507	1
23671899	1
24498773	1
9776885	1
6415441	1
1709811	1
3028191	1
14087132	1
343137	1
38659169	1
38789274	1
890273	1
11544460	1
1971858	1
2739213	1
793493	1
3589031	1
461344	1
44203	1
4673834	1
2980434	1
36088649	1
885160	1
1857627	1
42098473	1
1996334	1
150780	1
314924	1
31339310	1
611210	1
13110148	1
7922769	1
698470	1
901225	1
9368130	1
2862301	1
2925929	1
3694061	1
36581434	1
4031743	1
6263727	1
993005	1
13688058	1
38441338	1
1497735	1
1294815	1
540655	1
455909	1
2190182	1
18165943	1
755267	1
10480049	1
21551816	1
30865082	1
7023603	1
7287353	1
693919	1
55697	1
6376352	1
2383689	1
2284243	1
8618963	1
75073	1
9808	1
565107	1
24417384	1
5497996	1
5108614	1
174019	1
631179	1
157680	1
1723438	1
1977049	1
430215	1
5038124	1
328242	1
1630829	1
98043	1
69840	1
1032101	1
5341057	1
4616601	1
31496	1
13242013	1
4457067	1
6545458	1
159268	1
10041386	1
10718391	1
2768995	1
2578177	1
21128643	1
46230485	1
2617019	1
163588	1
975924	1
396547	1
12320103	1
47946120	1
7442	1
18894714	1
1672445	1
60750	1
1933796	1
860974	1
362920	1
9409153	1
207636	1
52711	1
2275337	1
2459688	1
1198482	1
16441	1
2092403	1
2058760	1
225971	1
4453691	1
14066750	1
19223289	1
682238	1
112989	1
693611	1
1190047	1
253968	1
11740189	1
11035254	1
2893414	1
1296564	1
13578	1
3459701	1
9569734	1
2379124	1
13094886	1
6967012	1
1274498	1
6568260	1
239249	1
231356	1
1363708	1
3700174	1
12804	1
15830	1
386964	1
1073078	1
755261	1
46380585	1
2322073	1
268799	1
79791	1
7377294	1
35546579	1
2505571	1
642214	1
6728621	1
7484943	1
18695674	1
197778	1
48460477	1
100442	1
27659033	1
65139	1
6389377	1
6803808	1
8706945	1
39661732	1
26884040	1
10699718	1
11638	1
68308	1
98258	1
1353875	1
512006	1
1951981	1
943263	1
22680943	1
15038171	1
968644	1
543284	1
36643950	1
1041657	1
5295887	1
420855	1
122339	1
4329568	1
32026466	1
221633	1
13699021	1
3102201	1
38935	1
5950296	1
16749927	1
2928105	1
341858	1
2237443	1
6812078	1
656549	1
25801683	1
733410	1
280856	1
4627679	1
7109430	1
21789618	1
44679	1
646886	1
18031	1
918421	1
7591819	1
7855814	1
2110637	1
1820893	1
8786	1
9351890	1
42844251	1
43243199	1
240384	1
64372	1
10814165	1
43021086	1
2692379	1
13594134	1
16290576	1
260346	1
2717905	1
186064	1
3025009	1
7157043	1
626577	1
13682	1
1146295	1
2045777	1
1143240	1
253130	1
3770107	1
5304994	1
5389811	1
69545	1
21892850	1
16400038	1
27573373	1
22214537	1
1518575	1
512336	1
1655723	1
2352776	1
2020952	1
108672	1
1566614	1
144014	1
13787063	1
26012749	1
553740	1
16885332	1
23881929	1
22038601	1
7827226	1
1220700	1
572653	1
235825	1
2462008	1
18775581	1
3284707	1
32712042	1
37600900	1
210425	1
20901	1
991787	1
3512370	1
59720	1
10388154	1
761809	1
40902903	1
32395353	1
227168	1
1430474	1
5878044	1
153265	1
10782092	1
11167343	1
77498	1
19761912	1
309650	1
1580560	1
34318481	1
4222056	1
401936	1
157906	1
33917	1
383284	1
1632880	1
1186182	1
544389	1
2444468	1
192920	1
27678700	1
3915547	1
362192	1
32358656	1
207766	1
382592	1
31247911	1
453942	1
25056095	1
3311743	1
1194084	1
743900	1
6216067	1
25718125	1
376192	1
3795087	1
231085	1
150095	1
4544689	1
20448179	1
18464150	1
1793608	1
2458189	1
52371	1
10701616	1
569458	1
6871345	1
471603	1
1720483	1
39843469	1
23991668	1
10772287	1
9925958	1
1625891	1
518166	1
3081208	1
619910	1
23262200	1
783791	1
3888494	1
3882570	1
6696332	1
1423249	1
1560082	1
840720	1
2505563	1
1124051	1
24505300	1
5939040	1
158991	1
48397698	1
23777994	1
2706373	1
2595806	1
229386	1
3393069	1
2140810	1
265130	1
21700337	1
2594761	1
436885	1
61912	1
35111612	0
18155859	0
2644849	0
14513042	0
32404910	0
32233250	0
4969152	0
23764888	0
12533196	0
1791248	0
15914270	0
12192712	0
13644940	0
19722730	0
159547	0
3703508	0
44679774	0
5369391	0
7404148	0
581256	0
37526815	0
82782	0
26852868	0
33108382	0
31890921	0
10704616	0
4590826	0
1282161	0
6423792	0
17753291	0
12195975	0
1127790	0
1369864	0
4977331	0
38754453	0
11197066	0
8801803	0
36160336	0
24449695	0
43069439	0
20462429	0
5303926	0
28917995	0
34816491	0
6301693	0
5205117	0
959993	0
5051994	0
1197020	0
3716979	0
6184362	0
16987190	0
447615	0
1723059	0
29459000	0
4180595	0
1280440	0
5768514	0
31368	0
5906792	0
6786116	0
18153481	0
18731922	0
55414	0
513504	0
42394186	0
3037692	0
1051723	0
1283250	0
40932825	0
8348050	0
15809900	0
36318972	0
226767	0
11870779	0
11612978	0
4965475	0
6928731	0
11742018	0
23364820	0
3020011	0
43257133	0
5273059	0
1000321	0
31201861	0
1409424	0
33285209	0
17930443	0
205794	0
31526970	0
26578680	0
6033137	0
12556679	0
27898449	0
34625814	0
3160643	0
1425783	0
23041891	0
31152829	0
10457826	0
6758670	0
4984907	0
1606600	0
2685037	0
42851411	0
15979659	0
14468682	0
22615395	0
27604094	0
5665016	0
8530037	0
11838422	0
2572500	0
49554031	0
967738	0
23129476	0
4214446	0
15827978	0
1149580	0
29249986	0
12041763	0
28900702	0
12189183	0
5254433	0
8943105	0
11933512	0
23977809	0
42881295	0
12540501	0
37020657	0
14032377	0
1987008	0
3883038	0
2876278	0
23448065	0
3887348	0
1579993	0
720851	0
136790	0
19466237	0
27889490	0
12092973	0
2246465	0
33515521	0
4424935	0
869236	0
9320187	0
1132228	0
16051689	0
27172479	0
28668315	0
3678459	0
292202	0
10901780	0
1864657	0
5213955	0
10824285	0
9149932	0
23994263	0
37793931	0
15923270	0
4668705	0
6097987	0
17351818	0
15977673	0
21953715	0
45268934	0
14580368	0
194343	0
656416	0
13379670	0
6294274	0
6515653	0
8619101	0
9109327	0
12923184	0
5044282	0
11322377	0
3834804	0
16925632	0
9059136	0
1570709	0
41060683	0
3396451	0
136504	0
8505278	0
16981351	0
175431	0
22647566	0
36560569	0
17178177	0
7677763	0
24389751	0
43089672	0
30044818	0
38004054	0
35185573	0
6551877	0
1269444	0
47814538	0
1438182	0
6312971	0
2648027	0
44947154	0
22963163	0
112663	0
29250005	0
1420154	0
23744346	0
752090	0
16621758	0
48536374	0
13316685	0
468104	0
113857	0
13144890	0
14030001	0
3282314	0
4102303	0
5305869	0
11186163	0
16877115	0
19624076	0
26976639	0
23470252	0
9810745	0
10089363	0
7531507	0
43342910	0
31549088	0
7567347	0
20937019	0
3720944	0
5194578	0
20989149	0
4458624	0
30905356	0
40585536	0
3801718	0
4044528	0
13533214	0
13334601	0
44220023	0
3938014	0
2401605	0
41098191	0
10811440	0
17883458	0
48910785	0
4312593	0
44151693	0
30002176	0
8590511	0
6242910	0
39364302	0
4719186	0
3914790	0
2553956	0
7468963	0
300596	0
1335166	0
38570722	0
43286843	0
43281208	0
17018874	0
27889377	0
111517	0
36625209	0
15913981	0
4164675	0
16097302	0
37632598	0
22652517	0
31221402	0
17042191	0
17755525	0
9348811	0
5307938	0
3418822	0
976305	0
15841755	0
22908935	0
2981299	0
24432921	0
120208	0
630169	0
34163535	0
483864	0
2707860	0
14342367	0
22926270	0
3931851	0
1957295	0
437008	0
20357603	0
32020479	0
2225298	0
5961186	0
15922880	0
4237724	0
45388290	0
595009	0
2002177	0
1483231	0
7521495	0
48511239	0
32628	0
11856071	0
154636	0
14459629	0
25653764	0
4602838	0
43164196	0
841427	0
5292602	0
283185	0
121019	0
23128861	0
2217931	0
3944729	0
4660076	0
41274218	0
1150250	0
1449234	0
28715804	0
4094258	0
1635498	0
25027467	0
635917	0
7945414	0
16245069	0
2429735	0
14074098	0
2136078	0
52797	0
17570138	0
31938754	0
45449102	0
1278314	0
30762608	0
32699247	0
1963799	0
38206496	0
6945634	0
10289892	0
37569072	0
44540408	0
9729478	0
7066026	0
23190837	0
650692	0
39910213	0
27749091	0
5405104	0
28505911	0
37007379	0
2016007	0
46533135	0
34362122	0
25770154	0
5166817	0
9122599	0
12616492	0
23453549	0
1519082	0
24235510	0
3484910	0
17926683	0
37497300	0
18891921	0
20050036	0
13262881	0
23023637	0
50387	0
37416992	0
41860	0
10057648	0
19040254	0
22464391	0
879173	0
30549237	0
44276679	0
31882632	0
5946640	0
13674861	0
9105526	0
142022	0
24173786	0
1326545	0
27426180	0
58890	0
39551401	0
15514148	0
1371698	0
14196783	0
6182723	0
29113214	0
48717475	0
6921740	0
2627027	0
36825111	0
32489995	0
12163121	0
2192184	0
15837394	0
9785087	0
2433142	0
10836060	0
3457288	0
21252921	0
4232991	0
18750317	0
25990263	0
965402	0
8938945	0
631514	0
2195319	0
3500075	0
20747513	0
1192789	0
10644534	0
24793487	0
42820747	0
22063021	0
41505959	0
1124148	0
22270495	0
1591724	0
39177751	0
42396158	0
15930286	0
1950152	0
6521355	0
36039728	0
19351605	0
31932580	0
15308120	0
2049650	0
25814400	0
18658918	0
3659576	0
3237002	0
20364653	0
5513786	0
1400986	0
3797978	0
435768	0
1690346	0
5628257	0
18799329	0
12821809	0
21754570	0
7378825	0
4827125	0
310410	0
30886101	0
22556078	0
16904910	0
28355642	0
3240639	0
5278008	0
28514851	0
2511744	0
557995	0
24811081	0
21832054	0
47672	0
14724543	0
23292882	0
14903088	0
7906570	0
24534773	0
6176673	0
23384514	0
1796240	0
143536	0
13847893	0
2423622	0
8067044	0
491153	0
15550399	0
14527099	0
1837097	0
36068677	0
40839407	0
48680632	0
43356706	0
2837809	0
9944062	0
25888327	0
15608404	0
791353	0
1934639	0
3756955	0
21969884	0
13329862	0
14920406	0
5630004	0
2411739	0
32595274	0
