13680702	1
1106778	1
539817	1
1890240	1
236613	1
1575042	1
21239733	1
9859087	1
743581	1
476232	1
1000035	1
1356596	1
14335395	1
173999	1
365841	1
38746716	1
3845458	1
204983	1
26177251	1
6603319	1
20124797	1
47777090	1
10901053	1
10873398	1
15594180	1
1166937	1
4314626	1
5693018	1
6793369	1
3989814	1
17901762	1
6025592	1
42543082	1
19333601	1
1383813	1
838000	1
1483054	1
8096620	1
31578571	1
21036180	1
28866519	1
1567094	1
9956686	1
2530593	1
21954285	1
6999658	1
1099178	1
39866996	1
744300	1
12750747	1
3810658	1
25571585	1
24175084	1
33818969	1
2452095	1
31834006	1
15620150	1
41172086	1
39670	1
4534641	1
902275	1
3535009	1
6159793	1
809332	1
24467671	1
988757	1
1619776	1
7808154	1
4910378	1
1525395	1
787300	1
2711477	1
11734490	1
2808834	1
4366118	1
29423980	1
799522	1
2310120	1
1940279	1
30725985	1
18979840	1
1264313	1
2194799	1
17683912	1
7605117	1
21611101	1
6614345	1
242548	1
5238420	1
12237728	1
21196642	1
10869985	1
23691228	1
24743569	1
36932689	1
3400444	1
5108785	1
100783	1
4446742	1
762694	1
22918	1
52627	1
17421419	1
6050919	1
3303602	1
11232502	1
42056869	1
3063200	1
25058827	1
12441518	1
4371875	1
2944434	1
1069173	1
31893164	1
1909743	1
518165	1
35077637	1
10657812	1
8045367	1
1821998	1
4291524	1
3245991	1
1181260	1
227124	1
6041344	1
11407161	1
1280042	1
4271725	1
34917575	1
904295	1
27694799	1
45711152	1
7680666	1
396614	1
2680715	1
5042018	1
4238663	1
1852093	1
16598205	1
4056317	1
15523469	1
845725	1
954491	1
3290385	1
22607100	1
35848269	1
19854017	1
6223136	1
609516	1
2194393	1
372898	1
2900096	1
202211	1
302509	1
12748158	1
7886	1
23678696	1
6798044	1
1543516	1
4178665	1
40647945	1
4246407	1
23718565	1
12213170	1
25378958	1
6357410	1
238431	1
2476298	1
39395093	1
5994011	1
9479449	1
16370900	1
27044448	1
39992100	1
15408804	1
3397287	1
45047166	1
6718815	1
2205494	1
105329	1
2572274	1
1267413	1
4213629	1
41425225	1
30272557	1
922199	1
6528118	1
4809438	1
180519	1
30978587	1
53576	1
1313103	1
5129576	1
11157187	1
3654561	1
2249330	1
1203579	1
290259	1
9286123	1
75261	1
2849130	1
8711922	1
262515	1
30411745	1
40796309	1
4104349	1
1720956	1
1840719	1
662584	1
3854224	1
6276184	1
600825	1
2853739	1
238677	1
41379426	1
3555227	1
13045064	1
17260839	1
32362637	1
2472136	1
344554	1
2009230	1
2100804	1
99717	1
3473622	1
48357751	1
5896102	1
165681	1
35648802	1
1163730	1
27004987	1
1725213	1
1003668	1
2985351	1
34863514	1
10518186	1
905542	1
19084989	1
95542	1
5645494	1
2318101	1
42155427	1
35559348	1
1856555	1
1421380	1
6195419	1
594326	1
30028612	1
2502001	1
38117559	1
876477	1
9967680	1
16787915	1
30872043	1
30464977	1
1443915	1
27679504	1
27005455	1
10410296	1
6748752	1
26097551	1
395734	1
4695414	1
197469	1
11292408	1
24223834	1
1100202	1
174938	1
611642	1
5618813	1
779817	1
38350958	1
561528	1
30421423	1
17930703	1
17627523	1
10988731	1
7271431	1
382199	1
6719591	1
35609267	1
29135160	1
36255583	1
26247948	1
37530715	1
18043525	1
12982740	1
2305333	1
522916	1
34917504	1
34583056	1
200020	1
42308570	1
24737189	1
21240490	1
10959987	1
402638	1
5509879	1
5588331	1
7377397	1
37963115	1
2156949	1
6163445	1
8721409	1
2698029	1
22753	1
3649108	1
1910391	1
2557246	1
32374177	1
5089323	1
2217954	1
28173944	1
3847881	1
1991791	1
3180398	1
1460298	1
29875481	1
41090036	1
1672556	1
33733631	1
975325	1
36712942	1
13033579	1
190191	1
3121688	1
22755799	1
3873874	1
38880714	1
2393673	1
485121	1
2372954	1
7468970	1
2453154	1
3417271	1
1631338	1
261011	1
27583075	1
527989	1
10637835	1
5015894	1
19456783	1
2068515	1
10435241	1
988695	1
2402922	1
15101415	1
14193930	1
663036	1
18617682	1
7245804	1
9124729	1
24668213	1
214138	1
13748832	1
36394468	1
29460253	1
1576369	1
7796729	1
35057029	1
988044	1
3785350	1
6273801	1
197375	1
505106	1
225561	1
2795468	1
605506	1
29041283	1
1167714	1
6050572	1
14962374	1
6524086	1
7687151	1
5737766	1
3815248	1
48866901	1
18956849	1
2880356	1
9075370	1
4683756	1
31206	1
10808	1
37930966	1
26041083	1
8670795	1
1952763	1
1150313	1
45280	1
3013752	1
17948479	1
38395768	1
24209911	1
2307950	1
35273697	1
408719	1
2412397	1
1259024	1
2206024	1
33296062	1
20731580	1
14687917	1
13852530	1
3271376	1
3411975	1
46362296	1
352514	1
1775018	1
4138353	1
3864867	1
15093462	1
10510768	1
45401527	1
2462008	1
4424155	1
4436996	1
2414887	1
26826304	1
2708079	1
498256	1
3277627	1
33651297	1
625052	1
8989778	1
4043646	1
31860141	1
16628611	1
1135523	1
8759592	1
28322856	1
181352	1
358518	1
60302	1
2137655	1
41271821	1
23238659	1
23744614	1
24327353	1
18703676	1
5090833	1
1139408	1
36882	1
5699660	1
733818	1
3213759	1
29994717	1
37871411	1
31275111	1
1881530	1
30167582	1
15903582	1
37873029	1
4937634	1
36860763	1
6125259	1
25084227	1
705964	1
30277639	1
1668536	1
654131	1
434497	1
43941742	1
9858575	1
12046737	1
1903926	1
1718119	1
17435032	1
1838530	1
33520957	1
5006048	1
37555669	1
1621339	1
1880342	1
22783713	1
204731	1
2037975	1
181349	1
1652577	1
23993728	1
154043	1
490979	1
24989276	1
2282007	1
8353198	1
43683268	1
2516974	1
31120128	1
22470541	1
17863586	1
3119157	1
12513988	1
4616225	1
4341560	1
11252981	1
149506	1
466161	1
22013885	1
6750764	1
3615688	1
7300203	1
4374735	0
7559066	0
43913456	0
34086401	0
23701862	0
3453263	0
356871	0
1797218	0
11825593	0
3419614	0
2851296	0
10405822	0
8727459	0
5736007	0
6098417	0
4306874	0
4498274	0
2910424	0
11772673	0
4144930	0
24080161	0
1323388	0
38380229	0
14574148	0
6392374	0
809534	0
6539440	0
2640918	0
7319752	0
29322045	0
711528	0
11273253	0
147020	0
618468	0
39903985	0
31009990	0
2288476	0
30283197	0
2319862	0
3590120	0
6922817	0
25187696	0
95963	0
4673412	0
16724799	0
9341700	0
6356999	0
91254	0
1301454	0
3418366	0
26463704	0
8544179	0
1961194	0
36731926	0
6788881	0
753594	0
15145748	0
22028286	0
43821300	0
1851388	0
30757934	0
44413279	0
7024463	0
1135751	0
25943972	0
42001	0
18561130	0
6446340	0
579790	0
2321971	0
2615795	0
16981407	0
36228910	0
6527365	0
30219217	0
1806598	0
6816595	0
5609558	0
224859	0
872785	0
7419527	0
20952358	0
2079777	0
32394713	0
10935566	0
4630528	0
498130	0
115693	0
1216823	0
9290579	0
39215802	0
2063308	0
523464	0
1814052	0
22934	0
22661189	0
33047830	0
12801265	0
2247587	0
329381	0
15956061	0
16321045	0
91755	0
3290852	0
10558421	0
1468747	0
6310071	0
5385951	0
10683488	0
36048042	0
1620324	0
28362907	0
10535395	0
26282777	0
8554340	0
13052163	0
2413772	0
8645705	0
2806710	0
3100262	0
21182025	0
5416	0
19847943	0
21689086	0
16001248	0
158787	0
39747144	0
4977283	0
10102166	0
15785610	0
17933621	0
34871582	0
10673182	0
4187823	0
5698464	0
3910826	0
40113624	0
8343437	0
10953005	0
934859	0
3115744	0
30292273	0
9440202	0
26166595	0
620568	0
2876574	0
12439980	0
10980703	0
2295563	0
28965568	0
20798835	0
20990267	0
2661685	0
9056396	0
3194774	0
36410606	0
10782191	0
12487118	0
3742068	0
6144797	0
5422760	0
964464	0
11929543	0
673848	0
25075705	0
4399566	0
20647654	0
33290686	0
11330851	0
1237661	0
93485	0
12821671	0
31671888	0
39065239	0
1466262	0
45641199	0
3528600	0
10434579	0
7590199	0
17926903	0
47090086	0
5277820	0
21244807	0
20979701	0
1024613	0
1370103	0
15196502	0
15567045	0
7675734	0
18112180	0
882800	0
44225073	0
1016364	0
20332168	0
492829	0
6541645	0
1904893	0
11603121	0
15823231	0
5934377	0
20877466	0
133421	0
30242616	0
27193515	0
259829	0
1795708	0
8306538	0
13306789	0
15115558	0
6117360	0
2045267	0
45069753	0
8498167	0
26408430	0
38995726	0
34913051	0
11937222	0
2041039	0
5245072	0
7220193	0
31416411	0
23787609	0
15739323	0
17532331	0
44083943	0
28478320	0
2038672	0
13813796	0
6028799	0
19258989	0
27836976	0
1110406	0
9512030	0
16067587	0
39584543	0
43371395	0
8933027	0
9008044	0
5713871	0
982808	0
12508480	0
8742052	0
7684716	0
15228012	0
13386513	0
3723623	0
47894486	0
5224990	0
23873515	0
48255961	0
31316917	0
1179152	0
19219558	0
560343	0
11794451	0
34122231	0
24931853	0
11735282	0
2060829	0
236637	0
3590805	0
6477958	0
6733767	0
178077	0
1186839	0
27152824	0
47233684	0
3894611	0
40386669	0
26143597	0
126850	0
920731	0
31203201	0
1954845	0
22813430	0
15087457	0
34648081	0
127224	0
44770037	0
6975901	0
21719501	0
3355407	0
341505	0
1502011	0
8971697	0
38837768	0
22323873	0
2269971	0
121772	0
9837402	0
19957256	0
37963603	0
158992	0
14873857	0
143148	0
7674223	0
2964211	0
8091997	0
7786719	0
2718584	0
2895937	0
2481245	0
39732393	0
3444763	0
292853	0
33309082	0
6334707	0
31153719	0
18122846	0
3538215	0
44825581	0
41117413	0
734175	0
15990529	0
24866372	0
2226391	0
27665613	0
6705251	0
2416773	0
20015278	0
1054907	0
151171	0
4385696	0
29077332	0
48858154	0
1687385	0
21144561	0
6575821	0
29649116	0
9397187	0
2172792	0
319232	0
32874726	0
13552102	0
846066	0
7393925	0
1228578	0
30864631	0
26306104	0
10288286	0
285491	0
14872730	0
5503349	0
31945808	0
1958536	0
49791	0
21495106	0
2302232	0
106419	0
323007	0
6718520	0
36496036	0
12505724	0
26446026	0
19694089	0
18769865	0
9269786	0
33229702	0
27951487	0
4199798	0
27621999	0
8855271	0
6488570	0
34786254	0
2124966	0
6334280	0
24705347	0
39853589	0
2642339	0
4689660	0
44095100	0
1060111	0
4820236	0
8029785	0
10797734	0
39683063	0
33280975	0
3849956	0
6753688	0
3002067	0
3565006	0
383420	0
4398732	0
18574618	0
514693	0
10900483	0
39622399	0
197271	0
18212346	0
709487	0
3866210	0
1073645	0
47263861	0
37027529	0
23560585	0
6307843	0
1688815	0
37313642	0
40659544	0
937210	0
23027568	0
3132736	0
3405474	0
22430859	0
10442	0
3259019	0
36801371	0
11479486	0
11227110	0
3049912	0
6165489	0
36264927	0
1164496	0
12945407	0
34237150	0
6003004	0
23086812	0
191415	0
2023746	0
980169	0
7659279	0
4384035	0
11371630	0
30249990	0
31030124	0
33956891	0
38898810	0
3565656	0
5431230	0
6334248	0
38260572	0
73094	0
4322551	0
1098819	0
7893729	0
6706696	0
20053240	0
7034259	0
27201450	0
32125561	0
14568863	0
1438808	0
44670859	0
3757943	0
2257003	0
24937196	0
5275461	0
42603030	0
10228016	0
7135087	0
38308164	0
3526583	0
16608018	0
15073030	0
1491156	0
646043	0
1382703	0
2952442	0
36663685	0
8430567	0
5491143	0
26258696	0
3292510	0
564689	0
7348708	0
42797977	0
31872297	0
1715016	0
2082	0
36195183	0
101006	0
5179697	0
43022485	0
528310	0
36954313	0
1245353	0
24902120	0
18128951	0
8221921	0
34547658	0
33219985	0
10153011	0
15896525	0
3999301	0
22368463	0
25161870	0
9324038	0
48303221	0
3085027	0
657550	0
3129242	0
18662045	0
8150690	0
11420440	0
4126331	0
4938577	0
8262695	0
26783435	0
48949421	0
13719853	0
