1030368	1
528631	1
1429154	1
5810335	1
12525903	1
16209	1
46622620	1
471623	1
387479	1
47340553	1
4628660	1
143096	1
408971	1
903768	1
721160	1
911235	1
5124518	1
426249	1
1840677	1
14232279	1
2507263	1
1995061	1
1768032	1
13189558	1
1127230	1
29990953	1
2975076	1
1304180	1
5903148	1
33787902	1
100729	1
23115872	1
761025	1
1071840	1
1052909	1
2457665	1
11315331	1
31319096	1
22609914	1
16829280	1
31439640	1
1944	1
4009304	1
9522348	1
31239646	1
24481846	1
7235864	1
13496069	1
747499	1
31133043	1
3400990	1
1995344	1
30814208	1
237119	1
1431969	1
57614	1
125743	1
97657	1
4361151	1
12786237	1
41907780	1
2716022	1
44336081	1
22470322	1
992241	1
35790754	1
514631	1
514589	1
167258	1
19873741	1
12035109	1
1768114	1
124983	1
41988252	1
32010139	1
991479	1
302298	1
422642	1
43457101	1
1721235	1
20175146	1
5929872	1
30152447	1
30866051	1
1379819	1
27232	1
11370834	1
275456	1
1104700	1
2399710	1
1130832	1
464683	1
44490884	1
1767732	1
38594630	1
38170726	1
3821165	1
22195900	1
1767838	1
7812483	1
20348940	1
1890794	1
26174042	1
46727017	1
11552471	1
1666947	1
1666927	1
567323	1
346967	1
393329	1
571660	1
9142623	1
18940583	1
27707969	1
2204161	1
332348	1
663739	1
19504023	1
8235301	1
1830819	1
5756935	1
307973	1
16733887	1
425581	1
227177	1
357574	1
5669654	1
11988833	1
616289	1
14268173	1
1641878	1
1791386	1
42076070	1
864389	1
1468782	1
352980	1
25914941	1
1768083	1
65123	1
13922719	1
4689460	1
17346912	1
11043893	1
5849733	1
19291	1
36087103	1
6226103	1
5725893	1
21991307	1
22785039	1
30936430	1
20140889	1
2818427	1
15391583	1
64313	1
1110498	1
39110713	1
326335	1
1768102	1
11965384	1
8431952	1
149536	1
617979	1
1892827	1
158589	1
329382	1
1053390	1
547634	1
1253039	1
1036128	1
3441752	1
3071350	1
2926844	1
3747925	1
35894206	1
28255354	1
2975439	1
22255306	1
2037226	1
327525	1
20921439	1
1968029	1
11324134	1
25679555	1
535570	1
38956590	1
51158	1
248342	1
1445450	1
14585267	1
43000	1
274637	1
19521699	1
553883	1
585416	1
1688859	1
1284002	1
11323354	1
11872426	1
45085801	1
5955	1
233760	1
22338058	1
40172519	1
3108059	1
561268	1
40067464	1
1767868	1
27787064	1
6550040	1
5600991	1
2871743	1
22126691	1
18393706	1
435559	1
1132464	1
3823189	1
476679	1
4562290	1
25593444	1
17595802	1
408574	1
1670537	1
7575968	1
1488752	1
5177250	1
28779071	1
14130428	1
23644226	1
252364	1
3862289	1
517181	1
10935693	1
1066453	1
6128219	1
7237878	1
29394482	1
25187361	1
16286977	1
425080	1
24247	1
4502083	1
13762545	1
1352432	1
11903143	1
27985006	1
24085540	1
214437	1
3863688	1
1399936	1
15342196	1
980795	1
841578	1
768362	1
6264252	1
1069140	1
22199242	1
44774510	1
316057	1
7012490	1
416434	1
41416908	1
13385024	1
23674862	1
18040719	1
35900417	1
8806254	1
9480277	1
33266092	1
40953722	1
3174478	1
36086739	1
19503800	1
1670523	1
2882311	1
19751602	1
370772	1
42136964	1
3150441	1
19014522	1
5078513	1
1261775	1
16429888	1
7698767	1
503193	1
1211428	1
4869451	1
5904342	1
8823561	1
11294173	1
2973265	1
1704924	1
244131	1
637385	1
421151	1
424627	1
5872149	1
3755497	1
18674587	1
1722696	1
29249951	1
146365	1
1768112	1
48724778	1
31676598	1
1125451	1
406803	1
1976346	1
12807618	1
1587159	1
141361	1
1068656	1
569331	1
21242372	1
669920	1
42012389	1
1739897	1
360054	1
41213194	1
35888152	1
595195	1
233730	1
1768053	1
16182909	1
1010736	1
517013	1
14966276	1
2200527	1
35438761	1
47045344	1
42096758	1
378033	1
553623	1
6078379	1
172710	1
11323932	1
2959847	1
2209657	1
22871279	1
26599924	1
1865573	1
226065	1
935787	1
2251630	1
2706431	1
33154999	1
1406011	1
4504465	1
1297743	1
1859171	1
1372585	1
18931482	1
3293100	1
16894738	1
9581	1
8401773	1
42727887	1
4971	1
3982706	1
483222	1
91963	1
103566	1
771184	1
37044813	1
430659	1
1201833	1
20225512	1
1618682	1
1176336	1
8760865	1
21835290	1
5634466	1
3792292	1
30780180	1
1397256	1
10936067	1
26713474	1
233742	1
355735	1
7041747	1
607050	1
270937	1
31757514	1
8601648	1
15431287	1
1071805	1
17756317	1
17756244	1
1418552	1
523478	1
237612	1
1104374	1
1645031	1
973241	1
3213491	1
22195003	1
1049644	1
296724	1
21566928	1
2560012	1
1203555	1
1010552	1
1202008	1
3634395	1
12176	1
581443	1
3440826	1
1966123	1
1304166	1
5465176	1
36743180	1
25253086	1
11217976	1
22462393	1
140559	1
1268578	1
378145	1
19851291	1
7771078	1
12950114	1
13688522	1
343742	1
15345510	1
30421616	1
25839	1
154954	1
1052945	1
4796117	1
36206317	1
646170	1
7043721	1
251113	1
614885	1
51983	1
409044	1
80225	1
7515964	1
9931373	1
7266212	1
4014350	1
1765550	1
34834941	1
39462378	1
5858801	1
1053718	1
10405150	1
3563471	1
394326	1
4662635	1
15770445	1
8233230	1
4686168	1
1077598	1
418260	1
7131613	1
6866923	1
1587264	1
12995681	1
5973083	1
31644065	1
2699527	1
21761998	1
7131541	1
11812594	1
9701975	1
1161915	1
1341522	1
1056319	1
1235535	1
33643465	1
1477064	1
210282	1
21660752	1
12067	1
172077	1
3499593	1
37767772	1
346381	1
1162305	1
26023872	1
1771026	1
11043867	1
633627	1
22257504	1
26206815	1
17996008	1
483355	1
25175575	1
53372	1
2340339	1
21520276	1
14068016	1
67647	1
37186216	1
452599	1
7959	1
31458631	1
125100	1
25254696	1
16648741	1
5275869	0
25116384	0
4566536	0
1833027	0
33353357	0
11815287	0
15435692	0
11534602	0
3641299	0
1318612	0
14901309	0
17128757	0
2849164	0
16769	0
365277	0
22258681	0
19502649	0
7583972	0
35981081	0
5546233	0
4162918	0
1027770	0
289469	0
31366925	0
33343632	0
18294757	0
33738574	0
6116580	0
1690201	0
30685206	0
8681034	0
138279	0
41838341	0
31262007	0
24088557	0
11375095	0
40276871	0
44131432	0
20750432	0
2636087	0
2882948	0
19496023	0
3138443	0
2267435	0
607996	0
63173	0
14123933	0
18787424	0
2271598	0
2445963	0
47350200	0
3005280	0
303544	0
29576383	0
2371099	0
502831	0
22781702	0
13506498	0
19179331	0
5873939	0
8912379	0
11180707	0
31667158	0
1949083	0
28904321	0
2409115	0
8932643	0
4711281	0
1441781	0
39808788	0
31607918	0
47576916	0
682378	0
5882876	0
13617416	0
150711	0
5961798	0
11580667	0
22535035	0
32659306	0
5742747	0
16025882	0
13139373	0
32655817	0
6599943	0
7804709	0
231716	0
41948924	0
40813200	0
490927	0
900989	0
16718262	0
4140745	0
876650	0
3889221	0
18800331	0
12396808	0
25207976	0
2548492	0
37722611	0
3894172	0
13510044	0
26584832	0
620099	0
20808769	0
670475	0
7539338	0
745853	0
1042826	0
7076247	0
69718	0
14842571	0
19720661	0
22444967	0
4787820	0
12240684	0
3733476	0
7912657	0
31129643	0
6789517	0
2074273	0
12353264	0
49036251	0
1773711	0
449009	0
2111657	0
4595676	0
3159378	0
45293329	0
14049029	0
6556167	0
9577395	0
24566691	0
14667497	0
434320	0
2212189	0
292226	0
15250280	0
2553861	0
12475590	0
20576267	0
7016231	0
14648413	0
22059945	0
11339072	0
20340407	0
4061841	0
5323334	0
27557228	0
22501222	0
43836267	0
489375	0
2193254	0
18100964	0
3821145	0
4094752	0
38825821	0
76574	0
38408089	0
323520	0
4296814	0
14840648	0
26350643	0
24917557	0
1037763	0
17090914	0
11840121	0
48481554	0
41435000	0
6207903	0
5721661	0
31883686	0
35636373	0
446953	0
1302142	0
14782200	0
4297102	0
894631	0
21664396	0
1956556	0
48538131	0
24748950	0
19361589	0
1526536	0
17285408	0
1947086	0
32658522	0
7822134	0
12644539	0
127875	0
22011755	0
25198870	0
11500067	0
2700752	0
10250432	0
19915803	0
14028652	0
2340276	0
24777536	0
5064542	0
3322301	0
16273943	0
380986	0
47797505	0
685457	0
21461946	0
5186744	0
2059919	0
37662799	0
32701057	0
40908339	0
76037	0
40728513	0
11755856	0
1659626	0
734578	0
40403060	0
3716188	0
3637626	0
12764000	0
26878834	0
1063207	0
27398355	0
30747049	0
1109901	0
1192582	0
7345396	0
21886943	0
43069864	0
36791868	0
33572791	0
40954934	0
32781827	0
1388208	0
36732376	0
27604094	0
1646987	0
36149293	0
4853059	0
12954580	0
374675	0
5335443	0
2547388	0
28828241	0
1702651	0
26218403	0
2386604	0
672736	0
25238221	0
701669	0
3687129	0
223924	0
19674583	0
25292415	0
3743640	0
1650858	0
20069301	0
30404372	0
7492810	0
112044	0
543415	0
1269341	0
9560476	0
376815	0
2487079	0
13124815	0
11331265	0
6531993	0
17567525	0
223938	0
16230856	0
20902109	0
272074	0
23118498	0
2370449	0
2206768	0
6786098	0
4454542	0
9690656	0
2143519	0
2723479	0
34125275	0
16267292	0
47101825	0
43334135	0
2633257	0
11047281	0
6914468	0
20574818	0
127559	0
27417907	0
3720200	0
9575017	0
25213934	0
12702405	0
14327257	0
13791173	0
40133068	0
38177692	0
528527	0
27160867	0
6569700	0
34334542	0
369682	0
7329785	0
3890525	0
21700994	0
4019640	0
24479033	0
8799044	0
5067003	0
651269	0
2807430	0
6475258	0
2087531	0
4363468	0
28345507	0
6596991	0
440536	0
8267763	0
17786810	0
21021965	0
12169788	0
21225282	0
37282177	0
43056118	0
40676	0
4411805	0
1385658	0
6729339	0
32880991	0
477099	0
41523357	0
11267566	0
4146621	0
14080496	0
2863545	0
38930689	0
923035	0
31022893	0
28789955	0
3010584	0
30020626	0
11695431	0
32524093	0
4014891	0
27305427	0
43608497	0
8791437	0
27652794	0
8108710	0
13087991	0
24573500	0
23155302	0
1943720	0
19773666	0
1102430	0
5125773	0
23047250	0
25792630	0
25266317	0
26617155	0
3176298	0
12838081	0
14421283	0
12547268	0
5130675	0
2944770	0
4148033	0
964911	0
36809555	0
15621301	0
53299	0
329547	0
1572482	0
31522523	0
45809594	0
655028	0
10912469	0
43688321	0
8299354	0
4624428	0
17165106	0
17269	0
117079	0
22501393	0
5896021	0
41677882	0
2521161	0
1436008	0
42190006	0
4374200	0
2922589	0
1195328	0
1653493	0
12825781	0
26878200	0
8364413	0
25333465	0
1343861	0
25404793	0
22972632	0
8633490	0
1895977	0
643386	0
1565456	0
4948256	0
3471275	0
5649336	0
578924	0
17195187	0
21937811	0
9264023	0
1877627	0
12850670	0
114413	0
7930875	0
521541	0
22578513	0
40038346	0
207600	0
2671409	0
82323	0
40386056	0
20679891	0
2400508	0
36806598	0
28862804	0
11291732	0
5950898	0
4039825	0
27090149	0
3561499	0
1727587	0
2770079	0
4257425	0
131120	0
13500997	0
2471085	0
42689629	0
1633157	0
43222423	0
9200321	0
24307271	0
183968	0
23014376	0
407372	0
256550	0
34327508	0
41262343	0
38995726	0
968521	0
47709936	0
3362923	0
11967582	0
3531525	0
33374293	0
5376687	0
5932166	0
7718603	0
23688129	0
36574954	0
3770250	0
30354235	0
28256430	0
8382348	0
45321923	0
115255	0
7708826	0
1115636	0
8419757	0
4503257	0
3948674	0
25474608	0
1877469	0
26017039	0
567924	0
26858565	0
2173511	0
19965775	0
1973260	0
23249298	0
7119520	0
17585982	0
1984415	0
34410740	0
8332576	0
13572524	0
8763891	0
338252	0
47528598	0
25525607	0
33076570	0
42878	0
22344552	0
18822912	0
1650104	0
26824513	0
4656787	0
13739767	0
