1047047	1
7926074	1
35894213	1
47863361	1
1425916	1
32792232	1
1805151	1
146608	1
6404171	1
349889	1
845828	1
324385	1
12714477	1
675837	1
961608	1
3436940	1
576245	1
15157391	1
2016739	1
44283951	1
1449711	1
18171362	1
642170	1
37554140	1
95274	1
4629929	1
1069403	1
1752401	1
1049195	1
1623672	1
3365920	1
3697398	1
2425538	1
321921	1
1947433	1
704533	1
8757356	1
25970	1
2556623	1
537297	1
840527	1
12728457	1
7279378	1
774697	1
2407183	1
1351540	1
19522553	1
6034	1
4266813	1
39191409	1
373118	1
4702368	1
1001928	1
6313441	1
479040	1
165492	1
3215667	1
80128	1
2505003	1
1280312	1
2238468	1
1965662	1
15647675	1
2027	1
1820701	1
416207	1
2346170	1
14033	1
63741	1
8817760	1
333488	1
222811	1
3619183	1
1122562	1
102830	1
26243037	1
12317945	1
32726935	1
1847143	1
394272	1
327404	1
1520221	1
2723810	1
3180285	1
5204358	1
1002980	1
4075984	1
26878593	1
2378334	1
235688	1
308993	1
2964944	1
226310	1
14127707	1
1599817	1
31575483	1
17292648	1
147378	1
6936586	1
24742	1
95888	1
1027807	1
62277	1
18166140	1
672911	1
880896	1
2669810	1
12686962	1
18905810	1
327127	1
1098722	1
14341724	1
24781985	1
683195	1
206644	1
7322038	1
2366011	1
1071769	1
4984601	1
8487	1
13810372	1
169544	1
964982	1
17192084	1
1495631	1
8050929	1
36732	1
61636	1
2613258	1
35158975	1
9678385	1
462002	1
614956	1
1046373	1
2400554	1
689457	1
191850	1
7994	1
3135197	1
641033	1
102952	1
620635	1
2205358	1
30927472	1
41603161	1
1524053	1
28406260	1
732474	1
314465	1
1155205	1
34807771	1
935621	1
67257	1
1847523	1
201155	1
24923255	1
1741558	1
230600	1
18598505	1
251513	1
682324	1
406192	1
87221	1
475659	1
1923692	1
851238	1
960917	1
1888893	1
5043192	1
23275551	1
45469831	1
21888796	1
299674	1
8049742	1
708044	1
3203752	1
546393	1
25858392	1
3565997	1
28147950	1
8327790	1
17268435	1
318040	1
398452	1
5183631	1
32191087	1
2349220	1
12782528	1
18938059	1
1811898	1
396454	1
884053	1
390675	1
383797	1
53630	1
7844651	1
23041978	1
365027	1
158949	1
251883	1
87030	1
1464851	1
172311	1
33589731	1
337457	1
507363	1
5964911	1
3771497	1
220595	1
3738564	1
8862109	1
28923831	1
28265	1
414411	1
2672927	1
3748366	1
1340264	1
1120640	1
7164457	1
516650	1
18944096	1
154954	1
13258462	1
340621	1
1648940	1
1272811	1
2587125	1
892	1
198325	1
17621236	1
4202637	1
1610350	1
23688327	1
31028283	1
1253911	1
7954911	1
251916	1
368423	1
644330	1
550628	1
5117335	1
3959600	1
412908	1
783339	1
12930711	1
453765	1
327791	1
19898	1
184764	1
156699	1
213978	1
2032742	1
1174169	1
204484	1
1230165	1
4000292	1
2198484	1
2309999	1
111412	1
552664	1
1363	1
510924	1
6908877	1
7251962	1
1951561	1
444409	1
39606902	1
35515	1
15287310	1
1165405	1
25395428	1
2350935	1
862189	1
18567210	1
266197	1
18943425	1
4500536	1
11582786	1
12005163	1
172883	1
3637876	1
293115	1
5851541	1
3106826	1
432613	1
703266	1
12721111	1
25412039	1
7575129	1
26467605	1
1185823	1
1001464	1
79797	1
12132404	1
960697	1
5809789	1
1460714	1
12202867	1
4252616	1
1463604	1
21924100	1
541927	1
2797830	1
348879	1
15750646	1
4785005	1
1500708	1
6209858	1
2421203	1
46024	1
419663	1
8127442	1
324005	1
484083	1
13273033	1
317571	1
2137672	1
15251	1
2940315	1
615925	1
27600	1
313649	1
4892304	1
363405	1
33130	1
1318140	1
156416	1
12882067	1
2114811	1
1869224	1
47895	1
946273	1
309683	1
12829569	1
4863371	1
3400598	1
446914	1
127282	1
142475	1
4518072	1
363143	1
199317	1
348257	1
144633	1
318966	1
5383886	1
18105597	1
4682868	1
51256	1
1490166	1
601284	1
172910	1
19640	1
35595455	1
286565	1
38455	1
890482	1
149373	1
305466	1
14598196	1
15069708	1
16697414	1
1476655	1
975299	1
356287	1
15998082	1
1731144	1
20952326	1
15823	1
2553184	1
4444301	1
764281	1
9618008	1
382792	1
1896450	1
3348815	1
1424625	1
26282360	1
1644084	1
7193313	1
24820	1
21126335	1
13445	1
6057663	1
5728576	1
23320974	1
34522522	1
5009664	1
6654969	1
21334857	1
198796	1
4963419	1
28887639	1
29163829	1
10619007	1
294894	1
1557529	1
18211214	1
655861	1
1300635	1
30927651	1
11918680	1
1470520	1
1864916	1
35144554	1
677000	1
10814323	1
2887679	1
996772	1
194311	1
5681452	1
3070181	1
878801	1
35011683	1
351769	1
30856072	1
24041258	1
1982016	1
85762	1
16510	1
4530412	1
218471	1
21736090	1
1818908	1
27837851	1
31439968	1
600039	1
788645	1
7641447	1
9217519	1
1275350	1
18831	1
165917	1
42772251	1
39513904	1
16843758	1
2086704	1
2223716	1
34639215	1
15952537	1
372312	1
114537	1
12141230	1
643342	1
1521283	1
420334	1
1583535	1
58959	1
12205658	1
1358182	1
374657	1
24992136	1
219268	1
741697	1
610182	1
1450971	1
1575704	1
33302	1
212838	1
2633325	1
518931	1
32884038	1
39374	1
4984907	1
1238433	1
640843	1
568270	1
1285823	1
405484	1
1525921	1
1041520	1
2487351	1
458553	1
6810420	1
77127	1
9847458	1
20291616	1
445813	1
9281	1
12591553	1
341646	1
14662815	1
5594103	1
4826588	1
350293	1
2182614	1
903856	1
728892	1
6038092	1
1086815	1
41233307	1
87240	1
796059	1
18928084	1
9850551	1
1884508	1
675681	1
410949	1
14709851	1
31442326	1
6880466	0
677624	0
27449712	0
42444779	0
31773504	0
624053	0
20633829	0
47194655	0
12108249	0
93141	0
44679975	0
30674532	0
15115594	0
15873474	0
10840855	0
9416491	0
1018820	0
2016106	0
4668101	0
22179025	0
9567861	0
27746337	0
7120214	0
4312503	0
23247492	0
28773820	0
420797	0
23994597	0
655567	0
8896474	0
24757521	0
338747	0
16798227	0
2043792	0
26939479	0
26518860	0
994363	0
42530776	0
29283064	0
11909427	0
1433571	0
3308277	0
26201504	0
32028888	0
8113645	0
4244797	0
3145322	0
15464312	0
7707980	0
213177	0
1733579	0
1276579	0
11691760	0
2676706	0
7377081	0
4983711	0
3687634	0
6552419	0
3319713	0
493706	0
7889877	0
226768	0
23982738	0
16510836	0
4484710	0
34371704	0
5730531	0
1268900	0
7009218	0
28051541	0
10049830	0
40181270	0
12708254	0
32126284	0
36942216	0
77658	0
7560278	0
9209196	0
42043110	0
26457459	0
32658506	0
2131611	0
17144154	0
780327	0
4357121	0
1530705	0
4747313	0
23460000	0
653522	0
6532262	0
25898258	0
14985911	0
12108358	0
37733543	0
40168169	0
19829495	0
17370204	0
32992276	0
9668844	0
28452752	0
703360	0
36519832	0
8098902	0
14486041	0
8425809	0
2353036	0
9246623	0
2440365	0
1407207	0
7700619	0
20530547	0
3588239	0
46282770	0
37964795	0
38524416	0
7004441	0
5752274	0
13477406	0
26006081	0
1176054	0
12355954	0
7013288	0
130689	0
3550304	0
23940509	0
8585497	0
256073	0
37089072	0
5504023	0
38586602	0
45137565	0
5788800	0
9070499	0
18087145	0
25445764	0
112708	0
758256	0
30557304	0
36844774	0
2573006	0
1977015	0
14294632	0
31142489	0
1239385	0
868308	0
296927	0
14919706	0
26042755	0
22586566	0
5612791	0
28576024	0
22728409	0
37514111	0
29599225	0
3919980	0
15600162	0
3812348	0
27362265	0
2018917	0
24076951	0
44062945	0
15661594	0
138913	0
3516557	0
1836625	0
5284282	0
27606513	0
44183292	0
40205655	0
8032274	0
2886311	0
15402549	0
16013256	0
4718708	0
13395197	0
135402	0
14381097	0
18828290	0
36264927	0
32243461	0
3658384	0
136111	0
16985110	0
43163619	0
11878608	0
8494591	0
1467223	0
12424833	0
3946076	0
30437939	0
111392	0
195975	0
2089394	0
8986913	0
89857	0
5378148	0
3148132	0
37040151	0
16158398	0
22523397	0
19484857	0
16107426	0
7256576	0
29118656	0
4711018	0
23374113	0
36225734	0
21250614	0
5812272	0
15003874	0
757960	0
4928142	0
18908828	0
12623136	0
2383382	0
1477759	0
25045078	0
3137359	0
3214907	0
138159	0
14689843	0
33222737	0
11250600	0
2374692	0
21889097	0
572069	0
29979635	0
27278113	0
38670519	0
13991038	0
17401368	0
6369222	0
13236412	0
43236145	0
34083665	0
5192353	0
32236823	0
41999862	0
6135496	0
7175581	0
5315653	0
334865	0
3005244	0
1511355	0
36449254	0
20029377	0
49329948	0
6278978	0
108417	0
1607659	0
23044013	0
6904783	0
23245788	0
56624	0
12415673	0
134107	0
43412652	0
860047	0
186717	0
28244973	0
4614053	0
12153673	0
1649025	0
14440301	0
3919813	0
28092464	0
16889601	0
1570217	0
129282	0
5254565	0
24698639	0
46744984	0
44929782	0
21179073	0
992241	0
4383747	0
31651817	0
29580401	0
1862502	0
18723262	0
1530405	0
29295034	0
34577663	0
9169532	0
47640599	0
2578436	0
15708774	0
1305390	0
2219143	0
270926	0
30506734	0
44145245	0
2904025	0
7617066	0
131850	0
2987190	0
41538741	0
6837672	0
2642287	0
6478939	0
915192	0
17459877	0
8949772	0
31983816	0
421116	0
28783445	0
1452624	0
6184810	0
32238006	0
8705146	0
3094659	0
9955467	0
10684944	0
35108902	0
119652	0
4830928	0
10025707	0
40614	0
16082360	0
1575832	0
8693440	0
6529675	0
34007231	0
7357202	0
43220779	0
36610060	0
43099485	0
18683525	0
22578893	0
709278	0
26663783	0
30850196	0
40305124	0
501510	0
1261098	0
9346412	0
27612509	0
35751366	0
407623	0
23399885	0
5546774	0
13765244	0
9515848	0
6029765	0
38761725	0
7380567	0
430215	0
861221	0
21568984	0
4907017	0
23218139	0
5583154	0
2627849	0
19608719	0
299797	0
45494392	0
45659399	0
33698366	0
23918703	0
7208999	0
1854705	0
41996228	0
11189172	0
325229	0
329316	0
233241	0
772112	0
3515347	0
2353593	0
12303925	0
544306	0
30866314	0
28183469	0
15794755	0
151573	0
26702534	0
336576	0
51298	0
34598841	0
2141098	0
1520208	0
27068211	0
28040412	0
8324076	0
9531069	0
4254794	0
40130806	0
19305289	0
40685008	0
12160787	0
21931690	0
1452340	0
1090535	0
2172712	0
1698323	0
24613076	0
9985786	0
31196262	0
3741300	0
18180396	0
13331430	0
21707312	0
27060	0
5798803	0
15485620	0
16390920	0
12654504	0
6203836	0
28615721	0
340381	0
19179312	0
26956253	0
15385253	0
2990743	0
3115744	0
1718590	0
15947293	0
6258700	0
3870069	0
10487651	0
414832	0
3829882	0
11868708	0
3741782	0
40181476	0
1367898	0
4424902	0
1033208	0
13288531	0
1929871	0
194811	0
2375439	0
1191474	0
3284161	0
6703372	0
3592209	0
1648217	0
41068218	0
27140626	0
45601659	0
14751215	0
2411979	0
14697450	0
21378303	0
25223966	0
9695678	0
8650027	0
5495182	0
14055796	0
1708240	0
18423860	0
1463056	0
620093	0
20147985	0
129774	0
15582796	0
1615	0
32046760	0
20812163	0
30595395	0
9783652	0
8695710	0
11531373	0
23070233	0
8793435	0
138141	0
12164779	0
12274626	0
6225903	0
36299419	0
2797895	0
6517710	0
94645	0
36351080	0
7349633	0
22631220	0
736383	0
94737	0
8356178	0
4018584	0
24681569	0
3993091	0
6200947	0
9988103	0
33270260	0
30360250	0
29735739	0
11442620	0
16500675	0
1726026	0
2823215	0
3676745	0
4516087	0
11152665	0
12749962	0
17102750	0
3943538	0
1571880	0
13033480	0
26539157	0
