8615420	1
31745858	1
999536	1
416730	1
718044	1
1975883	1
54861	1
149237	1
7679503	1
1037687	1
1170619	1
433071	1
18662048	1
19815499	1
291939	1
1148679	1
2255110	1
10878	1
47106911	1
18090	1
864	1
5646	1
294376	1
8872902	1
42650	1
20828591	1
4082946	1
18661977	1
29160942	1
5678514	1
176479	1
462624	1
27684	1
2484403	1
3034313	1
82757	1
28607	1
5383431	1
35074636	1
1647655	1
34113	1
5450694	1
477178	1
30875295	1
33832996	1
128917	1
28633217	1
2606338	1
11417953	1
12765523	1
177278	1
15728850	1
24730924	1
18662018	1
4966692	1
40243986	1
2508428	1
3141205	1
50918	1
25849671	1
7724282	1
858839	1
2858272	1
1222244	1
1532647	1
10612	1
5093091	1
5780736	1
35270428	1
504974	1
7030791	1
12807	1
36054636	1
1826160	1
3662104	1
15947120	1
7668742	1
6027048	1
3644223	1
234630	1
48661736	1
19146239	1
22801915	1
35877073	1
36301114	1
85748	1
2784422	1
892509	1
438428	1
1440270	1
148102	1
335179	1
200511	1
214934	1
34435718	1
2026829	1
8245845	1
19424239	1
11161781	1
452434	1
172959	1
28824	1
752310	1
2249731	1
147847	1
141920	1
32625242	1
1024345	1
382466	1
7952467	1
29511	1
731896	1
3563437	1
8655371	1
718112	1
7626508	1
2118504	1
16255742	1
655140	1
1346158	1
2438933	1
4102898	1
36107151	1
5401981	1
1564758	1
703371	1
12292911	1
156674	1
19048753	1
17750209	1
36212145	1
31525803	1
13538675	1
16598341	1
33635883	1
3907977	1
25978572	1
956428	1
322546	1
45995	1
6422070	1
20470538	1
36586496	1
159967	1
1135580	1
72311	1
38633616	1
26034	1
376270	1
105329	1
2000031	1
2921827	1
437035	1
4678931	1
18953183	1
262823	1
164601	1
591279	1
7660403	1
28089265	1
21494813	1
1887763	1
5547077	1
30861089	1
331015	1
6844857	1
21270881	1
1082162	1
338164	1
6515645	1
907895	1
450526	1
1884868	1
3651963	1
29818	1
329488	1
36741	1
4459811	1
11065202	1
1563374	1
153994	1
526012	1
8758	1
2982759	1
44248931	1
7600596	1
1713551	1
74259	1
749813	1
1933914	1
206682	1
8193744	1
932019	1
55857	1
1147864	1
400318	1
55167	1
399747	1
262438	1
285438	1
3487145	1
2362359	1
752	1
770664	1
7828551	1
13789249	1
12425	1
19693409	1
5751268	1
532824	1
21337093	1
18938226	1
7941604	1
269219	1
34985215	1
8572928	1
2121909	1
3740271	1
17780835	1
375211	1
33718	1
331073	1
11275060	1
400646	1
26914646	1
79495	1
3948448	1
32003477	1
22084884	1
298223	1
201964	1
31439896	1
193089	1
973669	1
19796039	1
7825135	1
1241233	1
669480	1
22706327	1
8240	1
3677921	1
16768723	1
1285393	1
324138	1
2653427	1
101177	1
153169	1
6523944	1
565145	1
468919	1
46364595	1
30555	1
4944464	1
62131	1
16829939	1
2385635	1
392734	1
24753139	1
30456	1
43486	1
2433	1
86321	1
163466	1
2064100	1
23277840	1
18171909	1
2091369	1
1176941	1
6418322	1
898007	1
24410362	1
21309237	1
1399037	1
8553107	1
4546092	1
399296	1
256003	1
1117945	1
2038478	1
1155575	1
725885	1
27964690	1
57332	1
2674342	1
855002	1
8984634	1
42639808	1
586840	1
29544814	1
1434656	1
74097	1
13090518	1
2447	1
6542184	1
14317	1
5433618	1
19100410	1
36981272	1
5441158	1
165851	1
44517	1
74142	1
4468025	1
66569	1
23247730	1
38522	1
14727360	1
416605	1
4212632	1
2455462	1
4291228	1
146269	1
3406801	1
70149	1
34023179	1
1898165	1
103152	1
523537	1
53504	1
9596365	1
207775	1
1672195	1
7973497	1
17422873	1
20111408	1
1565418	1
4447871	1
858784	1
246225	1
290595	1
391255	1
2249746	1
18235694	1
10151	1
29839	1
1159074	1
25021613	1
46973472	1
24067	1
315981	1
28231513	1
3982770	1
791358	1
6084323	1
7552208	1
393522	1
10633	1
1899160	1
771413	1
854366	1
140622	1
335516	1
12137436	1
51594	1
32964356	1
183165	1
24214075	1
1134198	1
352939	1
318901	1
385852	1
945883	1
150201	1
47863329	1
176386	1
5661485	1
9116842	1
162713	1
187668	1
9384201	1
1117019	1
188844	1
49190028	1
946504	1
21871024	1
37410424	1
2267183	1
180868	1
3850485	1
351868	1
2168754	1
12963609	1
44312	1
2577264	1
2045792	1
354893	1
21483698	1
3354559	1
47406141	1
15162420	1
2081776	1
73830	1
113362	1
8822554	1
16763442	1
185628	1
2644798	1
551219	1
2072592	1
708759	1
16480	1
186932	1
46356257	1
162730	1
3509663	1
4196054	1
210093	1
277766	1
14598036	1
187327	1
16665892	1
20787	1
282752	1
10097204	1
19918814	1
2655376	1
13253038	1
12010314	1
39746332	1
205135	1
2624570	1
172013	1
35881006	1
934602	1
42794782	1
63146	1
794021	1
25236992	1
766029	1
14123082	1
1398990	1
1479895	1
455403	1
26101289	1
830483	1
26984	1
631159	1
300050	1
773685	1
484143	1
40489847	1
2333648	1
673994	1
17841134	1
3064910	1
13492807	1
103078	1
27729289	1
148099	1
2512066	1
2947456	1
89753	1
12297671	1
29500855	1
63684	1
169588	1
1306446	1
3556734	1
990186	1
1075006	1
91751	1
34351042	1
169592	1
14016381	1
18938195	1
20574642	1
24494484	1
1986735	1
214317	1
5974915	1
1443396	1
3073402	1
3608510	1
474359	1
145680	1
1161691	1
22499453	1
37660749	1
51028	1
34005821	1
269630	1
719317	1
25121	1
8385721	1
20644831	1
3274459	1
32065	1
850492	1
39301	1
14592954	1
50187	1
3627676	1
532827	1
12258892	1
690897	1
31026831	1
2465278	1
18935020	1
18169570	1
2035262	1
35475684	0
20570279	0
1838996	0
12893120	0
14966966	0
26015857	0
25240439	0
1478834	0
37661114	0
7183883	0
38942504	0
3613682	0
27232333	0
26809343	0
4939835	0
1106937	0
18440815	0
23264181	0
5916657	0
1864323	0
384808	0
2249628	0
2241658	0
23647679	0
24974390	0
1652059	0
33124999	0
42163880	0
6180507	0
37086087	0
14710082	0
49103419	0
15866526	0
8160647	0
3149664	0
27778538	0
8673495	0
1335332	0
3665438	0
16698240	0
5419754	0
20868678	0
2566162	0
23733969	0
11192298	0
3045256	0
4588612	0
27742201	0
9801743	0
17192903	0
26910999	0
34177118	0
36902249	0
21807004	0
15333225	0
8208218	0
15165942	0
10322107	0
224690	0
4394070	0
12346047	0
122808	0
11732514	0
6321966	0
409712	0
11293331	0
4458809	0
38131123	0
428433	0
5334410	0
3285407	0
1141748	0
110905	0
19691263	0
229497	0
4059216	0
4939240	0
367121	0
12417298	0
12422312	0
14470129	0
47414318	0
9994958	0
17890638	0
33055054	0
39165754	0
29664949	0
985423	0
2749295	0
31232302	0
30840962	0
21179073	0
3527080	0
15198441	0
24640712	0
974987	0
13702720	0
1185739	0
32390973	0
105608	0
2353988	0
23545298	0
40192860	0
15877895	0
33878457	0
269343	0
16880745	0
40650081	0
7885173	0
36834246	0
1864848	0
46696079	0
28048516	0
42755601	0
80405	0
9752369	0
1456934	0
3109933	0
36811727	0
645053	0
3456698	0
4790280	0
7248283	0
8836679	0
3142162	0
3435555	0
13253400	0
2985953	0
11678831	0
4981874	0
16199282	0
5304847	0
22096935	0
1379324	0
4555709	0
4809933	0
18262051	0
47457916	0
35911375	0
11153891	0
14443876	0
30048364	0
4358532	0
1631187	0
29565709	0
10852	0
761812	0
5309710	0
2485070	0
6761564	0
8495830	0
37901567	0
35823540	0
11105073	0
47862808	0
9137612	0
5340211	0
1259006	0
182833	0
19622218	0
1849363	0
3895317	0
17706660	0
7292693	0
6582040	0
24007583	0
27365514	0
847647	0
129582	0
12273120	0
33169231	0
23935921	0
11984861	0
2390638	0
2101536	0
32450833	0
17060962	0
220114	0
1063041	0
10720483	0
7112605	0
158030	0
3050007	0
4190393	0
25350910	0
130242	0
12492442	0
21735901	0
4738374	0
28632	0
2310572	0
3616069	0
261599	0
8660110	0
8804400	0
924664	0
2451379	0
161774	0
5276377	0
3810204	0
16373548	0
35801956	0
3535628	0
1482096	0
2539844	0
15931121	0
39612699	0
15223749	0
318689	0
3658038	0
18123775	0
2295622	0
2468076	0
131957	0
4736435	0
30464103	0
35895060	0
47474743	0
290669	0
23786492	0
38832523	0
24960307	0
20847232	0
39135159	0
3709742	0
2403481	0
409671	0
109600	0
3232473	0
13849902	0
40214464	0
7916725	0
12150757	0
48045870	0
148457	0
29252	0
17727066	0
13712571	0
1389387	0
26929357	0
25392208	0
35171274	0
2475437	0
2221118	0
37267075	0
5032672	0
19945805	0
3330975	0
12817320	0
18541089	0
137314	0
47686959	0
7083139	0
2850449	0
8915647	0
447610	0
41071912	0
29040446	0
3251560	0
21634687	0
32937969	0
47864414	0
12691978	0
583101	0
130509	0
13493591	0
10669371	0
18099867	0
17225516	0
5328484	0
39620900	0
26298081	0
336481	0
17381891	0
33184884	0
23572200	0
8934260	0
30880859	0
1182371	0
12692292	0
8819387	0
11690782	0
10808531	0
921111	0
8475956	0
40790572	0
1102118	0
8620477	0
15996381	0
8626854	0
10997601	0
860445	0
3433407	0
10652407	0
40864175	0
34268186	0
3217324	0
4530724	0
1813623	0
31588425	0
18641056	0
1050772	0
44249244	0
348816	0
8521	0
8251244	0
3191204	0
19364964	0
10042026	0
1760840	0
4107927	0
7175731	0
12451813	0
40076610	0
22375109	0
1927622	0
9345223	0
25457916	0
7916446	0
30861312	0
1463358	0
8394854	0
28758648	0
1901715	0
5002032	0
15384415	0
4157576	0
33193439	0
2114543	0
2019543	0
11915695	0
40605433	0
11820842	0
39804918	0
2018888	0
3594209	0
21874343	0
2918047	0
28810844	0
20057424	0
4151623	0
12294059	0
5678669	0
1441488	0
813240	0
4149613	0
6211553	0
22602669	0
3887477	0
162282	0
15518436	0
25666626	0
15397280	0
27999728	0
39466946	0
6398489	0
20050331	0
62075	0
14322145	0
9509608	0
7340020	0
131138	0
12626224	0
14022017	0
534824	0
35131590	0
5805821	0
9413630	0
15699448	0
31790711	0
180993	0
23776124	0
5860390	0
11355268	0
47124	0
477945	0
12882369	0
129426	0
3542721	0
3928003	0
1871091	0
5140379	0
179871	0
12048270	0
127051	0
38587149	0
23922759	0
7312405	0
22886817	0
2480659	0
179664	0
251192	0
11044020	0
137611	0
36863889	0
23051007	0
42281962	0
1759	0
4603390	0
12436335	0
30628127	0
9587489	0
21789341	0
18155042	0
28892570	0
39702156	0
13560962	0
28332590	0
795227	0
6551852	0
33892011	0
2512918	0
18661782	0
13368530	0
6704535	0
3492391	0
3476009	0
7237	0
8538468	0
20533976	0
7202227	0
26696816	0
16185816	0
3216539	0
4881611	0
30863956	0
32912070	0
36478170	0
3747254	0
10639524	0
36875654	0
40272405	0
3093488	0
5560093	0
650756	0
1113341	0
19922804	0
21255711	0
10765566	0
23311366	0
18861910	0
2918351	0
18148607	0
27242733	0
24924706	0
90929	0
8135389	0
23705865	0
27665082	0
38408215	0
23098404	0
532495	0
20274436	0
15489870	0
27107545	0
12075144	0
12461615	0
5790087	0
31949083	0
151425	0
34537602	0
9642883	0
14532704	0
9699534	0
21712765	0
8274726	0
2110344	0
1712257	0
2675393	0
29114831	0
12799443	0
38537616	0
27284604	0
24034727	0
1229464	0
32971787	0
3646382	0
11054937	0
35122591	0
9517069	0
4648054	0
47777358	0
2782333	0
16874386	0
37279214	0
5715920	0
23848029	0
30874030	0
42672192	0
28564863	0
222661	0
32813582	0
4025816	0
44332776	0
22474212	0
5068726	0
32403917	0
1309105	0
7185857	0
104827	0
