438022	1
877441	1
17882292	1
4521946	1
6729715	1
172175	1
125634	1
3008959	1
6288	1
649886	1
540704	1
34658	1
1897810	1
22753	1
588241	1
22357464	1
84692	1
36937	1
3066620	1
606101	1
33057	1
43281	1
342561	1
178449	1
17238662	1
636275	1
823006	1
813752	1
70957	1
863475	1
2111048	1
190815	1
1562493	1
2193870	1
30906	1
648011	1
374810	1
558370	1
16684569	1
517951	1
2057583	1
122628	1
1024142	1
1130943	1
4428840	1
1818574	1
2567496	1
1813588	1
16827793	1
150578	1
125540	1
16727290	1
165634	1
19174616	1
22272430	1
1485116	1
19167679	1
251762	1
2325792	1
84211	1
3613601	1
1302280	1
125766	1
26595097	1
29973275	1
21347057	1
449547	1
573460	1
17705176	1
3786874	1
69093	1
2916526	1
28721	1
630354	1
1521681	1
1574527	1
1946610	1
1165543	1
38387211	1
15164673	1
420853	1
3770573	1
15110565	1
320154	1
35064425	1
1442031	1
3839461	1
308915	1
3336	1
494313	1
2975597	1
308964	1
556358	1
5172258	1
7044081	1
47922	1
32592091	1
377427	1
3436	1
431637	1
25767	1
37312777	1
21392941	1
2736896	1
44021	1
125754	1
81605	1
34712847	1
15506	1
2445948	1
15002414	1
586664	1
460046	1
7672626	1
634796	1
49803	1
42446	1
855297	1
57704	1
125627	1
122631	1
2232012	1
3837885	1
201228	1
364353	1
11180	1
19171969	1
18350292	1
7424477	1
385155	1
37116347	1
18248185	1
166849	1
375710	1
22052198	1
390076	1
19701	1
8576385	1
153231	1
417157	1
223338	1
2369	1
2952670	1
2108445	1
3046701	1
2573359	1
410259	1
77788	1
28548688	1
386986	1
8963409	1
36487	1
730123	1
4440305	1
396572	1
227680	1
2890842	1
2393712	1
177234	1
73333	1
30463	1
15999544	1
5193384	1
153663	1
20815737	1
860131	1
292722	1
33778	1
11717836	1
489638	1
24354924	1
16389	1
10455319	1
284510	1
758094	1
22719	1
1784021	1
3115604	1
26574	1
761788	1
5510	1
8525599	1
400095	1
170581	1
9663	1
124954	1
1420197	1
67783	1
2230601	1
3868059	1
26295	1
18930434	1
156999	1
214717	1
694895	1
44060	1
3511021	1
147311	1
6458	1
180283	1
42538288	1
539758	1
2010943	1
534047	1
921055	1
207600	1
531562	1
54317	1
29593791	1
17429884	1
28059672	1
346664	1
193333	1
5936193	1
71966	1
223149	1
417020	1
29511	1
14626	1
8203606	1
5737055	1
54169	1
99040	1
905664	1
66982	1
18480	1
4243125	1
382344	1
1006085	1
656307	1
467145	1
20852885	1
2011377	1
2638840	1
125795	1
3830373	1
125363	1
1431830	1
125787	1
261966	1
15479687	1
1609192	1
26049	1
1460640	1
406363	1
1593115	1
2146535	1
23009508	1
246497	1
259963	1
47481	1
8302	1
2602533	1
4091198	1
841099	1
27858202	1
236060	1
215865	1
28735980	1
14322418	1
1870203	1
5830908	1
3675774	1
74634	1
31383735	1
23911325	1
408283	1
4758967	1
24019	1
244207	1
136654	1
588796	1
20555890	1
530230	1
516754	1
60411	1
8183123	1
18493095	1
623993	1
120034	1
536698	1
614371	1
295027	1
38066257	1
272074	1
252733	1
1631115	1
12764984	1
1604321	1
1687270	1
28135	1
2691410	1
351013	1
11425445	1
212204	1
1399022	1
5871200	1
440038	1
27005706	1
2924002	1
38553983	1
125493	1
8037082	1
186748	1
4927	1
24417	1
6832364	1
36101762	1
125578	1
2571244	1
2591095	1
462408	1
228551	1
38762388	1
25955086	1
155045	1
534977	1
208068	1
461364	1
125341	1
2826658	1
1896897	1
1850860	1
11034	1
360753	1
788091	1
520542	1
177307	1
367431	1
38317488	1
156005	1
34533583	1
142983	1
149353	1
92943	1
3554662	1
27937488	1
19630739	1
843051	1
1190931	1
16736	1
438004	1
3090309	1
234196	1
20268	1
17843917	1
748937	1
259782	1
19673	1
17553375	1
677751	1
5423664	1
2572390	1
152735	1
5902	1
2260168	1
9974	1
1073737	1
1860065	1
267512	1
303261	1
125156	1
43134145	1
18595	1
17781	1
1556580	1
1399139	1
2781540	1
42058536	1
1135092	1
67258	1
304559	1
2163477	1
41441	1
910691	1
22112912	1
1958858	1
21932264	1
997410	1
27680	1
2102172	1
209901	1
9136608	1
8626854	1
23284	1
39033	1
480894	1
229195	1
1437043	1
450004	1
1212214	1
7586766	1
31986374	1
125392	1
2362849	1
2137163	1
125368	1
67733	1
1136715	1
157743	1
30979041	1
140558	1
3850841	1
21485871	1
19200224	1
6749892	1
54969	1
60827	1
13972	1
230834	1
15487	1
455960	1
903222	1
15148069	1
524408	1
137209	1
262002	1
21981063	1
1034969	1
462221	1
189405	1
125784	1
46377	1
79270	1
11237073	1
151328	1
13971516	1
3109374	1
6295	1
4175320	1
389718	1
1814702	1
19151489	1
32451017	1
497367	1
25167165	1
305742	1
18863854	1
5145401	1
50387	1
928268	1
13188207	1
5662719	1
10088788	1
197569	1
489505	1
6432760	1
275519	1
140232	1
88801	1
1849260	1
10635	1
125342	1
366213	1
255150	1
1962263	1
164536	1
652193	1
30554	1
19370746	1
3519206	1
11887947	1
1030125	1
861599	1
34944468	1
1160038	1
839407	1
857633	1
65436	1
147149	1
266743	1
51814	1
11657	1
393676	1
1629040	1
5976	1
524024	1
118324	1
3216792	1
2072627	1
174128	1
1015304	1
94576	1
2431131	1
1465378	1
663220	1
345258	1
16905	1
45280663	1
20436015	1
105439	1
301247	1
3158402	1
31366448	1
4415132	1
1625431	1
1556078	1
59314	1
28005	1
80873	1
3773703	0
11609355	0
3435902	0
41224884	0
113362	0
1067715	0
1796686	0
16886369	0
2487359	0
16893762	0
39230797	0
37809817	0
9286790	0
22053862	0
16570870	0
507172	0
7116046	0
2407330	0
27600514	0
8586441	0
23664358	0
14613694	0
34823184	0
3537	0
11490999	0
21337274	0
7989840	0
2476315	0
2681616	0
9879179	0
399233	0
49373	0
3122914	0
26435432	0
19713696	0
38023099	0
8321195	0
25570007	0
15808380	0
3664100	0
18234254	0
32626136	0
42883631	0
375195	0
32846194	0
34695089	0
3092139	0
12149658	0
1594112	0
13991614	0
14919893	0
2442759	0
37416370	0
963095	0
416610	0
40104468	0
15653628	0
993191	0
936533	0
1588699	0
119249	0
27921009	0
2228201	0
17386373	0
17004395	0
26041850	0
8924333	0
6512027	0
477789	0
5836928	0
5775938	0
21038377	0
365796	0
4419013	0
25388607	0
4339631	0
41353339	0
597636	0
30261058	0
10078207	0
20474498	0
28623427	0
10345776	0
15974322	0
1513069	0
3655925	0
522632	0
32269425	0
22614480	0
26487186	0
40035991	0
20773479	0
34871409	0
20316103	0
1750251	0
1369492	0
16099963	0
5061287	0
1387123	0
21013002	0
24500990	0
10547954	0
5987491	0
37167854	0
12750873	0
18934863	0
4739241	0
1437694	0
9799930	0
31515760	0
137465	0
41233207	0
503641	0
28839304	0
5517132	0
16912902	0
912675	0
1899503	0
100386	0
18002411	0
33070087	0
108718	0
15768605	0
124408	0
18918639	0
36709400	0
30338311	0
14032596	0
49352427	0
7757109	0
14128808	0
17767088	0
24153140	0
3574505	0
3754938	0
5573850	0
3870991	0
22380709	0
27403750	0
5146323	0
26014593	0
9484628	0
419608	0
41899439	0
41993532	0
7678729	0
40846216	0
17850977	0
145319	0
13100149	0
7539625	0
45314885	0
1470513	0
11688529	0
2425738	0
259774	0
33232048	0
14180223	0
328794	0
49132	0
14188593	0
11518590	0
2707084	0
884214	0
38019040	0
9325701	0
28688492	0
5678548	0
9348476	0
8181214	0
2012403	0
6460739	0
274531	0
5879278	0
23129733	0
26255	0
14510144	0
4478031	0
25663135	0
41427354	0
1014172	0
9646548	0
2401321	0
3022808	0
2327247	0
12097851	0
3626204	0
417442	0
11638388	0
3583497	0
3194341	0
31375662	0
32654922	0
1924074	0
30158283	0
947146	0
19372669	0
129653	0
4984829	0
22248779	0
47103473	0
20831574	0
4271525	0
45605229	0
7534838	0
5221289	0
8422279	0
20393717	0
4626547	0
17011417	0
7708826	0
29817574	0
36443793	0
3691795	0
12139114	0
42897077	0
14534910	0
227343	0
39414352	0
33709246	0
3744442	0
22625134	0
31367961	0
17244816	0
26412072	0
9605085	0
7671705	0
26574166	0
19949938	0
1999560	0
6876368	0
37603058	0
326019	0
31671916	0
17346041	0
7124611	0
38654867	0
30491969	0
652229	0
5172570	0
42367337	0
22463181	0
855509	0
4073635	0
32311329	0
2207368	0
41475774	0
16748	0
34428680	0
5513786	0
32893927	0
22257982	0
22099455	0
133181	0
25644994	0
5509168	0
7767833	0
42787341	0
8594688	0
10821358	0
9952841	0
2275343	0
7778045	0
9223997	0
13943755	0
16883240	0
11670001	0
19428914	0
2331407	0
13458092	0
19715	0
2940995	0
1302375	0
644615	0
9498748	0
10983383	0
3258450	0
3340884	0
554775	0
4643539	0
8778381	0
38764559	0
37321056	0
15566334	0
3660234	0
19129964	0
8523281	0
42965493	0
57769	0
512302	0
8566172	0
2222456	0
22762849	0
34410476	0
15303476	0
26941874	0
17088992	0
17200426	0
6492480	0
5874776	0
2441644	0
34695333	0
44477092	0
31110410	0
18423239	0
3360174	0
173129	0
2327717	0
1765930	0
4058815	0
9634231	0
32802497	0
1111005	0
3179617	0
5867949	0
1147508	0
31124054	0
1594955	0
8002259	0
961817	0
14584093	0
26534161	0
12199883	0
378153	0
13846475	0
34338632	0
36672870	0
41295245	0
31332634	0
2573538	0
14674159	0
7592652	0
1422792	0
20537928	0
18166118	0
1235890	0
6160284	0
24885892	0
17466697	0
3582312	0
3546255	0
19521750	0
12761707	0
7348701	0
137825	0
8499947	0
1106854	0
5493929	0
25450013	0
23678295	0
91028	0
39577001	0
25162686	0
5153211	0
6436604	0
23672656	0
1523569	0
4479765	0
24905166	0
38107414	0
23011379	0
5388928	0
7718628	0
2919378	0
604431	0
43228635	0
6682331	0
662046	0
38579249	0
47184706	0
29605853	0
7066239	0
3941420	0
5961451	0
9827131	0
6752750	0
13844372	0
11936559	0
8395787	0
1509593	0
1222822	0
31672223	0
3939675	0
111142	0
14630200	0
38443430	0
17344357	0
13130839	0
45407985	0
19186711	0
2641279	0
8004163	0
12417438	0
11929956	0
12521911	0
3771609	0
32440598	0
67066	0
25164574	0
25790779	0
23140748	0
23478247	0
33974505	0
3668747	0
23479546	0
13052940	0
518913	0
1779564	0
2049412	0
9450296	0
19712417	0
44470410	0
45541629	0
2540061	0
12610232	0
7440422	0
22118572	0
11821623	0
1963688	0
265672	0
1165915	0
4026089	0
10621485	0
9998731	0
5728240	0
2635579	0
1403730	0
7736571	0
5823159	0
27959657	0
23146643	0
5821991	0
3799915	0
1251593	0
18137455	0
35804354	0
20098760	0
6017153	0
47322377	0
3226546	0
23462790	0
7541477	0
16270304	0
3361570	0
24310951	0
41729702	0
19853477	0
127830	0
6765370	0
7534293	0
23101430	0
39163671	0
36523574	0
549612	0
18061505	0
24503195	0
457387	0
246143	0
3230715	0
32467246	0
24193569	0
1713117	0
21419686	0
987460	0
4680317	0
23078345	0
15641171	0
2184535	0
37651936	0
10638975	0
3011083	0
29803165	0
1476064	0
14433405	0
23198980	0
4769325	0
7334869	0
7035851	0
1279357	0
35630743	0
9509553	0
22029856	0
504148	0
504145	0
26304324	0
7091866	0
18956305	0
873636	0
23548751	0
24353585	0
38750898	0
2865660	0
490783	0
25185781	0
8138446	0
6714812	0
21038708	0
21201099	0
28730817	0
4772331	0
