30874295	1
20747974	1
2223177	1
432562	1
2097616	1
87933	1
84804	1
5950567	1
404507	1
1095495	1
578423	1
12283673	1
7496184	1
7463656	1
379497	1
5441044	1
797583	1
1589242	1
3081125	1
23943935	1
1891073	1
2447253	1
6737426	1
29268757	1
48343234	1
60963	1
1245556	1
6014436	1
485363	1
1392756	1
105697	1
6606120	1
8981588	1
454475	1
31535	1
1221775	1
286369	1
7996519	1
779751	1
14384820	1
10704782	1
12811306	1
4610962	1
7424489	1
95541	1
20000178	1
8918840	1
352695	1
1851210	1
126310	1
1469390	1
32515456	1
2306716	1
3194148	1
3476369	1
193303	1
22248779	1
114560	1
6029944	1
8137099	1
15990068	1
85451	1
4453790	1
118539	1
3600817	1
172701	1
40869264	1
44969225	1
16507508	1
450874	1
18963637	1
1462441	1
18018771	1
993764	1
28009919	1
1586592	1
3727737	1
3901012	1
391102	1
1963680	1
4371353	1
147751	1
461211	1
262223	1
9747807	1
5993027	1
25800877	1
14372370	1
8530475	1
28745207	1
162539	1
700806	1
1164088	1
26119200	1
3080476	1
4172536	1
24342325	1
2673651	1
217489	1
844927	1
14872743	1
268111	1
1442182	1
338540	1
253776	1
240565	1
858575	1
1557607	1
17485007	1
30870472	1
2266973	1
6525542	1
3551835	1
10791881	1
33542217	1
15583143	1
14594574	1
25008	1
47320825	1
6665806	1
35559083	1
48862709	1
412125	1
9735542	1
5037566	1
116034	1
1140236	1
323322	1
20390181	1
1814890	1
8974743	1
224593	1
1325197	1
160979	1
2333253	1
1924255	1
1683490	1
64014	1
2461754	1
12022961	1
1004884	1
18421774	1
10835704	1
21406728	1
6089010	1
159979	1
34726	1
3648586	1
2072949	1
36907	1
37209928	1
30865068	1
40030178	1
556077	1
1819766	1
471370	1
4276099	1
20749343	1
9686259	1
1856611	1
249708	1
2711366	1
161350	1
971534	1
6914833	1
39709551	1
8418557	1
25197884	1
13656486	1
30297361	1
21592972	1
2697243	1
6200947	1
556101	1
347084	1
277818	1
8785916	1
98650	1
39132413	1
914183	1
3561991	1
26450386	1
2690683	1
28722503	1
8216072	1
548820	1
425452	1
24950552	1
933878	1
13315227	1
25862453	1
8087467	1
3211066	1
34757305	1
30864	1
10043264	1
13169984	1
877220	1
1325269	1
20865247	1
3310728	1
55271	1
166702	1
6602349	1
1129920	1
1695	1
411372	1
69259	1
2706945	1
10178091	1
26388	1
15206098	1
168312	1
3168256	1
1244950	1
6526677	1
39347460	1
17782763	1
26996011	1
2023	1
200801	1
21551737	1
30665370	1
56126	1
642338	1
17436700	1
11765653	1
411013	1
344992	1
1664711	1
1235941	1
30864117	1
3232443	1
135768	1
31843232	1
7563954	1
8619548	1
46579116	1
841034	1
313879	1
787898	1
17574529	1
6080724	1
91749	1
12960865	1
88374	1
34521008	1
1293263	1
711	1
3236480	1
425937	1
311735	1
15381020	1
426049	1
894810	1
235094	1
2094345	1
1587407	1
3054279	1
26842169	1
4925929	1
8196801	1
452239	1
91438	1
802340	1
23278974	1
1428021	1
2919986	1
4533817	1
24214453	1
397997	1
1623825	1
91535	1
15609044	1
4176802	1
8044878	1
49120689	1
7177381	1
31459359	1
106031	1
3540231	1
23730735	1
3274639	1
1341768	1
213792	1
21611506	1
1602086	1
82132	1
37315707	1
825958	1
18725712	1
21304243	1
27774477	1
2189689	1
317684	1
40863726	1
1941652	1
2029825	1
9859505	1
353066	1
2147935	1
7696464	1
33316312	1
143433	1
11630962	1
10294377	1
25327669	1
212782	1
23983736	1
7441	1
750694	1
72435	1
5732341	1
36399367	1
1930312	1
2565359	1
292123	1
2935166	1
2434350	1
383211	1
4371996	1
7625494	1
125868	1
952904	1
170625	1
11448037	1
1321810	1
24889384	1
167279	1
33926838	1
26968248	1
3270433	1
7675734	1
2199146	1
124151	1
1656552	1
7252463	1
627167	1
2083743	1
405411	1
25016623	1
2839784	1
2380087	1
18952666	1
3592692	1
165288	1
383663	1
29504636	1
1223460	1
181892	1
1768549	1
5486241	1
23359962	1
2660116	1
31358233	1
43226	1
576605	1
2510623	1
12915112	1
31068182	1
806083	1
30488463	1
34394873	1
12918681	1
2509549	1
16989941	1
6275184	1
20839615	1
14845061	1
3935145	1
34705734	1
1743443	1
246445	1
30033862	1
75373	1
2172982	1
42989057	1
5831027	1
2287909	1
4333527	1
2701247	1
8110139	1
28141882	1
8728584	1
350415	1
3375224	1
25923896	1
7271235	1
2947200	1
2445948	1
1026131	1
3121569	1
1251942	1
9648004	1
306918	1
24620439	1
106492	1
3451365	1
972203	1
4356863	1
1468341	1
96052	1
9727104	1
2653154	1
773032	1
27718126	1
427446	1
1064114	1
269860	1
6018679	1
690907	1
11318785	1
26636227	1
9515198	1
943838	1
498959	1
5699072	1
410355	1
1975583	1
15135713	1
140716	1
6183656	1
3669568	1
34769199	1
38086554	1
26464897	1
17989444	1
3348747	1
67212	1
10340863	1
70728	1
2076484	1
1403206	1
3369664	1
3334616	1
1011391	1
391056	1
5593300	1
429103	1
1252142	1
3216355	1
5796	1
39606848	1
4132610	1
8664230	1
38898361	1
2619698	1
20742395	1
9669465	1
361558	1
25076801	1
34661207	1
93886	1
1577678	1
6452707	1
21363659	1
5770022	1
239587	1
3201644	1
485781	1
1881895	1
5508387	1
155997	1
325110	1
10416471	1
1176460	1
2889152	1
31780694	1
419563	1
1908462	1
30018759	1
25925117	1
2712216	1
18999978	1
23299	1
8239571	1
8461386	1
32587	1
2172431	1
310315	1
4904999	1
3122867	1
3362540	1
11953988	1
19446259	1
457259	1
1886812	1
5721983	1
23908722	1
16486869	1
27551421	1
221151	1
2657088	1
333302	1
297670	1
10464382	1
666364	1
971189	1
37534539	1
186208	1
5054800	0
4350617	0
112536	0
1920344	0
2166250	0
27228641	0
7178523	0
11571039	0
1309677	0
25281265	0
40948497	0
956485	0
4264265	0
2216434	0
1179416	0
15132434	0
27223073	0
22061892	0
244061	0
1219398	0
42802602	0
43024112	0
2986107	0
20872342	0
39491251	0
2219864	0
7134402	0
2315437	0
24657	0
2577462	0
115566	0
1016773	0
8445116	0
4104697	0
8738836	0
22489412	0
41144247	0
118284	0
7671306	0
2887475	0
1052576	0
14511980	0
7788807	0
1759086	0
3146867	0
2378928	0
22983349	0
24696025	0
3707051	0
7260238	0
45105348	0
6577723	0
8807610	0
691541	0
42596057	0
3244031	0
898892	0
11948710	0
4520429	0
4605337	0
24050962	0
1314909	0
2258724	0
36858214	0
6523051	0
23453456	0
5160443	0
89588	0
2647978	0
2203545	0
12162849	0
378512	0
2069190	0
2045215	0
12239023	0
451633	0
3179063	0
11161404	0
10073932	0
2933520	0
1742957	0
22526614	0
159010	0
46826417	0
4232934	0
2006442	0
31355057	0
16651015	0
243875	0
14974694	0
12281905	0
2380602	0
8149705	0
19049409	0
208952	0
8706494	0
1843170	0
12341847	0
12092726	0
5709438	0
41098874	0
21610207	0
7315462	0
366033	0
46890644	0
6125730	0
42869502	0
14571650	0
22013717	0
24705056	0
604745	0
20069987	0
1888067	0
23882155	0
6900001	0
128305	0
20763626	0
4564421	0
488213	0
6777702	0
1212488	0
28099860	0
6501741	0
76939	0
7604643	0
7501019	0
33095032	0
27261682	0
38164416	0
35849673	0
1368258	0
17669387	0
6264910	0
17782370	0
33899183	0
44673192	0
42922151	0
233798	0
1960748	0
2374718	0
24049060	0
648159	0
33587891	0
7204809	0
1724033	0
2825727	0
2107187	0
35841120	0
11210485	0
1140836	0
35737117	0
34822117	0
28967862	0
4611998	0
4415200	0
20037959	0
11571666	0
797827	0
1801191	0
8551899	0
23862709	0
928448	0
2161901	0
17467537	0
6685314	0
22737118	0
6714800	0
36845376	0
37869988	0
910587	0
2623219	0
3715753	0
11523635	0
17373176	0
42480762	0
34259174	0
9573438	0
988517	0
7443272	0
24122537	0
424152	0
3941312	0
38127954	0
20228031	0
20089481	0
9874745	0
20887271	0
418619	0
35298827	0
9811998	0
23308832	0
32990608	0
5860082	0
7557140	0
1518722	0
17561617	0
3650371	0
10701910	0
6833516	0
40442493	0
1970184	0
1735239	0
9286272	0
2628594	0
23284375	0
11651264	0
18102897	0
44981599	0
8796423	0
2132774	0
3824529	0
25349494	0
4243000	0
7980151	0
6275537	0
14627569	0
23853870	0
22512812	0
26920057	0
475062	0
7572581	0
141023	0
1485411	0
24518341	0
45395026	0
13157951	0
36121976	0
3287585	0
8823085	0
10214398	0
15921098	0
41741810	0
6604786	0
6801255	0
516862	0
20915823	0
1420852	0
679791	0
5864902	0
360267	0
311518	0
30525735	0
9174707	0
14693339	0
11941405	0
1480979	0
17326619	0
24308985	0
28163602	0
9730279	0
753236	0
22164070	0
1979619	0
5286962	0
5506336	0
7437969	0
27754256	0
3578259	0
38267238	0
2502547	0
9891738	0
17143332	0
471547	0
48631541	0
4799338	0
26444836	0
132854	0
24923021	0
1229346	0
16273720	0
11574110	0
26586602	0
450597	0
43284075	0
49338673	0
10216201	0
129133	0
16572634	0
40003213	0
17202632	0
10070848	0
27548580	0
5354460	0
12499410	0
34160201	0
10309462	0
7724413	0
39437016	0
2871407	0
1334257	0
5958043	0
12580310	0
14515485	0
10409641	0
17158725	0
5610397	0
30040077	0
26941804	0
23208330	0
20341259	0
191315	0
18891001	0
6717784	0
28716903	0
16059114	0
7977439	0
1224344	0
6011450	0
5066373	0
4524153	0
175200	0
859745	0
4257132	0
25099884	0
935837	0
17696516	0
23756562	0
22777736	0
1594393	0
696417	0
1108265	0
8474524	0
26909857	0
12172390	0
15484042	0
4193690	0
26774705	0
12481289	0
1799534	0
1365829	0
41732834	0
20125948	0
21298930	0
742062	0
5306088	0
38927310	0
2219143	0
10522576	0
2892857	0
16458826	0
406496	0
39479142	0
4652024	0
55344	0
26281737	0
15709709	0
16816355	0
24228012	0
23562764	0
38120825	0
134020	0
1617727	0
28096448	0
7406430	0
7185876	0
11243632	0
23480303	0
26111958	0
3766394	0
23356531	0
31841501	0
2037852	0
2496962	0
47232190	0
22417146	0
35125280	0
1591350	0
33105500	0
628276	0
12625598	0
1213514	0
23117828	0
11414865	0
12387422	0
4097228	0
42378305	0
15771664	0
8959168	0
21236076	0
40986609	0
15375296	0
7325054	0
127553	0
41061712	0
124813	0
9340896	0
28533522	0
15493555	0
31492046	0
728470	0
27376311	0
32846194	0
4959157	0
122388	0
18373194	0
2278393	0
5022020	0
25478634	0
43209839	0
4243504	0
5430821	0
2172924	0
11237564	0
11044227	0
18960568	0
13876609	0
49268543	0
8411171	0
10999348	0
6399502	0
4864520	0
36528286	0
2876124	0
5608046	0
10498425	0
49189745	0
5326451	0
1744402	0
23025021	0
2120147	0
157397	0
1110048	0
41200366	0
2152972	0
11400520	0
26083877	0
7651991	0
174706	0
30702401	0
33472078	0
25870534	0
6528350	0
6315937	0
25446936	0
3713284	0
3373865	0
21994270	0
18110885	0
18304914	0
8763408	0
22805065	0
36026346	0
46805766	0
12541453	0
15407923	0
96362	0
791215	0
29734450	0
259754	0
768838	0
14737607	0
27438969	0
27699929	0
325138	0
371191	0
5610692	0
2824753	0
33473633	0
324564	0
5494948	0
3869518	0
3795562	0
116704	0
10204740	0
8544145	0
42888658	0
240223	0
42537425	0
40377121	0
40131864	0
1388323	0
2560674	0
24545039	0
6716717	0
871200	0
16054605	0
21295524	0
6958981	0
5842364	0
3176040	0
9292891	0
42491781	0
58731	0
259956	0
623090	0
7292154	0
19351696	0
1520717	0
6742693	0
3535462	0
44191157	0
1264408	0
5104783	0
1215337	0
1267103	0
26065155	0
1128550	0
17862707	0
2110032	0
40190214	0
