63520	1
146743	1
188038	1
240146	1
333635	1
483094	1
462640	1
39003467	1
1051933	1
100078	1
20348889	1
11344378	1
1287467	1
54378	1
676299	1
37258	1
663550	1
24199593	1
521074	1
66527	1
1936998	1
14544223	1
10605255	1
75626	1
1741765	1
353649	1
1878476	1
988279	1
626045	1
3034761	1
2809566	1
1596432	1
5409978	1
247957	1
3637913	1
6569533	1
9480	1
18728335	1
2528616	1
4501200	1
414579	1
22105850	1
403207	1
898666	1
40599999	1
590833	1
861994	1
1021354	1
204943	1
591617	1
40863732	1
354345	1
461540	1
41721607	1
20394487	1
21735938	1
1875798	1
29753121	1
18177433	1
38443462	1
1942760	1
561269	1
28978421	1
3255956	1
12425200	1
13698725	1
4126964	1
102264	1
9759031	1
3331531	1
3214907	1
2487220	1
3035016	1
1058173	1
570456	1
466689	1
9969136	1
4670407	1
896955	1
10306637	1
1672018	1
38802836	1
248353	1
3417956	1
15606896	1
29514423	1
15120848	1
1317614	1
29731561	1
2362105	1
358953	1
4927	1
1046360	1
237564	1
427503	1
14564970	1
794352	1
25447274	1
1164542	1
33870412	1
341871	1
548184	1
3248123	1
229110	1
4802957	1
4197065	1
13112554	1
205894	1
418830	1
1591028	1
959918	1
2884321	1
975124	1
198665	1
1123366	1
629760	1
3346067	1
39332825	1
5880013	1
313768	1
24280	1
408613	1
100456	1
18465292	1
1588203	1
432000	1
19344100	1
545341	1
11112580	1
383592	1
983670	1
5654878	1
1511723	1
2621128	1
216395	1
15179	1
3498009	1
25762	1
787936	1
191086	1
32243361	1
37327843	1
19172687	1
38878740	1
293593	1
449475	1
362227	1
577815	1
57538	1
8399184	1
814375	1
1490293	1
11646189	1
32038666	1
2867231	1
200964	1
30083214	1
26000816	1
7357202	1
540613	1
2654830	1
1362027	1
480668	1
508001	1
3241361	1
3150165	1
203758	1
30863382	1
290082	1
69886	1
393634	1
1713639	1
1893687	1
890674	1
410928	1
23473647	1
241405	1
2576499	1
43037869	1
1191317	1
699507	1
2436727	1
1744188	1
57600	1
13656486	1
2004698	1
7766419	1
479192	1
12596431	1
12786576	1
292157	1
339668	1
731005	1
354551	1
393729	1
34379096	1
595195	1
14162666	1
16635	1
338535	1
461896	1
1402256	1
3824098	1
359289	1
25357657	1
3675427	1
18577523	1
761937	1
28329170	1
583875	1
351219	1
676824	1
206211	1
1149900	1
18166327	1
1329721	1
615341	1
16918585	1
18718040	1
43983	1
70767	1
264116	1
25234737	1
5945485	1
2145840	1
939759	1
98371	1
44309173	1
9976493	1
157873	1
15340220	1
31616472	1
83502	1
3244638	1
11321933	1
647722	1
740100	1
2459055	1
1089138	1
2430944	1
2696411	1
5882667	1
5685526	1
872141	1
431207	1
1575867	1
752431	1
2754876	1
33441718	1
7902206	1
3520200	1
30721678	1
23369	1
1054286	1
5043192	1
11152604	1
182540	1
1048855	1
174131	1
60706	1
425049	1
1872058	1
931827	1
1227825	1
11484137	1
26058088	1
86586	1
414468	1
2454237	1
441860	1
394985	1
810136	1
6475925	1
1090065	1
2467091	1
34119632	1
340320	1
858003	1
194855	1
1227661	1
11312877	1
410156	1
40157	1
3097143	1
3562398	1
411726	1
391324	1
5571117	1
574357	1
1106754	1
6804	1
1965690	1
1895206	1
94289	1
156458	1
157780	1
34566761	1
1206694	1
1822517	1
1411134	1
5713295	1
33976531	1
42797279	1
357457	1
1199875	1
6391151	1
5048	1
39359562	1
31992249	1
2926932	1
3836864	1
1337003	1
27944611	1
1577501	1
7252340	1
80895	1
31043432	1
842094	1
319519	1
39265	1
976186	1
174171	1
233083	1
17141948	1
227730	1
1682249	1
840701	1
26293965	1
796940	1
34124489	1
344560	1
3045977	1
1857064	1
5488	1
4856624	1
8990993	1
1131380	1
10343531	1
1434153	1
2567281	1
965265	1
1665989	1
10939852	1
154150	1
7220652	1
857460	1
772738	1
1111889	1
194063	1
3055517	1
2572036	1
215946	1
176824	1
1215687	1
31732116	1
214345	1
8232439	1
70843	1
39922236	1
21347657	1
1361584	1
7082953	1
37261	1
3277875	1
864036	1
560406	1
4344236	1
30870732	1
483273	1
724141	1
35968372	1
1997113	1
427484	1
168714	1
3088348	1
1379819	1
1526134	1
7601	1
785587	1
695888	1
2332885	1
42652	1
1762349	1
2076004	1
35570689	1
28972451	1
163859	1
386507	1
637627	1
424618	1
18642198	1
460371	1
16205133	1
1904715	1
154954	1
3393172	1
8402989	1
45239953	1
5754136	1
22408198	1
331078	1
310911	1
20436507	1
1577313	1
10358	1
1279276	1
8056123	1
21709	1
19997199	1
24872407	1
2917006	1
413842	1
256095	1
344266	1
146950	1
668172	1
4492468	1
313013	1
14656601	1
1459337	1
1639123	1
4761680	1
164624	1
772178	1
897385	1
7767585	1
3433312	1
82050	1
623491	1
16054891	1
6735538	1
1383673	1
17424603	1
38667928	1
20747974	1
44776778	1
1508613	1
5418061	1
8722536	1
1158529	1
23193233	1
1344917	1
424183	1
13863868	1
543273	1
286527	1
505404	1
40076610	1
485171	1
26683318	1
19379	1
2212472	1
1717625	1
4220686	1
6906723	1
35582076	1
22613571	1
38452470	1
27775012	1
10477265	1
6116623	1
32308843	1
1457536	1
76402	1
330199	1
410339	1
4383861	1
52259	1
1431028	1
152833	1
20086151	1
12029397	1
8256	1
2976994	1
25023443	1
522902	1
21978	1
26825183	1
3683800	1
351727	1
850435	1
1897579	1
8082221	1
4919960	1
1923228	1
25149447	1
13660794	1
2117158	1
2867376	1
33091024	1
320489	1
1360083	1
1588885	1
2127773	1
5972679	1
18993416	1
40362480	1
717904	1
425581	1
212678	1
39710759	0
5873693	0
1001251	0
14105036	0
23587918	0
43552112	0
3740075	0
6718799	0
29804054	0
965991	0
15475473	0
4267161	0
17524386	0
11410753	0
18501110	0
32727223	0
26927041	0
11179048	0
13485985	0
114031	0
853843	0
38463407	0
9994150	0
2655663	0
15117946	0
9543605	0
3707754	0
30965580	0
7966125	0
38006156	0
30806200	0
13595936	0
3184123	0
21725145	0
6355251	0
2507055	0
469541	0
3280486	0
515823	0
8230855	0
1476848	0
13828043	0
44083935	0
8266431	0
26373429	0
1085033	0
3865350	0
3924960	0
3814713	0
2887437	0
12404535	0
1714996	0
14173480	0
27172064	0
29080723	0
471370	0
16436934	0
17421543	0
150477	0
9810665	0
131577	0
2937699	0
21919911	0
22665156	0
1830943	0
8431752	0
25782321	0
19442103	0
111246	0
4928873	0
28797657	0
259700	0
36172846	0
33540451	0
32006304	0
20732045	0
36609491	0
4380151	0
2901638	0
11048476	0
4559105	0
9005751	0
451607	0
6395090	0
12555756	0
6809322	0
132844	0
7427236	0
4885633	0
27272046	0
22441326	0
35562777	0
1697240	0
23309949	0
25827961	0
1873492	0
27381786	0
4097057	0
13347294	0
42403439	0
30988376	0
23129227	0
18626510	0
7536609	0
4613853	0
30627047	0
1158116	0
7242158	0
12608299	0
4092916	0
393470	0
18195047	0
29544611	0
415813	0
12799378	0
684132	0
9183760	0
23246309	0
22989972	0
12279710	0
122303	0
9914465	0
35423157	0
12455128	0
16008987	0
4675113	0
29318730	0
30996076	0
1455549	0
17298365	0
361913	0
24277417	0
20707850	0
13012132	0
21626566	0
25440884	0
12397049	0
9595477	0
134826	0
768082	0
35928336	0
1133212	0
1739714	0
9781937	0
5784661	0
27003559	0
16769675	0
24050198	0
16485688	0
7525081	0
21331275	0
4289700	0
14541191	0
16840667	0
6672653	0
2962292	0
24744256	0
6102868	0
8562719	0
245934	0
2242290	0
27454983	0
31023908	0
2087527	0
35809670	0
2087394	0
23128166	0
312379	0
3248969	0
15760844	0
4369321	0
17439168	0
24013017	0
21774220	0
925170	0
10491033	0
28786484	0
3460009	0
23524707	0
20817418	0
13106750	0
12166008	0
37040784	0
24390531	0
14387567	0
5326152	0
7168916	0
30927918	0
12331166	0
28157283	0
6265794	0
16513692	0
27363212	0
40705328	0
2484738	0
18452599	0
2305868	0
125274	0
32173545	0
8059851	0
96677	0
498969	0
25236286	0
9865059	0
33634992	0
77837	0
2486457	0
7728161	0
39424891	0
31456893	0
30814980	0
9992371	0
48330291	0
21716146	0
130559	0
2362929	0
13273005	0
39693252	0
14513884	0
18308519	0
2072735	0
35826878	0
7675713	0
19728176	0
21335136	0
2971727	0
5675707	0
15035216	0
8758085	0
15150711	0
8416035	0
24676469	0
8470700	0
36939268	0
12814701	0
122263	0
8753329	0
43122719	0
473800	0
7178724	0
4134876	0
8204488	0
19799461	0
39852250	0
24139124	0
17683683	0
646519	0
31211681	0
36018628	0
21288435	0
4184482	0
24464035	0
13110614	0
3664108	0
5617236	0
22321291	0
730832	0
48505484	0
12653306	0
4769444	0
315077	0
31232432	0
155802	0
9547443	0
3277012	0
1217582	0
14897823	0
22880597	0
8447141	0
36574863	0
7484943	0
36082402	0
1873728	0
4419228	0
1730614	0
8178757	0
497351	0
1753663	0
3673536	0
25292690	0
18417857	0
2730420	0
8720234	0
24015804	0
25349955	0
3293237	0
8743341	0
47901227	0
13625057	0
2156930	0
25150026	0
2092169	0
5208607	0
71084	0
585344	0
32206151	0
8412818	0
33274261	0
6844407	0
22871326	0
1951726	0
26082176	0
9342006	0
17709781	0
4066772	0
2586594	0
6581831	0
295528	0
42531523	0
11557917	0
12921851	0
19345304	0
5771932	0
15869852	0
332515	0
1507859	0
2162867	0
31675795	0
133317	0
129275	0
957309	0
20135605	0
417741	0
7882235	0
1209637	0
312859	0
35251241	0
1076599	0
42649702	0
11982702	0
38434	0
4694268	0
313582	0
5644388	0
1270142	0
10319916	0
21186712	0
2286175	0
24031272	0
33840675	0
314115	0
7714806	0
38698620	0
4121644	0
19358617	0
2447274	0
39420042	0
46886100	0
31668589	0
137378	0
18255309	0
29684125	0
2002165	0
29283513	0
2344028	0
47452813	0
31069101	0
338005	0
150475	0
9608670	0
8692295	0
13248372	0
1365636	0
12799194	0
2561982	0
411002	0
3753768	0
38963348	0
5920997	0
1530796	0
4318640	0
35570931	0
16277070	0
40084273	0
8499428	0
23351095	0
3294257	0
21095873	0
937535	0
22271953	0
160707	0
4704719	0
15261885	0
6060054	0
27660067	0
1055751	0
2318111	0
9174325	0
2290524	0
5983825	0
38461701	0
5973432	0
21912976	0
16225041	0
296811	0
5549762	0
3443166	0
1025263	0
152671	0
26669173	0
3385746	0
32817060	0
9469665	0
35087986	0
24570603	0
11397132	0
1078352	0
19481144	0
11149196	0
24222218	0
13006887	0
12438085	0
16712	0
13139464	0
14068222	0
34468472	0
1262568	0
3037730	0
8792529	0
15535796	0
30555931	0
13035900	0
34639752	0
7778404	0
8331061	0
2659159	0
21073180	0
885007	0
30086443	0
2637230	0
697113	0
2411947	0
18958674	0
9002362	0
15493812	0
40889705	0
30957602	0
8850229	0
13734224	0
4821917	0
15508256	0
18592643	0
23192796	0
18629916	0
17991517	0
41771705	0
18855688	0
528364	0
17193257	0
28914877	0
109837	0
6615211	0
12196023	0
1753343	0
10587343	0
2362359	0
8561432	0
7210589	0
2549462	0
7435714	0
5815098	0
45190753	0
5748275	0
6029223	0
2617103	0
12581580	0
1293302	0
4918235	0
3299663	0
95057	0
42767334	0
25926873	0
49474500	0
5318863	0
43120445	0
2835542	0
8404022	0
28948542	0
34127	0
1322993	0
23267654	0
3231094	0
32349039	0
24296868	0
32722429	0
5490565	0
1049688	0
6226374	0
68896	0
3312138	0
5378600	0
49325833	0
8954030	0
28152343	0
25179735	0
17237997	0
8890640	0
32689753	0
44478702	0
33614722	0
