471427	1
27699	1
37663	1
411929	1
20839148	1
176494	1
9996	1
17146416	1
315787	1
6254535	1
25946945	1
540034	1
112820	1
1592155	1
26655039	1
2575521	1
3659900	1
303076	1
11642383	1
537362	1
10716158	1
386241	1
30523365	1
114137	1
50788	1
2949819	1
2446181	1
1461844	1
5728405	1
3155321	1
4255206	1
700635	1
6244216	1
1198926	1
10526203	1
669185	1
611780	1
14920432	1
2102890	1
39569	1
7447560	1
780999	1
2178001	1
312566	1
6672653	1
1278367	1
9325418	1
3110545	1
15543995	1
3629120	1
16349803	1
15839844	1
833894	1
9405600	1
9383355	1
30613101	1
50515	1
415978	1
22212851	1
41346601	1
304558	1
1078724	1
4877657	1
1094517	1
1883750	1
615887	1
7438161	1
11945161	1
1226875	1
42067009	1
2874764	1
12375992	1
33321174	1
43927	1
2275438	1
35821411	1
10919134	1
766765	1
31952102	1
18908061	1
5651266	1
2379867	1
21694324	1
1012133	1
33828410	1
15132210	1
36922	1
7296064	1
177249	1
91519	1
309650	1
241649	1
16098125	1
12439068	1
2808819	1
6696084	1
4484375	1
30185082	1
1120638	1
10261769	1
3516456	1
108796	1
1406749	1
1296931	1
16660027	1
3016271	1
3374599	1
23393465	1
53255	1
12780921	1
2723207	1
492132	1
11839734	1
207750	1
27979742	1
1834434	1
383777	1
3146266	1
768552	1
32253721	1
907931	1
1057	1
248437	1
449142	1
752872	1
2778131	1
2222254	1
1515825	1
342636	1
167150	1
3290702	1
1237153	1
996491	1
457820	1
17249723	1
929317	1
17782843	1
23039062	1
18084752	1
4830178	1
2224124	1
405891	1
241578	1
10705595	1
9336839	1
4547040	1
94738	1
22382194	1
2321566	1
21703	1
44154047	1
2592753	1
30991186	1
1080461	1
947521	1
2724358	1
29420767	1
11578410	1
21890790	1
730292	1
164624	1
248871	1
3796403	1
54960	1
213492	1
9576863	1
2624214	1
10622748	1
2196375	1
1060523	1
1530011	1
4333243	1
1591560	1
204599	1
10445355	1
2379946	1
94748	1
194112	1
146047	1
129194	1
213933	1
445726	1
15151906	1
169412	1
414186	1
2507941	1
2199987	1
1748783	1
9476	1
3433407	1
4308236	1
1003832	1
2870673	1
8660975	1
721724	1
8797586	1
40565874	1
249436	1
5803195	1
1120557	1
21310017	1
3150803	1
4335	1
26289198	1
7104005	1
8269147	1
10333804	1
4146	1
2492069	1
1014621	1
22396729	1
1410371	1
5598970	1
1610753	1
7041482	1
21494335	1
11926426	1
551608	1
353634	1
5799962	1
2825429	1
11041	1
105892	1
31887076	1
3318731	1
18713	1
32145710	1
1600192	1
660563	1
2742453	1
2946536	1
3457560	1
2674503	1
1338282	1
2147099	1
2510753	1
1246843	1
5725411	1
4913064	1
11286412	1
1302425	1
692859	1
69840	1
2802582	1
24209795	1
5186870	1
1380762	1
15965419	1
4633756	1
1481628	1
164104	1
1311312	1
913559	1
185047	1
14752234	1
6741658	1
152560	1
11884212	1
1360366	1
669746	1
197096	1
49545886	1
2545775	1
4831834	1
30969	1
1440545	1
2982707	1
4096848	1
7882712	1
19895702	1
17372	1
1417985	1
1263296	1
2634350	1
2583094	1
8359991	1
1263947	1
3878912	1
16462572	1
6669354	1
1013113	1
116735	1
94832	1
931329	1
560704	1
18660131	1
5308131	1
8169	1
15183993	1
25987	1
440399	1
928525	1
5304463	1
105449	1
15771958	1
213380	1
9589903	1
10741391	1
18573197	1
266871	1
7564	1
8137286	1
23962617	1
9603843	1
37352354	1
2559316	1
431026	1
751800	1
428187	1
1045532	1
516862	1
108349	1
478673	1
116917	1
7162279	1
454123	1
4950027	1
2043791	1
169833	1
1115083	1
140374	1
6204349	1
801784	1
4895021	1
354144	1
4957300	1
1459055	1
2025107	1
285712	1
2796597	1
393936	1
22558407	1
12644080	1
470416	1
545231	1
490305	1
2082856	1
18419513	1
326484	1
18714684	1
2210434	1
43088	1
19753121	1
15794162	1
29584975	1
6403575	1
508736	1
88991	1
3206320	1
10897376	1
2274481	1
7828766	1
495343	1
6006236	1
9786250	1
151159	1
16160780	1
290117	1
6036635	1
3079	1
5326214	1
188848	1
1058278	1
17349910	1
2572634	1
906097	1
5117300	1
10080570	1
838783	1
7016209	1
1142317	1
7881375	1
1341440	1
7071676	1
474234	1
246160	1
10872336	1
636670	1
22743506	1
838390	1
740820	1
195173	1
14034	1
47640	1
7419344	1
4168560	1
950231	1
2129980	1
104681	1
90921	1
142549	1
30753092	1
5315642	1
101617	1
1471853	1
447621	1
208893	1
1363514	1
16279076	1
1740941	1
162828	1
14006	1
3653423	1
6959311	1
6915833	1
2917649	1
42031287	1
490783	1
697561	1
11367573	1
36272821	1
17796859	1
15553219	1
185004	1
9429758	1
2476808	1
145542	1
23166492	1
43594	1
94728	1
22734935	1
1947788	1
19013767	1
507930	1
3446476	1
2635744	1
1358857	1
33963241	1
3313455	1
192484	1
935938	1
126128	1
745350	1
72785	1
14358886	1
1174307	1
1315975	1
179339	1
12100219	1
1222249	1
9506480	1
576541	1
11739201	1
18075911	1
1138095	1
4208617	1
989128	1
1126010	1
25042	1
18934	1
34210549	1
22494	1
6847587	1
18099611	1
94852	1
2322845	1
61145	1
15095072	1
10165496	1
201846	1
2156585	1
438899	1
1492277	1
948560	1
190287	1
3649819	1
19277374	1
1598977	1
1797071	1
369717	1
2054522	1
22537851	1
11464532	1
2798852	1
10113	1
1054936	1
1997832	1
929302	1
400253	1
2129433	1
1233372	1
1207392	1
1336923	1
14482396	1
1037675	1
3501926	1
6853794	1
3334550	1
26907878	1
4052227	1
26987555	1
35438757	1
90957	1
26910311	1
6800917	1
15644644	1
14278249	1
1462396	1
4621841	1
13084372	1
12672738	0
36579455	0
8338993	0
2741157	0
4764761	0
8875599	0
2340226	0
5168229	0
631400	0
15432039	0
26527179	0
6795017	0
22117659	0
37955093	0
20361418	0
37583888	0
8339259	0
6659936	0
3046311	0
18508961	0
13822262	0
721369	0
8168755	0
7602741	0
37063997	0
27725424	0
22629475	0
15915697	0
867489	0
10545548	0
644436	0
8084772	0
10715937	0
17541937	0
2954348	0
16764645	0
12757330	0
5551867	0
28491166	0
14656203	0
4294162	0
12828996	0
196827	0
16791637	0
4269880	0
17336212	0
34645457	0
39858008	0
3558457	0
40139295	0
23984485	0
21166012	0
5503229	0
21855807	0
4947197	0
17612462	0
20219249	0
2810777	0
4346229	0
1966595	0
14825582	0
1404700	0
18755836	0
2178677	0
2710519	0
439596	0
18113137	0
8478809	0
17198760	0
6754805	0
4145045	0
1348370	0
1298619	0
4717221	0
22742843	0
2967395	0
43351796	0
24992136	0
14296272	0
14335419	0
4162144	0
5046989	0
9340055	0
3722530	0
3650262	0
10512940	0
3359982	0
3360126	0
1637153	0
8338988	0
24738652	0
7948365	0
34600372	0
5504760	0
16201389	0
12735689	0
36466055	0
37631710	0
23799753	0
2520383	0
39289363	0
8150720	0
45534	0
199665	0
45256865	0
27417907	0
848442	0
24378969	0
31893507	0
7761361	0
7820000	0
718883	0
13335441	0
9425462	0
12318708	0
1069169	0
25926454	0
30307259	0
26377251	0
40022666	0
14125179	0
38245744	0
594134	0
15654	0
365242	0
40424934	0
23948290	0
2848769	0
125032	0
33675046	0
9833462	0
294788	0
2856609	0
846548	0
455665	0
22680	0
42255334	0
13867836	0
21167949	0
47685002	0
3451902	0
4320636	0
31457501	0
4849316	0
2291047	0
11321643	0
1240249	0
21508936	0
38536239	0
8838494	0
23771045	0
1297022	0
561479	0
3212402	0
5082918	0
4265985	0
458483	0
33562269	0
12910219	0
8256015	0
5156539	0
8442323	0
43481442	0
2771975	0
29582308	0
1207080	0
43938038	0
7445043	0
10583879	0
35016469	0
3991775	0
15330183	0
34606518	0
20689637	0
25553485	0
2505563	0
290279	0
28016192	0
20034689	0
22026538	0
2787067	0
61647	0
26319335	0
14888509	0
38242560	0
17915668	0
7546316	0
53736	0
19193292	0
1524240	0
11441986	0
741272	0
33600880	0
46767490	0
1581111	0
9533553	0
2062187	0
96833	0
36834488	0
38050	0
11155404	0
849317	0
5599252	0
4149089	0
709032	0
97497	0
11592860	0
306460	0
5173662	0
32895441	0
1750635	0
1754605	0
264524	0
1441685	0
19229975	0
1516622	0
2538812	0
114332	0
7648888	0
23580967	0
39577709	0
5860099	0
1401836	0
49097687	0
30876371	0
15655253	0
20939057	0
10868346	0
4072470	0
7888463	0
44587670	0
5344230	0
34574709	0
15765579	0
4081007	0
18800301	0
21024316	0
2133388	0
2344705	0
27980014	0
14971451	0
2599816	0
19683991	0
4665061	0
19514183	0
1748381	0
4698315	0
10185518	0
15186325	0
25350332	0
1497186	0
6324646	0
109573	0
4191678	0
9291969	0
7750534	0
11293079	0
18845268	0
6207589	0
19955567	0
7238714	0
68453	0
991754	0
117055	0
4181793	0
5843256	0
30411745	0
21887890	0
1703117	0
6398966	0
2161987	0
34258162	0
8050064	0
4923418	0
725431	0
941431	0
18058384	0
598631	0
24061629	0
15266795	0
693977	0
672932	0
981792	0
154543	0
48031368	0
9960833	0
4950281	0
6051030	0
12492931	0
5252749	0
671747	0
328393	0
45427363	0
1868901	0
8367791	0
19097403	0
47400339	0
5891809	0
18764828	0
4937664	0
29663140	0
31628269	0
12561211	0
16135157	0
12518575	0
4447385	0
25709903	0
4017205	0
6657591	0
4309192	0
44624205	0
33542066	0
2031027	0
12416465	0
2816816	0
12116792	0
23575987	0
19663717	0
651886	0
24307501	0
13884480	0
38851147	0
11136690	0
30738275	0
24167685	0
22202130	0
43040499	0
25785070	0
1633688	0
25603628	0
273626	0
31211681	0
53607	0
1977675	0
32627435	0
11027359	0
1545347	0
30580247	0
4461089	0
40830909	0
33496789	0
24212636	0
26516361	0
4701859	0
26606684	0
4148375	0
8771994	0
1163285	0
892618	0
924512	0
14685136	0
1218651	0
30057627	0
11702132	0
818667	0
7789231	0
12273077	0
32565903	0
25096859	0
1353277	0
17917257	0
26630148	0
1148226	0
6394916	0
9405501	0
42906	0
174910	0
2926281	0
12220183	0
34855480	0
6428413	0
28141811	0
3538922	0
30865068	0
8221812	0
22455368	0
7454068	0
17660019	0
101626	0
27665621	0
3151338	0
22837079	0
30320158	0
32998560	0
30464124	0
2307477	0
2924838	0
4820120	0
6434013	0
21432194	0
13058283	0
219975	0
200568	0
5757143	0
35044428	0
329142	0
595621	0
2227018	0
10544626	0
22193550	0
2797434	0
1363669	0
13376734	0
40445224	0
41384133	0
27686768	0
43395623	0
60690	0
294416	0
41998221	0
5124488	0
3210301	0
13847165	0
44403485	0
1616001	0
5371150	0
4954919	0
22613616	0
518869	0
13577965	0
366497	0
7423406	0
504602	0
26711279	0
12789693	0
5604404	0
331654	0
3660422	0
27375637	0
27571558	0
1037213	0
22864534	0
43480500	0
104662	0
25727447	0
40418691	0
1691852	0
22063926	0
5147910	0
4292666	0
1920107	0
36930400	0
2954904	0
427588	0
89326	0
11629259	0
4006831	0
3192939	0
4705838	0
36394150	0
11491430	0
15469735	0
23384699	0
1079208	0
5037520	0
19740832	0
9282384	0
32555	0
1220006	0
16735855	0
35222775	0
21026153	0
38363017	0
2008967	0
28375218	0
8470566	0
16334036	0
23752467	0
59695	0
3103909	0
38070036	0
22895597	0
22551847	0
19167764	0
19459713	0
26801422	0
393399	0
124929	0
21107491	0
15968713	0
22512	0
32655900	0
3239316	0
7299021	0
40622381	0
2275071	0
19819804	0
192274	0
939670	0
7993587	0
40443962	0
30733591	0
7028120	0
38504153	0
39724126	0
23207488	0
8855431	0
983931	0
29395489	0
41239558	0
