24283801	1
13951035	1
2204872	1
7520631	1
5777398	1
18585898	1
30857689	1
102274	1
446029	1
325018	1
4892901	1
11755370	1
5871597	1
1271188	1
286591	1
196338	1
24253986	1
10963237	1
680557	1
754234	1
1529051	1
9840553	1
2241323	1
182758	1
4929510	1
2672722	1
11996138	1
6083174	1
36181241	1
24824674	1
26751799	1
151257	1
20342872	1
282746	1
911471	1
100224	1
1038061	1
12157865	1
4503039	1
4873336	1
34236328	1
1489006	1
1944302	1
851747	1
12669013	1
4022623	1
3397287	1
19400287	1
1465995	1
1584935	1
5684685	1
28698868	1
8511381	1
11322050	1
4869569	1
29775818	1
752090	1
2009326	1
12038282	1
1167762	1
7586510	1
26319959	1
227132	1
62671	1
19028884	1
2344937	1
83464	1
1363276	1
43407221	1
35980262	1
210597	1
55434	1
11251695	1
3000800	1
332896	1
90843	1
3745287	1
7736919	1
2853714	1
3674678	1
70949	1
2776953	1
76040	1
6699718	1
2152269	1
1057514	1
3394353	1
34792981	1
5052350	1
32639637	1
1175543	1
26212874	1
488793	1
7939460	1
332134	1
8084427	1
872096	1
8933344	1
23908722	1
23757368	1
98409	1
2096862	1
22767474	1
1995723	1
92862	1
265248	1
9235886	1
134914	1
51097	1
186300	1
15272838	1
2934735	1
5200002	1
49407	1
16364281	1
26368	1
15830	1
19554004	1
1815091	1
16808321	1
34280905	1
20800668	1
975385	1
248708	1
21960238	1
29268	1
1644824	1
3073081	1
115062	1
30846940	1
1518377	1
2684472	1
5042547	1
1962533	1
11611108	1
615829	1
1745281	1
39751325	1
144883	1
1887483	1
138032	1
19933801	1
12084677	1
1891863	1
893344	1
94650	1
5031497	1
173029	1
5305178	1
30965055	1
78834	1
35541567	1
343475	1
167961	1
145050	1
1641890	1
1352813	1
980222	1
40773042	1
35448041	1
4465570	1
4865795	1
21905889	1
48084658	1
155997	1
24383069	1
1263827	1
359117	1
11719730	1
5220356	1
276566	1
651159	1
228315	1
2192808	1
544543	1
198260	1
201658	1
10581649	1
4373236	1
3324955	1
37252860	1
34707288	1
27178059	1
12811304	1
2690334	1
73953	1
23503720	1
20904831	1
848569	1
653852	1
77639	1
25435079	1
7054025	1
358373	1
943920	1
335006	1
2777215	1
17247463	1
31035	1
28712826	1
12410352	1
11176024	1
1204273	1
3723549	1
819637	1
15221375	1
2293559	1
15571236	1
18893358	1
15134139	1
21903649	1
179320	1
277835	1
3371527	1
725910	1
11153298	1
668038	1
9811733	1
12443626	1
2567749	1
6172463	1
6200859	1
62811	1
36709406	1
707151	1
224144	1
2387892	1
3212868	1
8150331	1
341772	1
1295714	1
7994843	1
14671690	1
55483	1
2882476	1
5647406	1
3524861	1
1359774	1
34565109	1
36245573	1
13314120	1
1014383	1
339670	1
1274644	1
223540	1
13212529	1
279639	1
684993	1
39027	1
992036	1
15805971	1
1136626	1
638114	1
5994057	1
2433119	1
21374713	1
5697153	1
3795150	1
991041	1
2650688	1
23813	1
42979527	1
23787454	1
54540	1
26205674	1
37019250	1
3040676	1
17666079	1
169245	1
6117263	1
608845	1
77512	1
317069	1
1823455	1
6231032	1
7395122	1
1101306	1
37194928	1
603336	1
7094840	1
2728282	1
1877455	1
7527402	1
89668	1
12405200	1
26694308	1
739177	1
47836	1
4748489	1
45200582	1
2731321	1
20398264	1
11591190	1
249167	1
610249	1
143705	1
19848702	1
1955243	1
34656489	1
29228976	1
37802	1
1507855	1
1963680	1
6481702	1
30542998	1
22457193	1
4302272	1
11541203	1
356299	1
25582833	1
970201	1
40869264	1
17823576	1
16341661	1
139818	1
42756540	1
93301	1
2218690	1
841522	1
397574	1
163227	1
4366426	1
696123	1
1431025	1
41946421	1
331077	1
30486003	1
1090136	1
937498	1
48090	1
4162207	1
21133194	1
19112698	1
20582250	1
5648622	1
667792	1
8710564	1
14914566	1
2162144	1
2267494	1
29631	1
28875600	1
5694674	1
32747755	1
533860	1
3166001	1
596827	1
734335	1
626133	1
15528515	1
1001811	1
4099578	1
4882421	1
3732214	1
33943984	1
22748091	1
647756	1
25003091	1
1302939	1
39325309	1
8268590	1
248859	1
35684401	1
26532	1
16663751	1
214052	1
19697999	1
20437813	1
575978	1
246391	1
31703535	1
33015650	1
8341617	1
703799	1
236636	1
2799016	1
6462738	1
5180	1
42792609	1
5654514	1
176935	1
140752	1
38419758	1
33754098	1
1580560	1
2194444	1
600167	1
2535593	1
256762	1
37628078	1
2069040	1
36353254	1
25811025	1
84271	1
2366508	1
342863	1
147831	1
32181610	1
337727	1
8259235	1
20833	1
41687190	1
897916	1
295594	1
22824759	1
17609576	1
306325	1
1467707	1
909400	1
4544718	1
375670	1
24160132	1
2772064	1
7863212	1
9814048	1
1073853	1
72444	1
1480511	1
4443257	1
432032	1
101217	1
20728858	1
1116983	1
151076	1
1420744	1
126238	1
7189483	1
77358	1
1909749	1
10346665	1
22452	1
107769	1
30865087	1
53273	1
8747025	1
3248185	1
341538	1
4423896	1
1005997	1
5622007	1
181547	1
163853	1
406118	1
1648199	1
77674	1
19409699	1
162158	1
882048	1
148683	1
263101	1
1833937	1
3413985	1
8057086	1
4429395	1
39986920	1
4309743	1
14466268	1
1422236	1
2857921	1
551711	1
3276594	1
475055	1
14284842	1
316244	1
6499700	1
1962406	1
21729900	1
520934	1
393522	1
33914694	1
160009	1
18327061	1
377702	1
425212	1
4329578	1
13835561	1
42483832	1
229379	1
8211942	1
1562174	1
25385505	1
184969	1
24479685	1
165527	1
16622235	1
308792	1
39643507	1
4038820	1
2713684	1
7176240	1
69019	1
45355948	1
25058702	1
1761806	1
18993945	1
15190939	1
25006988	1
430315	1
102994	1
2881557	1
20201721	0
24551976	0
7337297	0
318104	0
27861895	0
20377415	0
20571743	0
1693279	0
202837	0
259396	0
40837478	0
42792421	0
1673945	0
4645566	0
6412489	0
16829082	0
24053956	0
1411849	0
14517085	0
15483896	0
4476550	0
46465904	0
24708697	0
13000988	0
13292026	0
13454873	0
30231500	0
12683932	0
7500249	0
41601317	0
8799237	0
5607441	0
30201	0
2279509	0
6233836	0
1340258	0
316052	0
137199	0
12622779	0
4430749	0
39793882	0
1290647	0
25263744	0
220234	0
16981462	0
1264445	0
11881704	0
7174399	0
477143	0
24246184	0
3297634	0
8798035	0
4701241	0
48308978	0
29662852	0
3511505	0
37353977	0
139872	0
1713474	0
36078006	0
19494522	0
4008984	0
10123908	0
2736091	0
33313073	0
2517100	0
12427667	0
21465928	0
13975886	0
32981413	0
21760534	0
22622581	0
10169037	0
25923506	0
2401398	0
18037527	0
373551	0
47078839	0
15923557	0
393623	0
41161143	0
12722242	0
28553420	0
2917974	0
2137776	0
6224466	0
17002448	0
13071731	0
3659972	0
12688213	0
10966003	0
1271478	0
3087831	0
46027	0
3402937	0
8581781	0
2570293	0
21460007	0
16787961	0
2564605	0
8942676	0
8437381	0
48106363	0
6385455	0
3885576	0
2312795	0
3781659	0
9630724	0
2623120	0
31377080	0
1390274	0
43013680	0
1920113	0
700101	0
8391464	0
39827666	0
43482000	0
17177104	0
130861	0
7755931	0
42553693	0
2127795	0
3633650	0
20892025	0
13188953	0
24279537	0
2719791	0
10431328	0
22892627	0
6953277	0
18731201	0
6399603	0
1603577	0
383963	0
739239	0
893845	0
111873	0
420835	0
39258284	0
5339269	0
14653736	0
28731188	0
23749678	0
15388420	0
6559676	0
11376609	0
18799575	0
25658970	0
4334876	0
1871710	0
6227529	0
1911820	0
6392131	0
32478577	0
623253	0
654732	0
23588958	0
4878578	0
14891171	0
44187	0
6701475	0
4010872	0
3144722	0
26097551	0
32186279	0
5546690	0
9362854	0
7181586	0
7542266	0
11714073	0
2625939	0
3544601	0
11146641	0
40223130	0
108107	0
11213766	0
26290788	0
327573	0
1231741	0
5271233	0
1292364	0
17730644	0
4749483	0
1247801	0
4491183	0
4319928	0
21047893	0
222946	0
8380544	0
22718915	0
8662667	0
40679483	0
24573783	0
22105792	0
172028	0
39933574	0
32255643	0
3521215	0
32202374	0
7161897	0
5610569	0
13314678	0
10679622	0
13958720	0
12138286	0
2982131	0
19073006	0
2769030	0
494479	0
15040680	0
895693	0
3959142	0
1480403	0
23402169	0
6106908	0
8671462	0
16952715	0
3122429	0
24520422	0
31779568	0
6028417	0
48353932	0
7614086	0
39160073	0
36426035	0
320891	0
111857	0
6933832	0
35966568	0
20827623	0
8009865	0
27445211	0
33936270	0
8778803	0
5175771	0
38586272	0
4818659	0
23358755	0
4346910	0
12424236	0
20314118	0
181885	0
6718327	0
1125766	0
2613261	0
123268	0
27711872	0
7539246	0
3682299	0
1090056	0
24189284	0
20824533	0
39000136	0
6973680	0
1898897	0
1392394	0
2362107	0
534818	0
39668354	0
6281191	0
269582	0
8033608	0
39558385	0
1796603	0
23897118	0
37093186	0
15898058	0
8839922	0
19277687	0
17602937	0
4784180	0
11261193	0
35750576	0
6151463	0
24661111	0
28840211	0
44892368	0
36187223	0
1045712	0
18246621	0
30990720	0
1825603	0
34994890	0
114538	0
2422509	0
105525	0
28962253	0
2739768	0
44266438	0
6834774	0
7124431	0
17703341	0
27765443	0
423334	0
17137135	0
8330672	0
37997446	0
5124595	0
43445711	0
30833162	0
2761037	0
6748447	0
412710	0
3008376	0
5396155	0
37853306	0
136295	0
15740973	0
35661348	0
6368410	0
43809377	0
24616022	0
22024004	0
2478376	0
15408962	0
11577146	0
42925226	0
6031172	0
5467345	0
44915388	0
95362	0
26306030	0
49038098	0
1711060	0
16002564	0
16246880	0
42149	0
10456574	0
8515764	0
702455	0
718698	0
26225437	0
12887375	0
33655744	0
11667406	0
23393909	0
4234242	0
6478134	0
1332019	0
2896149	0
6201096	0
16836857	0
18328971	0
135466	0
2069415	0
7913127	0
21650414	0
130350	0
33113574	0
5517487	0
24392314	0
26177270	0
15493685	0
184725	0
508850	0
329110	0
18428040	0
28168433	0
23440076	0
4827300	0
4254057	0
3862705	0
37243419	0
3920187	0
1410609	0
9815676	0
6354335	0
32028696	0
31202723	0
923105	0
29394356	0
3609974	0
559307	0
8231918	0
10773862	0
10696	0
32767692	0
17494687	0
2922492	0
17686979	0
2830409	0
17214980	0
7780070	0
46425483	0
44127241	0
3633929	0
765124	0
19649807	0
14909553	0
7616872	0
888779	0
33752852	0
1252067	0
12500288	0
34489416	0
2117408	0
1000661	0
3722726	0
5944062	0
10813199	0
41702550	0
23674824	0
18415773	0
37125752	0
12731466	0
11000645	0
14631550	0
47420447	0
32098611	0
5560214	0
7881006	0
18787079	0
27837348	0
32821942	0
1492026	0
30120341	0
24885892	0
6190532	0
9242869	0
34368717	0
8017381	0
7553129	0
22439628	0
2941185	0
33934077	0
155525	0
33570119	0
12779526	0
20202199	0
14859811	0
1695146	0
8765687	0
25954260	0
2284275	0
35313148	0
1896333	0
16595096	0
2393381	0
12013659	0
36123494	0
24928922	0
26233641	0
39595281	0
957382	0
2554041	0
3185250	0
21060719	0
25708108	0
34590217	0
11537882	0
2579761	0
47818697	0
625834	0
46529993	0
20137501	0
29175970	0
14853430	0
33611813	0
111853	0
38792681	0
45660171	0
13813667	0
22744267	0
10595122	0
20137986	0
28092237	0
374422	0
10393046	0
14739612	0
1005820	0
21281860	0
12460864	0
25965541	0
628374	0
19813865	0
24151307	0
1156289	0
23397584	0
24259263	0
41706881	0
4097734	0
6357970	0
4820174	0
5851325	0
559554	0
3084699	0
19762489	0
114883	0
41452183	0
1809881	0
26461584	0
13364739	0
7123029	0
3044610	0
4695024	0
851285	0
5376687	0
13500257	0
594766	0
3460621	0
