2616667	1
677694	1
1499173	1
34601561	1
1082961	1
43091458	1
2715	1
10491208	1
1687777	1
16990642	1
1004355	1
241937	1
35505033	1
1502080	1
97275	1
27984682	1
1229757	1
1262950	1
36589750	1
1433845	1
880348	1
2760082	1
8018444	1
31970787	1
31237487	1
9274750	1
196188	1
1211713	1
11862067	1
544604	1
8878190	1
4696064	1
3781183	1
20212205	1
1005997	1
5313758	1
2958305	1
27422718	1
1271526	1
8553630	1
39766736	1
22750398	1
12754855	1
32179455	1
39677248	1
22672651	1
65431	1
1231525	1
23430381	1
48961	1
6652689	1
22452362	1
14726703	1
3749296	1
3518529	1
9147909	1
25519149	1
253553	1
3353603	1
7685983	1
1253121	1
59642	1
635624	1
28852453	1
15650903	1
47818723	1
55078	1
340197	1
7668355	1
4870583	1
89141	1
127028	1
16743854	1
18364599	1
11585014	1
896166	1
1816295	1
37650426	1
490269	1
3808041	1
680383	1
11449	1
1371430	1
6297386	1
3241766	1
549297	1
357375	1
16034510	1
39209685	1
8005300	1
32734228	1
3727788	1
1022	1
7071725	1
1847533	1
16565235	1
15167474	1
23278520	1
2055178	1
32958341	1
1622023	1
332982	1
3863809	1
4172482	1
15521975	1
32387104	1
14979283	1
10427339	1
34315715	1
12888122	1
3254938	1
1753448	1
23249015	1
31837849	1
9355545	1
1577890	1
24303079	1
5734359	1
4285719	1
5259084	1
14421	1
14361693	1
7598203	1
7007635	1
867074	1
28051819	1
11926402	1
1270120	1
3884079	1
2310698	1
32359271	1
5053414	1
15565329	1
49908	1
8867576	1
1411404	1
332386	1
1192398	1
3054475	1
19827803	1
39184015	1
39325459	1
39200340	1
6070225	1
7673836	1
100456	1
8171402	1
12948540	1
12582139	1
41392547	1
10051843	1
36335368	1
2967511	1
300208	1
30861637	1
485063	1
1140594	1
1620225	1
302037	1
9260967	1
29004877	1
20611083	1
582211	1
446482	1
20205322	1
18711946	1
37835680	1
3280497	1
21632	1
29464773	1
11407	1
26914759	1
7077845	1
1169867	1
2888067	1
5839691	1
5723870	1
930831	1
7412501	1
25571995	1
11917918	1
625534	1
13316441	1
20206051	1
6727149	1
11504323	1
36418662	1
450862	1
6275438	1
1095695	1
3073096	1
4659165	1
8394247	1
4181019	1
1539020	1
43316912	1
26870206	1
6152738	1
24657	1
19603	1
26584259	1
19992068	1
18505964	1
28868995	1
4093439	1
40135903	1
1846167	1
3883053	1
55837	1
12542003	1
11053166	1
2606607	1
903988	1
2659526	1
935298	1
4628023	1
2848955	1
16346	1
4725097	1
18936303	1
4104216	1
5006576	1
4236696	1
893498	1
9796637	1
9668	1
3340329	1
43436347	1
1808249	1
4682768	1
893455	1
923044	1
21842667	1
12347964	1
6144797	1
1071501	1
218742	1
40678568	1
15703656	1
10723564	1
14801980	1
3894094	1
3223943	1
37592387	1
38544656	1
2928683	1
43186243	1
1848999	1
38203249	1
5542237	1
27716076	1
1211728	1
1374551	1
850387	1
3205521	1
204995	1
1501117	1
2285380	1
1269221	1
36194908	1
3204788	1
30237265	1
617849	1
2317581	1
947341	1
539105	1
276890	1
2471430	1
20334370	1
66936	1
19493366	1
2878222	1
12185875	1
161405	1
25833780	1
19846772	1
33067207	1
19944386	1
3469435	1
36261956	1
25727102	1
11679860	1
1269339	1
44131707	1
862259	1
1810963	1
7412657	1
17243743	1
297682	1
684136	1
12938224	1
3028293	1
18329047	1
10437749	1
33688816	1
2928433	1
1094966	1
26094	1
895763	1
754367	1
2826775	1
309754	1
1471959	1
11627441	1
1948704	1
1269651	1
6060980	1
21165139	1
7284870	1
12258892	1
8265013	1
939759	1
8164894	1
14395560	1
19590134	1
240104	1
261730	1
2576818	1
40544675	1
1224298	1
20104120	1
16135157	1
39395783	1
93933	1
17707266	1
9400493	1
149621	1
8014119	1
5967864	1
29753168	1
6149227	1
24324981	1
1053176	1
229419	1
857134	1
46006	1
298599	1
18312684	1
1566131	1
1521533	1
3542068	1
1510339	1
14504765	1
3414021	1
440141	1
1041974	1
4000960	1
1769413	1
1608806	1
5595760	1
16544	1
2478421	1
1037884	1
11508552	1
20738544	1
35824102	1
27485516	1
25799536	1
1143275	1
4874838	1
762846	1
3515922	1
32320897	1
180711	1
141995	1
48931493	1
13309361	1
749919	1
27114734	1
46674299	1
35508834	1
12283751	1
287468	1
1390968	1
692825	1
21108450	1
35571296	1
677580	1
36918474	1
13091333	1
2155601	1
19865350	1
1234175	1
44055683	1
1560665	1
1295837	1
8620779	1
47432124	1
2225578	1
7778222	1
2414941	1
3332865	1
10641274	1
27888403	1
761033	1
15642709	1
5607939	1
903040	1
31992232	1
8113393	1
436595	1
4413434	1
215398	1
38669722	1
226415	1
6106741	1
3390200	1
3835856	1
8284179	1
3881644	1
6057574	1
34793461	1
2305460	1
9267393	1
622283	1
867152	1
42724813	1
327472	1
2158101	1
1464678	1
3718441	1
274451	1
17822820	1
4856941	1
766999	1
415035	1
3138	1
25667588	1
28365306	1
3730778	1
6871878	1
449963	1
885151	1
27737472	1
36218897	1
16940532	1
21432784	1
5914957	1
4093588	1
617935	1
58666	1
13580271	1
36134118	1
17321576	1
12961878	1
10441552	1
880388	1
224086	1
20000748	1
28185388	1
7918407	1
3202973	1
39174901	1
2856015	1
6909634	1
17410315	1
56978	1
5596570	1
15408	1
4153135	1
851572	1
19966563	1
2173100	1
18923295	1
3080260	1
2342527	1
23401841	1
26710024	1
1902179	1
83502	1
5810259	1
451209	1
26117176	1
14806194	1
4769381	1
16604162	1
15406757	1
689493	1
2883698	1
811242	1
28039828	1
6818202	1
37025751	1
1035876	1
7261633	1
19650647	1
33739647	1
1514382	1
3534943	1
15631985	1
9516	1
13291684	1
25734071	1
2345302	1
8716363	1
87241	1
36739143	1
4857483	1
1513805	1
676824	1
11014661	0
30823697	0
150431	0
489001	0
1252692	0
7832836	0
6438376	0
1886217	0
5276989	0
26579558	0
44942137	0
1962341	0
14147	0
2407798	0
414184	0
6241609	0
29085832	0
14508594	0
615469	0
29721203	0
108973	0
12207260	0
1590259	0
8533623	0
4336161	0
665707	0
677931	0
37044140	0
43858581	0
5732952	0
10803621	0
2870721	0
25894802	0
4799346	0
12010466	0
979709	0
23784276	0
25470077	0
2662931	0
845670	0
1270	0
12503146	0
12064187	0
3009063	0
3449683	0
11768627	0
1091224	0
233436	0
10583783	0
5929287	0
22526871	0
15972305	0
23926998	0
2173152	0
7876647	0
39975092	0
979839	0
1431516	0
26435728	0
14454	0
1208148	0
440395	0
19951022	0
30807984	0
3072203	0
20950209	0
23473601	0
3797106	0
32215984	0
12436180	0
8022477	0
1865269	0
2913859	0
43384638	0
24019137	0
211054	0
14643878	0
5444150	0
34663514	0
119474	0
19664001	0
5537039	0
2644014	0
1024466	0
46919024	0
31612247	0
23458734	0
21886590	0
15948965	0
25039340	0
1545387	0
1262973	0
6813523	0
14810088	0
30304459	0
5719339	0
12381548	0
700270	0
22931599	0
1170627	0
11603057	0
23280771	0
17775828	0
20090132	0
1059811	0
8210944	0
21556943	0
2585292	0
7035518	0
36734338	0
12142860	0
2457787	0
22991542	0
212469	0
19594566	0
3997029	0
5504004	0
18110646	0
16641118	0
6328588	0
25460159	0
9424498	0
15880918	0
24095270	0
4783659	0
25268	0
42429335	0
19495286	0
25867592	0
25033983	0
1034896	0
18978671	0
27773	0
7222137	0
9400454	0
4604282	0
13448465	0
47065373	0
4506684	0
45933935	0
31757089	0
5516074	0
20631892	0
3277715	0
3904215	0
40229458	0
20877995	0
1294454	0
6522583	0
19506657	0
6826579	0
124920	0
709003	0
26892714	0
23776343	0
3138445	0
18436075	0
581543	0
19693587	0
32881912	0
24803452	0
4353418	0
12668042	0
22571725	0
2381481	0
24106882	0
12028034	0
11199982	0
3506522	0
9424271	0
4215452	0
13398112	0
16114905	0
1201408	0
15797728	0
1751620	0
45252624	0
1853523	0
318945	0
6112918	0
28794663	0
3659142	0
41039518	0
8934655	0
8813449	0
138080	0
34563643	0
11815609	0
22014899	0
37534696	0
11205317	0
44336654	0
12171158	0
18080043	0
3344663	0
7694215	0
260555	0
43565638	0
34327436	0
8338104	0
213382	0
2168451	0
1072019	0
5543038	0
47317009	0
4221284	0
39366959	0
3956107	0
39463407	0
5373680	0
15034442	0
45167486	0
3305809	0
5821334	0
2789237	0
5856680	0
2316735	0
2622523	0
5349497	0
7276638	0
7777273	0
3619307	0
26942277	0
8115285	0
738649	0
1710063	0
32029411	0
3401477	0
35248248	0
20692374	0
39346933	0
1283609	0
34236430	0
8847398	0
41230974	0
6180884	0
13939174	0
2061783	0
23306675	0
3844691	0
89323	0
15208600	0
26910413	0
10458672	0
21638123	0
12350838	0
15518746	0
16206224	0
41466589	0
4633395	0
1215278	0
210395	0
4091995	0
1035451	0
431561	0
746432	0
11590683	0
1127935	0
6336775	0
15080603	0
2094504	0
147213	0
36087693	0
7255574	0
554871	0
7936333	0
1214126	0
40434681	0
37798604	0
38368346	0
4738764	0
34716380	0
12495504	0
9507609	0
42009786	0
27166229	0
13250231	0
28456906	0
3309694	0
944494	0
18784719	0
1609051	0
110598	0
3467506	0
31319785	0
22544879	0
12337157	0
31397656	0
1923318	0
6759702	0
40354219	0
5225382	0
72015	0
3135541	0
22616937	0
25346693	0
35637252	0
21407900	0
28911137	0
25345682	0
7041809	0
13700669	0
107640	0
1759190	0
38490057	0
467276	0
24222964	0
12520850	0
1039202	0
3452206	0
422590	0
14632831	0
1465202	0
8876	0
151874	0
19355105	0
26903628	0
439325	0
27601415	0
2132591	0
17922387	0
1220187	0
3872418	0
32052634	0
21558590	0
415321	0
4426446	0
696190	0
10403102	0
13022248	0
9361518	0
34825143	0
157424	0
30461181	0
21675842	0
11529742	0
44455979	0
9545250	0
19610827	0
30420510	0
32980829	0
10611879	0
16234179	0
23824197	0
119854	0
39217436	0
1058335	0
7014897	0
269331	0
21055798	0
222700	0
18491117	0
2408105	0
23907348	0
311566	0
20452214	0
21156604	0
723531	0
14951467	0
1563436	0
13704354	0
1843098	0
6156675	0
3218713	0
1268899	0
24127312	0
25318033	0
34901723	0
3629397	0
1870694	0
5523560	0
20296665	0
1649249	0
1425344	0
2011127	0
27375785	0
17958831	0
6218121	0
40341245	0
11160482	0
29906789	0
36994742	0
25546170	0
94295	0
21210477	0
4602931	0
23528	0
24937717	0
12829425	0
4047039	0
6654445	0
41328128	0
16852847	0
13840549	0
30696104	0
32733388	0
3972595	0
1346813	0
2735440	0
13829004	0
15242765	0
1474398	0
23819704	0
122458	0
7687614	0
3166672	0
47720	0
5349954	0
13776989	0
39677728	0
14133730	0
2200860	0
5998244	0
662480	0
26664468	0
18646550	0
24965271	0
496570	0
21869744	0
227341	0
33044972	0
41817563	0
33950424	0
1212702	0
14421641	0
46330980	0
4653522	0
44935485	0
37828651	0
43975642	0
39187701	0
954382	0
3490548	0
21021659	0
12252187	0
2862173	0
11933511	0
1007818	0
1180957	0
15784515	0
48292901	0
3128414	0
1117070	0
3304506	0
6037296	0
41167263	0
23890033	0
16000986	0
452451	0
11435903	0
3864337	0
13453	0
8095759	0
1002274	0
6384066	0
45293	0
1531010	0
4094794	0
26922078	0
38180123	0
47628369	0
108850	0
11647215	0
30060200	0
1862522	0
4024817	0
837789	0
10298414	0
8291214	0
6453842	0
9102240	0
2254090	0
18339627	0
933378	0
5530540	0
5946848	0
5148439	0
3186423	0
3378507	0
11494247	0
419727	0
9959392	0
7983369	0
17181207	0
18194335	0
348695	0
102411	0
11853097	0
1235890	0
43186447	0
16749098	0
19597613	0
3679572	0
15718900	0
3067053	0
39367266	0
38893684	0
35820555	0
7984903	0
38033783	0
