15215908	1
7319913	1
8298439	1
31961763	1
2637655	1
15089088	1
17643308	1
1856140	1
368733	1
181009	1
2117473	1
436014	1
2269096	1
45933935	1
2176560	1
2367486	1
7078734	1
22622056	1
22999248	1
1006130	1
27580428	1
863760	1
39591782	1
13549894	1
1631704	1
2472083	1
3686545	1
587794	1
905034	1
3006270	1
46797	1
17476938	1
24679315	1
2061256	1
4223827	1
23954193	1
1148481	1
1824993	1
1551192	1
5784261	1
1887763	1
36827563	1
324977	1
41987125	1
2806760	1
40234450	1
16174644	1
24424306	1
40461627	1
756754	1
2443611	1
27003768	1
28430917	1
2638120	1
10269131	1
328238	1
73132	1
6571146	1
541284	1
1211673	1
12968220	1
701224	1
20115498	1
168737	1
8704941	1
232819	1
4605107	1
2660009	1
30474107	1
29346009	1
1439437	1
7033522	1
250787	1
1020223	1
9534686	1
863395	1
1658905	1
15863505	1
5694029	1
14027213	1
5359763	1
143706	1
147995	1
40170422	1
15680519	1
3225594	1
442964	1
30707583	1
14382613	1
32733448	1
14470209	1
13366809	1
2370078	1
275095	1
1983714	1
304691	1
12237728	1
37322106	1
8226974	1
5047432	1
250438	1
1035086	1
180444	1
1790755	1
2475516	1
138498	1
18603506	1
907627	1
3164979	1
80785	1
9807363	1
1676535	1
453107	1
15999225	1
2178558	1
47107515	1
16951760	1
595782	1
10909428	1
19076629	1
635189	1
921454	1
888627	1
2032335	1
1585014	1
14830756	1
9026210	1
1400747	1
563571	1
31966806	1
13132875	1
37895922	1
1571218	1
416688	1
1007446	1
52780	1
4259030	1
229147	1
18124953	1
7963078	1
1195387	1
4349355	1
2730429	1
18695826	1
5566477	1
14088460	1
3203179	1
1573084	1
56259	1
3841067	1
1443084	1
5865377	1
1211193	1
30874224	1
924756	1
24228572	1
125275	1
15486233	1
44362535	1
30303977	1
609890	1
142809	1
455355	1
21510876	1
6933561	1
168079	1
2287021	1
25535815	1
4841779	1
22356977	1
3336099	1
19672919	1
178749	1
226310	1
28344123	1
2537522	1
1855296	1
2844806	1
405670	1
1708925	1
3389637	1
3810593	1
10295573	1
4607744	1
1482114	1
7152152	1
38227124	1
20016433	1
400306	1
142241	1
22938282	1
301496	1
24118576	1
19049170	1
640144	1
32820833	1
3391233	1
26766039	1
5860746	1
1135138	1
7128441	1
12645901	1
19800047	1
2881875	1
177257	1
1747924	1
48033595	1
2971766	1
20845844	1
1316643	1
8663558	1
1003404	1
822177	1
6024910	1
7041769	1
356988	1
30874108	1
3003084	1
401269	1
7156481	1
12866423	1
28922507	1
7043698	1
83440	1
7256531	1
27676616	1
3246216	1
715455	1
9208629	1
39364798	1
145542	1
64182	1
4633961	1
3681272	1
28497498	1
7159144	1
197509	1
1822048	1
398637	1
1589646	1
31658425	1
12787685	1
14944747	1
46213	1
34734093	1
45384576	1
1054802	1
1310669	1
873874	1
22518740	1
753973	1
16257363	1
38285781	1
223356	1
5764368	1
3441464	1
47640179	1
3018966	1
45547	1
60590	1
1590811	1
27515343	1
21113647	1
2360730	1
2098445	1
144980	1
47955231	1
18286945	1
3306211	1
5422760	1
360250	1
244098	1
2223539	1
5688810	1
212121	1
5416764	1
24388866	1
6145132	1
19569714	1
5538786	1
2552310	1
796762	1
2399371	1
1298271	1
151290	1
6406906	1
6811969	1
25112574	1
6212453	1
2171429	1
992582	1
34931384	1
35375270	1
3628397	1
41538967	1
28737843	1
2402555	1
208400	1
156544	1
15847138	1
31479656	1
37546725	1
4585371	1
27367514	1
435531	1
977530	1
195280	1
2202550	1
8831103	1
3476492	1
29621107	1
1441665	1
31084345	1
436657	1
14754771	1
10076	1
17556077	1
518109	1
19541494	1
838751	1
274984	1
1845373	1
2253764	1
2108379	1
27288217	1
15718900	1
8917884	1
1729455	1
36208731	1
13281851	1
4700614	1
6321641	1
37401465	1
42177536	1
5105119	1
2818639	1
43552104	1
2052075	1
773932	1
2151198	1
862966	1
4180523	1
37833801	1
3779241	1
11590683	1
1805269	1
42620	1
21762071	1
32174863	1
145793	1
1173193	1
8143910	1
5923274	1
18949367	1
2007466	1
26177941	1
196038	1
38784725	1
1347296	1
26715139	1
18676939	1
576533	1
19542750	1
275443	1
1377719	1
5346983	1
3812318	1
11099063	1
13375988	1
182456	1
8461364	1
42605702	1
25832	1
44010725	1
3186851	1
1208301	1
37792454	1
28140704	1
217837	1
4449880	1
147851	1
11141722	1
8772313	1
15945620	1
625393	1
13820132	1
929274	1
1380243	1
12862030	1
2629332	1
15353223	1
5002439	1
36615	1
3696886	1
965082	1
6388103	1
25348662	1
91227	1
370432	1
5388826	1
285885	1
2013962	1
23280771	1
387316	1
3629252	1
6704421	1
733242	1
5592862	1
2108274	1
13060731	1
436825	1
8771372	1
161492	1
254518	1
26409847	1
34980461	1
622255	1
35861926	1
28005888	1
1430229	1
32573729	1
11743517	1
10848391	1
1147293	1
6211125	1
9989055	1
954691	1
17514247	1
14093752	1
2539269	1
6842371	1
8694326	1
4683116	1
583867	1
24189620	1
8649245	1
28687467	1
2410234	1
854294	1
5174766	1
34052	1
6238575	1
11055985	1
3662216	1
8107091	1
588775	1
1594680	1
335815	1
23130950	1
5947324	1
7769647	1
762846	1
385738	1
12259151	1
679799	1
4184314	1
2030673	1
979508	1
1051642	1
564661	1
26789	1
14532	1
3397480	1
6929717	1
30711424	1
21365918	1
1159291	1
22141	1
24731599	1
24189569	1
564180	1
1328211	1
3016887	1
207840	1
937536	1
3465475	1
200643	1
1677967	1
15658254	1
744061	1
459847	1
295985	1
22931628	1
32486198	1
4505682	1
3922387	1
486174	1
5712265	1
5208608	1
170666	1
36405937	1
4478357	1
3452196	1
2568814	1
2056167	1
946259	1
2165274	1
5821761	1
38222746	1
15009564	1
91426	0
36899469	0
36062037	0
401348	0
32844765	0
29080721	0
19045168	0
14932393	0
13877918	0
11786000	0
6734898	0
25089293	0
23715861	0
14467255	0
45600848	0
34481793	0
7970406	0
21352650	0
3230532	0
9758289	0
7226806	0
852149	0
3502374	0
63837	0
5205028	0
45461746	0
5219447	0
13265207	0
24162392	0
26976402	0
2117624	0
11171502	0
4166464	0
2858876	0
4118127	0
17597133	0
118749	0
286052	0
14082733	0
3240994	0
46622596	0
16794826	0
135559	0
16418688	0
2709931	0
401466	0
7245938	0
1669449	0
22611325	0
263799	0
3931760	0
3444151	0
6827230	0
2880170	0
24749748	0
36580293	0
26860707	0
10670698	0
110424	0
22996086	0
2227387	0
93585	0
9083253	0
24456867	0
28934225	0
5848474	0
10793900	0
12919540	0
34005747	0
2811764	0
4604145	0
37422214	0
308007	0
24614652	0
5425030	0
22531098	0
10452165	0
2284413	0
8911329	0
2489363	0
14543768	0
4255740	0
27022089	0
22769077	0
43414336	0
19539993	0
108838	0
21981074	0
7542108	0
1910192	0
25711803	0
19230085	0
14030225	0
26928135	0
2379782	0
3454291	0
898893	0
28095694	0
1859184	0
767095	0
11465505	0
9722788	0
236751	0
42240372	0
5568609	0
13163358	0
24464843	0
16284550	0
686190	0
1797486	0
11264689	0
6717202	0
6547728	0
2242035	0
28251243	0
1285920	0
10201532	0
4336653	0
2782888	0
38551945	0
456342	0
2127459	0
7738646	0
10011527	0
734830	0
3467205	0
199292	0
29797666	0
36602661	0
6815207	0
172583	0
32134267	0
746569	0
11171574	0
11240066	0
3978347	0
36626645	0
8118018	0
468930	0
20818141	0
2017034	0
28893	0
4706508	0
14724450	0
7599373	0
1337181	0
20866579	0
24619871	0
4857226	0
21150673	0
956907	0
367140	0
947231	0
15954416	0
265694	0
514209	0
6599006	0
2572788	0
128270	0
220051	0
37953933	0
5796442	0
1374704	0
15621902	0
23987737	0
32159854	0
31096767	0
18302474	0
371824	0
12923427	0
13826579	0
6070500	0
1965686	0
2652453	0
15570556	0
10201962	0
23681651	0
15457845	0
4294236	0
19931004	0
992618	0
44225519	0
2494436	0
5299257	0
17470287	0
9261631	0
911963	0
15383575	0
6094720	0
8388881	0
34748345	0
9654570	0
49141562	0
37111641	0
31338468	0
1235099	0
31643644	0
7028314	0
15039708	0
9347071	0
13385057	0
35668502	0
1998483	0
24224236	0
6327412	0
33603524	0
20870523	0
16784759	0
15676289	0
35578772	0
11947000	0
23528081	0
25766908	0
4703722	0
2018920	0
26601072	0
7363401	0
1070449	0
2292495	0
45526034	0
6517454	0
39632020	0
27668842	0
27609084	0
701063	0
28771256	0
4725823	0
41715276	0
1571013	0
7349949	0
39911052	0
859106	0
6825408	0
6920471	0
12688701	0
1001407	0
3788733	0
17231430	0
716685	0
2599528	0
37127489	0
2843028	0
447844	0
25507476	0
26603902	0
6123510	0
5395742	0
7349710	0
5417114	0
33405986	0
12331655	0
12829045	0
10721311	0
1037884	0
9143171	0
4233972	0
3609047	0
14716198	0
13289080	0
35009724	0
1910577	0
41304811	0
3552729	0
37855207	0
3886936	0
555793	0
3971243	0
2624276	0
5678748	0
46399899	0
30875969	0
41862195	0
16803137	0
19150052	0
38279845	0
874675	0
33124887	0
28856298	0
13448949	0
25308829	0
35845868	0
25826255	0
885269	0
3300546	0
33967389	0
4384178	0
204375	0
3983421	0
12224059	0
40532753	0
22533722	0
10514629	0
35158374	0
8899186	0
6650649	0
21067507	0
25698427	0
21827117	0
9114783	0
33569467	0
1543029	0
24057961	0
7468141	0
6898779	0
2978842	0
30741326	0
25605534	0
35316867	0
26598717	0
2759649	0
4983922	0
14590576	0
23795716	0
6234494	0
3309668	0
5839077	0
722782	0
20497242	0
17304982	0
25922203	0
5895165	0
27419681	0
14155184	0
15786879	0
975385	0
13146061	0
7349613	0
27463163	0
851573	0
1275576	0
39902171	0
23764492	0
3905817	0
4637870	0
2419719	0
46764115	0
32687553	0
3615607	0
22910818	0
203863	0
5993473	0
34325310	0
5816608	0
6309193	0
7185443	0
5887093	0
137434	0
7229321	0
861732	0
3777058	0
35941070	0
3160837	0
2606789	0
7844398	0
30446815	0
27094228	0
551388	0
8835302	0
17240922	0
37452440	0
17840685	0
7938074	0
33038480	0
2598331	0
20926888	0
14421523	0
9855394	0
1171647	0
18625885	0
16863043	0
17359	0
31341328	0
37194622	0
34188343	0
30953147	0
38204587	0
9968160	0
38062244	0
4138131	0
23446166	0
8262216	0
22140203	0
3720394	0
2476025	0
41637212	0
21664103	0
1286926	0
3657988	0
15083331	0
9520532	0
26913631	0
15058532	0
36421787	0
37609130	0
26277511	0
25290360	0
1823617	0
42096411	0
8379348	0
19905308	0
8339142	0
163857	0
15472274	0
849098	0
33066984	0
47950638	0
11665748	0
2683188	0
31911905	0
93056	0
8554368	0
13635506	0
23089110	0
48665971	0
11866314	0
13965441	0
2322703	0
617207	0
7449634	0
4253566	0
4458915	0
3990635	0
4166511	0
2040571	0
1022688	0
27483362	0
1615867	0
6988703	0
35221068	0
2782399	0
949620	0
3219673	0
154614	0
14913195	0
27241544	0
16307933	0
17264259	0
1447297	0
41039349	0
37955352	0
1974799	0
4432786	0
1162116	0
34548548	0
144276	0
12144303	0
43351996	0
26974355	0
36825293	0
20030152	0
1081291	0
7679294	0
5467452	0
20406	0
6405977	0
2676663	0
21787108	0
34680194	0
6162070	0
25728700	0
32178376	0
26962238	0
40431492	0
350232	0
2568881	0
11019012	0
5771177	0
10435113	0
6763708	0
3294855	0
34805856	0
28416829	0
31247199	0
23105363	0
7040830	0
15037513	0
15980149	0
3080997	0
16031300	0
1176281	0
17659732	0
2035450	0
4176225	0
5424658	0
13264096	0
179801	0
6733634	0
5275525	0
19513590	0
174492	0
2461822	0
1035161	0
45454527	0
22395943	0
3254591	0
122292	0
898506	0
40745149	0
2444963	0
41540155	0
