1797003	1
4637590	1
1525395	1
7219199	1
26915094	1
4773216	1
19542638	1
3521173	1
16588997	1
15951719	1
18159950	1
5727664	1
25590554	1
13097741	1
7237929	1
642484	1
736975	1
2665685	1
3121688	1
590459	1
181809	1
12800656	1
42664031	1
28760423	1
8012981	1
14234973	1
1060521	1
400734	1
7679953	1
5732537	1
145943	1
1973236	1
14257191	1
781177	1
1672146	1
21533032	1
1411421	1
19492811	1
23961185	1
810530	1
5198507	1
16582773	1
5961344	1
35756361	1
4427197	1
338248	1
1318477	1
1944790	1
1220103	1
2202994	1
11703787	1
23716732	1
2652731	1
2015135	1
7339275	1
1460121	1
23443855	1
69438	1
2447839	1
8221379	1
1256008	1
10865256	1
7633057	1
3721236	1
14917143	1
34587636	1
3044911	1
9144913	1
760437	1
5031048	1
9149968	1
393118	1
23799539	1
1039760	1
8439786	1
42514738	1
21083854	1
1179144	1
46194988	1
512240	1
3379519	1
38578102	1
20070500	1
3454761	1
1087480	1
40675605	1
3228389	1
1490545	1
1029456	1
16721005	1
1543845	1
84878	1
484740	1
20339285	1
18998720	1
1775062	1
339050	1
19174367	1
764386	1
209189	1
3414202	1
7635167	1
5215144	1
18268852	1
553183	1
40589031	1
40093407	1
188533	1
11455079	1
5973840	1
352441	1
1219667	1
32267267	1
3019614	1
26223271	1
236439	1
208403	1
619962	1
143684	1
19109497	1
16839300	1
30970884	1
2770937	1
1701844	1
9108077	1
53762	1
17214	1
25711760	1
34718537	1
5176821	1
2253884	1
5412130	1
2484663	1
5401392	1
14347442	1
365472	1
23093710	1
2501073	1
370939	1
15017374	1
1533926	1
26708027	1
2488147	1
9424472	1
41580019	1
213143	1
318548	1
1326837	1
3563437	1
1371507	1
894	1
5919404	1
9915023	1
3019555	1
14695903	1
2491116	1
7701569	1
2642386	1
880436	1
1398675	1
5323462	1
33278687	1
3820752	1
4497036	1
18879180	1
269055	1
15723645	1
764111	1
24724655	1
128422	1
1543939	1
9271073	1
14243418	1
7121197	1
31417612	1
28796657	1
12235000	1
8400658	1
22753	1
16142	1
4382452	1
1363739	1
1561202	1
3092405	1
667565	1
1026714	1
803325	1
11339328	1
2497690	1
31775871	1
27457182	1
4643887	1
1072700	1
46744	1
19685033	1
29468022	1
1263246	1
27580908	1
15779462	1
52944	1
3973	1
10507836	1
4109796	1
26387188	1
936177	1
5439811	1
417492	1
22160627	1
26598741	1
2035465	1
512006	1
4818157	1
12363800	1
5504634	1
1083550	1
1919475	1
383078	1
2578177	1
16863026	1
1648751	1
25801683	1
3274934	1
4698625	1
3898354	1
40057914	1
18195524	1
160985	1
7345	1
2243492	1
2071919	1
934496	1
183316	1
12797979	1
3931727	1
766103	1
1222983	1
22674984	1
366480	1
6380733	1
1068155	1
1506854	1
98626	1
979929	1
5240741	1
434899	1
8099951	1
7459844	1
230264	1
359087	1
3137851	1
30862876	1
7709295	1
1571086	1
1759908	1
29162884	1
11682356	1
7755618	1
656262	1
20780709	1
10034555	1
14008803	1
13476167	1
22787062	1
412696	1
2488101	1
17590919	1
16535	1
872960	1
433083	1
39570627	1
1103509	1
1342036	1
48740213	1
40362480	1
18993082	1
1219735	1
46647356	1
1465534	1
5328463	1
13739100	1
10986501	1
2677696	1
13136540	1
1704254	1
429549	1
6199764	1
37434748	1
147976	1
3235586	1
416900	1
769522	1
43908961	1
13435451	1
1498769	1
2149676	1
1059160	1
47685679	1
1875895	1
3720912	1
985758	1
17348672	1
8018314	1
14872835	1
25223767	1
421706	1
11105214	1
1215046	1
1317776	1
24098449	1
37269002	1
6107895	1
1053420	1
200128	1
282603	1
24193702	1
728727	1
15270160	1
7147749	1
11647173	1
15775627	1
629422	1
1045351	1
3563781	1
240952	1
630500	1
22524903	1
47117319	1
29538962	1
4673	1
5219401	1
20124415	1
2661360	1
239528	1
27541232	1
1852286	1
526138	1
5899639	1
21673	1
393129	1
1935105	1
4561870	1
2132449	1
1520938	1
3783077	1
20086138	1
152125	1
4272358	1
1710877	1
1444871	1
506917	1
1227091	1
1120080	1
6817797	1
4534352	1
555446	1
880888	1
1003265	1
3142599	1
279562	1
435503	1
225465	1
249470	1
7802697	1
12730176	1
3739970	1
42131105	1
10618062	1
18508666	1
11236193	1
7742453	1
4423963	1
1827115	1
23944872	1
5155877	1
60948	1
1817087	1
145983	1
6972021	1
3239866	1
1525955	1
2158046	1
10245514	1
729851	1
1249242	1
176426	1
36372567	1
816344	1
15833069	1
15177106	1
637282	1
12219661	1
971207	1
19845668	1
12755545	1
10439132	1
475178	1
5985185	1
4781368	1
4290872	1
446838	1
34942133	1
8770294	1
3014427	1
2414908	1
16218530	1
2020809	1
3498753	1
14925051	1
2993947	1
1494	1
980836	1
1870854	1
4086460	1
8304908	1
3893742	1
39883348	1
81083	1
2695831	1
1732656	1
4068650	1
3659913	1
33380499	1
2530612	1
20223021	1
1530042	1
1092658	1
20819139	1
3753970	1
14078290	1
227190	1
50961	1
3139655	1
17023768	1
15788568	1
1810154	1
221452	1
4602105	1
30751928	1
4915239	1
876354	1
125204	1
3753513	1
16921605	1
3951818	1
23996976	1
166314	1
7451840	1
19062457	1
21338710	1
1354516	1
21848	1
16789908	1
13308067	1
1841410	1
1329175	1
4130286	1
860898	1
621759	1
518545	1
6012084	1
12019359	1
452116	1
1064475	1
3281261	1
31761774	1
2068515	1
1967456	1
2218594	1
13650005	1
880401	1
12853635	1
782364	1
38815402	1
1735606	1
1730162	1
4734186	1
7635609	1
12682793	1
907830	1
2915390	1
2826000	1
308017	1
10180994	1
26148691	1
623387	1
3194679	1
24154980	1
18998784	1
1083556	1
93249	1
6829911	1
5026163	1
407527	1
5370060	1
1748995	1
4630465	1
11692737	1
254052	1
31641367	1
47935877	1
21939084	0
5166045	0
625686	0
29027399	0
3909994	0
248309	0
47544512	0
6153487	0
24488612	0
37848593	0
5018573	0
48714476	0
23635291	0
10222517	0
111206	0
4939884	0
31818991	0
17908309	0
21491113	0
5760969	0
38801934	0
15778011	0
14997446	0
29695698	0
54644	0
3199063	0
19020155	0
16558681	0
14390708	0
18556097	0
9039428	0
8959023	0
7320103	0
2091985	0
1212163	0
4275886	0
42746199	0
2292416	0
1675406	0
33334829	0
747742	0
7645036	0
7093316	0
7566384	0
42041384	0
35617689	0
31253307	0
3236764	0
28859751	0
176083	0
13857757	0
38906514	0
1990444	0
556520	0
44281129	0
13712014	0
23168153	0
600076	0
3520261	0
12098422	0
37395848	0
43853567	0
36184207	0
14375946	0
6086939	0
721944	0
19524160	0
15482761	0
20807258	0
23425225	0
583737	0
31297646	0
509166	0
24518749	0
3728813	0
5109931	0
26406817	0
44487208	0
4773415	0
7992252	0
22321851	0
2831271	0
8141836	0
30339361	0
356928	0
6822987	0
1731314	0
20273824	0
6766079	0
674839	0
345016	0
10930376	0
374505	0
2507914	0
1429127	0
3689634	0
34221011	0
17782099	0
3348125	0
10361230	0
37422776	0
1528040	0
13212536	0
950352	0
23704110	0
919204	0
161046	0
39576622	0
11745869	0
6327163	0
39554806	0
37277635	0
4425997	0
2939920	0
2227436	0
22812308	0
3895437	0
15652858	0
18808220	0
4846471	0
3456117	0
1936530	0
4048247	0
486805	0
33059725	0
8115135	0
33581774	0
8010052	0
32416307	0
4624637	0
40722983	0
4773268	0
2355383	0
19865177	0
5952965	0
4120842	0
6907963	0
9074993	0
190835	0
17846889	0
46886400	0
21877372	0
7803051	0
2392305	0
19350711	0
4726187	0
30600028	0
30740751	0
47237601	0
7711820	0
3434732	0
15341919	0
32747755	0
9460022	0
38933131	0
36459873	0
2985122	0
1179427	0
45159742	0
41912460	0
406241	0
2728247	0
322169	0
22064932	0
113635	0
23661785	0
15545622	0
33837196	0
893167	0
5771022	0
10137245	0
7555038	0
2263214	0
5636171	0
353929	0
41761635	0
212711	0
1765800	0
10421480	0
34368987	0
1665989	0
22645192	0
1995893	0
4282793	0
13009654	0
21575967	0
2520862	0
2626985	0
948784	0
8569414	0
14541388	0
410253	0
627625	0
27872391	0
1730549	0
42291536	0
16347440	0
43222294	0
120699	0
7982359	0
18782177	0
18571051	0
14930873	0
9430364	0
4605599	0
2305838	0
3946904	0
577541	0
22973773	0
26584417	0
319801	0
42624	0
81919	0
32433149	0
145096	0
9722724	0
20117014	0
19520349	0
579603	0
29745335	0
42453305	0
25558365	0
2933522	0
18548233	0
3327237	0
65565	0
8259702	0
37933463	0
8627907	0
48511239	0
6558219	0
10958549	0
4560580	0
42640338	0
2771620	0
20466358	0
1724685	0
34832268	0
30545001	0
7006391	0
3323431	0
36119759	0
48014107	0
1725698	0
16489533	0
5145427	0
6532066	0
743699	0
5317469	0
16461043	0
9869577	0
3655544	0
2748374	0
10825141	0
1346135	0
28949570	0
2414461	0
37052096	0
14264539	0
3504054	0
11209999	0
5065759	0
153552	0
5208966	0
2367846	0
6171902	0
1787725	0
3915545	0
11552479	0
1963179	0
1384182	0
1285757	0
35581607	0
2965723	0
2228901	0
1489856	0
18361148	0
8369466	0
6680744	0
34847119	0
5720162	0
23122454	0
624504	0
2812991	0
744908	0
4262671	0
15424077	0
838799	0
25064524	0
12829082	0
9796250	0
1923856	0
2432953	0
16646485	0
2574320	0
8895114	0
1840132	0
39407594	0
5869518	0
8618890	0
13952480	0
27593127	0
15055656	0
27806651	0
10149399	0
130197	0
2333272	0
3190779	0
23219817	0
17466601	0
227165	0
36549811	0
2355327	0
383628	0
7759796	0
3526678	0
27664809	0
7263355	0
637628	0
9777111	0
775013	0
47699615	0
11099488	0
21966927	0
1705842	0
10887159	0
3241247	0
2220160	0
7189402	0
13938557	0
9200216	0
17863964	0
4097330	0
22788251	0
33396897	0
31726219	0
37185899	0
2094079	0
2091266	0
24213808	0
21409631	0
10426006	0
968508	0
862694	0
14446718	0
419763	0
45691735	0
21335084	0
2228602	0
42872120	0
47506415	0
24215583	0
8561789	0
11153851	0
36618107	0
14515572	0
5414157	0
707976	0
8869816	0
732910	0
4946169	0
118517	0
6861649	0
6754453	0
16790324	0
29875481	0
5215498	0
8297005	0
1262152	0
1073386	0
9987945	0
4578738	0
2312946	0
2282364	0
1268800	0
1988452	0
32558131	0
252008	0
3554788	0
23911571	0
7551265	0
12565533	0
230308	0
2169282	0
1806215	0
9635578	0
484722	0
1234299	0
505973	0
19028129	0
27610849	0
1756506	0
6416086	0
41065722	0
10086192	0
24080248	0
5209524	0
2607914	0
143536	0
8604035	0
5445251	0
30749814	0
11061920	0
4317385	0
18838983	0
2512398	0
1021475	0
36664550	0
7161299	0
1369007	0
40848327	0
1172160	0
17047895	0
9599862	0
2079409	0
4473682	0
44972168	0
373975	0
108968	0
4380151	0
39623369	0
26901334	0
4107047	0
3242089	0
27370502	0
22829572	0
8933186	0
6719021	0
21920923	0
6636936	0
8064939	0
1861831	0
10932931	0
4003688	0
19746798	0
8274433	0
47679947	0
1108881	0
799305	0
9485331	0
8397480	0
14098558	0
5425746	0
6629541	0
7319192	0
3449368	0
23668719	0
2721008	0
11713766	0
5275560	0
3529460	0
4260775	0
109329	0
15005572	0
1300584	0
970478	0
13164354	0
4558347	0
620812	0
6788063	0
18189583	0
5136726	0
2530991	0
15676548	0
4212963	0
3503224	0
491329	0
7515161	0
7245485	0
495777	0
8437786	0
1356982	0
11586671	0
1990847	0
2761089	0
674878	0
38445583	0
20053355	0
17886036	0
26614105	0
15640847	0
37639625	0
16445038	0
44141275	0
3303685	0
23294420	0
2138670	0
10970957	0
112701	0
10384389	0
126512	0
3185018	0
593926	0
31271412	0
3323969	0
3271981	0
7409218	0
5404881	0
1560234	0
39364090	0
