18712379	1
134521	1
18503678	1
9710681	1
351026	1
2157204	1
328635	1
8320501	1
250638	1
71056	1
119087	1
429660	1
25805392	1
39870143	1
37719128	1
116951	1
7319783	1
13561509	1
2610980	1
25171966	1
15063434	1
31309430	1
87961	1
7028309	1
22835317	1
18980657	1
27092744	1
144248	1
7077106	1
95813	1
3536753	1
20964969	1
874789	1
4464109	1
1774516	1
3136987	1
26384934	1
11535685	1
13237686	1
10431453	1
9746873	1
97477	1
35303428	1
32650002	1
4150083	1
14545007	1
491975	1
128961	1
34024803	1
1202743	1
13237819	1
30797797	1
25128183	1
866695	1
40426452	1
32126735	1
31120508	1
34650268	1
44689247	1
5985437	1
30872700	1
990475	1
32298870	1
330072	1
10157052	1
449839	1
23718869	1
7930187	1
256937	1
5650184	1
93948	1
12932605	1
10072597	1
22356621	1
34258582	1
29132839	1
7799418	1
320964	1
29552474	1
973827	1
18978563	1
33701983	1
92324	1
2520336	1
6945818	1
16225505	1
16487787	1
14541891	1
475580	1
627632	1
34130	1
1161574	1
3663636	1
524618	1
806267	1
2567310	1
4678528	1
18289784	1
1839094	1
8268443	1
124982	1
32807439	1
3149402	1
1466730	1
108850	1
72276	1
347756	1
644521	1
173394	1
4404167	1
5278994	1
972853	1
27826460	1
23421926	1
26211312	1
1211427	1
5592027	1
108443	1
32807474	1
9113109	1
36756822	1
16658220	1
389903	1
26010	1
44706749	1
11336482	1
12104746	1
13686175	1
13155	1
30057	1
656843	1
1588703	1
5359224	1
3118889	1
30158930	1
122225	1
32544855	1
46505	1
18622471	1
153582	1
27973423	1
29225382	1
29166152	1
1506853	1
1929626	1
30260738	1
16011797	1
12201300	1
15644361	1
1397418	1
10377343	1
113669	1
1857395	1
15298202	1
33834107	1
728093	1
33824686	1
39798176	1
289673	1
49725	1
114484	1
2780146	1
255434	1
19457242	1
2791833	1
33244501	1
996674	1
984485	1
247779	1
43672820	1
3236890	1
11104031	1
42081976	1
1649278	1
17434734	1
2272958	1
19090647	1
34225559	1
22756496	1
39387349	1
85262	1
6750365	1
1053140	1
3734593	1
232782	1
5956645	1
17605272	1
46731164	1
336441	1
22143616	1
110596	1
515707	1
43487568	1
24344761	1
4379350	1
5521964	1
498538	1
385738	1
447844	1
20277556	1
14335899	1
311891	1
82140	1
766015	1
9246358	1
2515819	1
12387535	1
20718718	1
2490805	1
15197200	1
25642135	1
24232108	1
857259	1
5775215	1
96184	1
7684206	1
13109456	1
1238605	1
3591788	1
108802	1
23770488	1
97451	1
16595362	1
4621284	1
116617	1
32908	1
8838210	1
95386	1
1396297	1
23368387	1
23940287	1
47152323	1
22121672	1
513971	1
12626914	1
32645745	1
20756514	1
178664	1
33735120	1
11464346	1
31303711	1
586836	1
197225	1
35183464	1
91344	1
39472482	1
34164	1
18384496	1
2099885	1
137472	1
24412495	1
16304842	1
134434	1
12737171	1
5010157	1
1261302	1
23358025	1
13721379	1
3021524	1
276342	1
58230	1
8149360	1
367817	1
1298785	1
4629503	1
1294863	1
326512	1
16771894	1
19974259	1
34987793	1
16584675	1
2538658	1
20672	1
126883	1
23822307	1
7890700	1
409224	1
490301	1
9381228	1
7989933	1
16809415	1
9511058	1
2936850	1
16136231	1
12773821	1
576007	1
9263678	1
17814582	1
512231	1
1933666	1
4228618	1
18893727	1
23434954	1
5672	1
24010763	1
126063	1
23396244	1
15431165	1
7614196	1
1103334	1
4033519	1
7887976	1
2682927	1
26087751	1
30463	1
8760532	1
1361067	1
12498429	1
7450016	1
4568049	1
25705927	1
174214	1
108774	1
18855594	1
352430	1
2564496	1
30860220	1
13713924	1
386189	1
3064814	1
16283712	1
5973988	1
768832	1
683668	1
4665170	1
26211479	1
1148	1
8710659	1
111352	1
1988088	1
8651169	1
20265135	1
24077711	1
285605	1
6147129	1
659306	1
4196609	1
3189961	1
272488	1
28650859	1
6427	1
3812131	1
20535457	1
2017943	1
353969	1
125038	1
8499501	1
21711647	1
7489219	1
7377917	1
7220765	1
37432	1
15574613	1
151138	1
620148	1
5675296	1
64116	1
9729299	1
18794797	1
98419	1
25384845	1
28638596	1
24484187	1
8639745	1
8572292	1
26694912	1
266910	1
2954706	1
390547	1
1870072	1
23261847	1
1331481	1
728700	1
943547	1
399933	1
2092024	1
1300617	1
1048012	1
363963	1
65834	1
131212	1
2563841	1
5062454	1
10651769	1
3142378	1
30863	1
70756	1
3227868	1
114078	1
127765	1
58236	1
131882	1
7204070	1
32365568	1
713412	1
12953749	1
1596654	1
5365066	1
23822999	1
20356107	1
131798	1
33812351	1
866871	1
35482153	1
539612	1
3843774	1
128218	1
367267	1
34946046	1
381580	1
23251708	1
6778	1
130744	1
12087801	1
15088323	1
650431	1
18014097	1
27698	1
1055225	1
7552346	1
583156	1
1608841	1
36806387	1
984829	1
17998300	1
176307	1
6058516	1
5614026	1
8498138	1
4642021	1
176759	1
37166411	1
126536	1
1657337	1
44973779	1
12517487	1
13780258	1
40573096	1
11011703	1
679863	1
341362	1
18729001	1
2152180	1
211712	1
3170957	1
8131224	1
47616082	1
11910018	1
10045614	1
25527718	1
44968884	1
3741935	1
1948244	1
26600824	1
2926290	1
41391985	1
3188682	1
8692782	1
41694275	1
4979833	1
21641	1
24090539	1
3045662	1
260197	1
24911309	1
2589102	1
2866512	1
116694	1
32131169	1
251662	1
253413	1
10327902	1
1160500	1
377853	1
20619406	1
91346	1
27286629	1
569820	1
1863943	1
256934	1
41407393	1
7293	1
19413543	1
21652546	1
1093037	1
25958151	1
28775351	1
2854490	1
26904140	1
21139637	1
20040092	1
992180	1
359147	1
28069832	1
3812318	1
11515955	1
110905	1
14307616	1
30249028	1
2133639	1
11842327	0
30961553	0
2298892	0
323128	0
4709163	0
5645638	0
4035262	0
38152129	0
587403	0
10700291	0
12525201	0
32474517	0
26321498	0
34351521	0
13684319	0
2016541	0
6205456	0
958026	0
31280342	0
1163388	0
28967797	0
34272956	0
111538	0
317195	0
35133815	0
15960384	0
487964	0
2095812	0
8910666	0
40843098	0
3503183	0
475903	0
32568489	0
13647271	0
42375973	0
354940	0
3141351	0
30872523	0
10837270	0
21917148	0
4464078	0
10161749	0
35197161	0
17624565	0
7942098	0
8271014	0
17220890	0
3327758	0
20987282	0
12676019	0
1090196	0
5792266	0
47713245	0
6417079	0
23894526	0
2724404	0
1041073	0
31181436	0
17468863	0
5761714	0
30336610	0
8176656	0
5734915	0
9963312	0
10980009	0
868530	0
5882377	0
4199241	0
4308481	0
71406	0
42497331	0
11398303	0
2392483	0
27874763	0
15460283	0
11529548	0
3549920	0
16047484	0
825869	0
18308477	0
14079871	0
38886409	0
26217296	0
15430068	0
9992952	0
11892654	0
14353934	0
1903379	0
44174254	0
16965329	0
32831278	0
7760132	0
3968967	0
1561153	0
5780111	0
48444895	0
12765389	0
35747922	0
35544597	0
22440113	0
82233	0
3288246	0
12151251	0
38873238	0
12260677	0
590389	0
3419262	0
10924982	0
5483684	0
14254953	0
4227282	0
2268820	0
569917	0
3446383	0
22213961	0
4663606	0
129237	0
16778691	0
31247516	0
34359882	0
8464647	0
44993221	0
406241	0
115248	0
21692	0
1935748	0
7670389	0
17906427	0
34299495	0
5834126	0
351778	0
20748985	0
884782	0
31981715	0
32683783	0
23661448	0
30462586	0
22991847	0
9996142	0
2428623	0
1186961	0
1922144	0
7535019	0
1855488	0
2183655	0
3898047	0
7337297	0
1259905	0
7348524	0
10966848	0
3055225	0
1056315	0
22037906	0
31752077	0
3558786	0
1961504	0
2073494	0
4671588	0
6782348	0
2917074	0
13765228	0
8867962	0
25625495	0
617783	0
372477	0
17065885	0
459118	0
9444793	0
18159799	0
4687948	0
5425307	0
2261547	0
25022114	0
24783402	0
2522897	0
12648941	0
286052	0
2626452	0
23992239	0
40412227	0
32723564	0
21168685	0
4721707	0
2354071	0
34207877	0
9232785	0
5980803	0
2601890	0
669468	0
31178612	0
33419728	0
8326182	0
31722905	0
8030673	0
15936547	0
9520634	0
34605009	0
14985414	0
153094	0
15828654	0
3513568	0
18993956	0
4024967	0
16365690	0
124535	0
1003268	0
32656988	0
8386084	0
2502814	0
29862345	0
20398482	0
8983479	0
3211278	0
29156171	0
4525043	0
1243528	0
2924016	0
28827394	0
12428079	0
798406	0
33199658	0
25915893	0
5944290	0
18841561	0
12756557	0
36881881	0
10033359	0
24604195	0
15440229	0
1177884	0
12564921	0
31366145	0
43069492	0
2961514	0
8345320	0
6134913	0
18982530	0
5746808	0
2813836	0
12010495	0
1160341	0
562921	0
8644304	0
525504	0
3037310	0
4359728	0
584165	0
14615892	0
2429474	0
19908714	0
1899979	0
14396	0
13245914	0
5792806	0
6598293	0
152382	0
236874	0
28288795	0
4980729	0
7864278	0
11136802	0
1777096	0
11040373	0
4784402	0
7672680	0
21255249	0
2146776	0
4943613	0
45167061	0
1314336	0
28931235	0
434449	0
3679357	0
3937863	0
3714296	0
25445637	0
18246584	0
8799872	0
43674126	0
43658158	0
14750183	0
8998408	0
10463810	0
18054163	0
20615984	0
39141152	0
30855913	0
1178188	0
2812520	0
722312	0
23751876	0
31805859	0
22440420	0
11381456	0
9219531	0
24722899	0
9002389	0
3275737	0
138097	0
19486468	0
8964714	0
2445848	0
112611	0
2357977	0
49509121	0
39472362	0
16832934	0
1902268	0
2375489	0
3926261	0
40072891	0
33135626	0
46653133	0
7500257	0
36365981	0
37072114	0
7895073	0
16486222	0
23114041	0
38921787	0
12985644	0
31515774	0
38133590	0
3539897	0
13570703	0
17749412	0
18980090	0
48691177	0
26350294	0
33727377	0
42513034	0
7237259	0
2227228	0
12745554	0
103566	0
11559048	0
123538	0
15159627	0
30430289	0
6688884	0
35890430	0
1408540	0
12939656	0
2377223	0
20709758	0
48415084	0
2666898	0
30508277	0
28947869	0
134879	0
11312498	0
29294278	0
1751682	0
10307990	0
3448877	0
34198	0
39407612	0
966488	0
6436188	0
4429233	0
23615900	0
5950447	0
4826551	0
115696	0
21923886	0
13930521	0
3644651	0
16303230	0
6952210	0
3581775	0
453141	0
6840868	0
5018254	0
41714106	0
1382701	0
28942830	0
23949254	0
18584057	0
5892770	0
2029159	0
4744015	0
25140121	0
22864371	0
43097069	0
13604898	0
8775921	0
575668	0
22533740	0
2927534	0
377944	0
15321946	0
1838823	0
6824071	0
15338675	0
3464486	0
5026049	0
17641107	0
33850044	0
13633262	0
37533	0
12344161	0
1042307	0
2587056	0
15320585	0
39851163	0
37039376	0
8387692	0
5285328	0
1795750	0
42359447	0
52636	0
26225037	0
3830125	0
5950644	0
47648144	0
10810256	0
1166867	0
36314316	0
846963	0
2796677	0
3747254	0
94828	0
30796158	0
30662	0
18750413	0
119878	0
34374206	0
9627853	0
2970389	0
3925888	0
40973622	0
745979	0
48554628	0
27950479	0
999859	0
22715504	0
48432276	0
17406731	0
35154859	0
40860847	0
2183646	0
30127322	0
31249148	0
2898296	0
8571625	0
4414624	0
26606337	0
19178160	0
33595150	0
5918704	0
6329551	0
25229204	0
111162	0
1259023	0
619287	0
2091134	0
12877911	0
14932648	0
9134413	0
3710179	0
35826762	0
22085594	0
382665	0
20360	0
38486049	0
36205681	0
30351454	0
548102	0
13148994	0
15981544	0
27328628	0
26252591	0
40880380	0
1090657	0
566707	0
30884394	0
21805897	0
8603329	0
48733201	0
3614273	0
9374998	0
35217718	0
21943039	0
19974625	0
13056894	0
11132569	0
5131314	0
354229	0
19371756	0
36922568	0
3000084	0
21725145	0
25744663	0
3403047	0
13573853	0
29163693	0
11273347	0
48508106	0
4246153	0
13859483	0
