1835482	1
300668	1
115532	1
114670	1
284493	1
23278306	1
2163445	1
704268	1
186914	1
37410	1
18621156	1
37254355	1
19375577	1
7062332	1
33072549	1
790323	1
207459	1
1063878	1
1487827	1
40737855	1
5775215	1
2811280	1
35860852	1
618244	1
28237078	1
19310901	1
98656	1
148328	1
13539437	1
3054882	1
6312673	1
12677713	1
31562018	1
1089554	1
185633	1
285822	1
4827239	1
5611947	1
2958488	1
1106313	1
14353851	1
1399844	1
5131777	1
108769	1
3888145	1
2168072	1
8674184	1
25778885	1
6333283	1
50450	1
182323	1
693681	1
383365	1
515933	1
294064	1
653123	1
9047224	1
344940	1
23371965	1
947688	1
856907	1
1028078	1
125481	1
29141992	1
28769274	1
763965	1
25536548	1
313635	1
2447265	1
9843	1
457917	1
185653	1
2058414	1
840266	1
4297817	1
2598545	1
39316300	1
7023	1
914180	1
1344090	1
7350921	1
31810702	1
201485	1
193450	1
16774317	1
91035	1
28003174	1
21275969	1
5750443	1
122426	1
7462818	1
1021662	1
29817198	1
2433990	1
29553934	1
6085740	1
3965715	1
12025149	1
15979618	1
39628619	1
583292	1
9421129	1
5006669	1
8330129	1
129233	1
15039401	1
5167466	1
199778	1
203437	1
1630504	1
3614492	1
24700627	1
630946	1
626625	1
50781	1
15443868	1
959572	1
5723219	1
5862389	1
848130	1
2590767	1
9463644	1
1548648	1
9653934	1
467872	1
1218384	1
301717	1
12314781	1
1437605	1
485617	1
1480351	1
6555896	1
1022764	1
1097066	1
370551	1
31756017	1
1138643	1
31570	1
4878316	1
887281	1
13548286	1
342743	1
562679	1
11727655	1
7562835	1
32073	1
20566786	1
31150160	1
1668466	1
18668500	1
485785	1
1517084	1
129814	1
7122586	1
2606338	1
35794972	1
1315801	1
147776	1
25378263	1
2516153	1
591540	1
349538	1
1814702	1
115060	1
1482924	1
19720355	1
978039	1
5786131	1
1028933	1
471396	1
6208344	1
1569519	1
1461347	1
1260021	1
2545343	1
28393967	1
5733113	1
444511	1
22089368	1
8370927	1
1733449	1
5424289	1
1411790	1
11168342	1
4404315	1
1364597	1
1026279	1
3212165	1
2109840	1
514897	1
31331	1
359900	1
38497282	1
3010318	1
16524593	1
3734593	1
3538490	1
45645094	1
402205	1
2931472	1
2075239	1
15769568	1
18487707	1
327922	1
11432285	1
27622460	1
1607733	1
561508	1
1453702	1
147713	1
20853263	1
8050616	1
285605	1
10017150	1
21165489	1
584381	1
481385	1
13739620	1
65487	1
9643876	1
1148654	1
391839	1
186208	1
147848	1
53683	1
223120	1
25108746	1
1333859	1
40340678	1
263867	1
1065537	1
2661462	1
6969063	1
799734	1
1688720	1
17426755	1
3418454	1
12001999	1
27416986	1
1281037	1
131751	1
576575	1
285213	1
3639750	1
217036	1
5580715	1
36501805	1
298306	1
2471109	1
175782	1
772405	1
72950	1
3851319	1
78876	1
5782242	1
107841	1
211795	1
327584	1
426566	1
23300496	1
17067373	1
61720	1
34991318	1
485805	1
9881722	1
500560	1
3976298	1
964832	1
3046893	1
1121725	1
365206	1
19410201	1
7125300	1
475752	1
23725856	1
30456135	1
10917247	1
17567060	1
1018778	1
26248045	1
2350361	1
1210297	1
1628107	1
16065631	1
120883	1
31784	1
11105716	1
19341507	1
55004	1
3298990	1
6760	1
59076	1
32173266	1
12891	1
23087445	1
1408655	1
5206981	1
414902	1
483432	1
209240	1
2680864	1
105121	1
57860	1
447401	1
1973575	1
105698	1
213739	1
145593	1
1397722	1
7119329	1
8811820	1
2835161	1
432442	1
24886751	1
25445764	1
9186994	1
12600716	1
25343	1
9243312	1
18991666	1
65568	1
109846	1
2096823	1
308094	1
6532399	1
16006044	1
1941189	1
147769	1
3847578	1
29768254	1
2231440	1
6854404	1
1861116	1
1231403	1
11652207	1
7649599	1
138420	1
903203	1
1010289	1
5802989	1
2176829	1
8547090	1
23284	1
4514673	1
1210466	1
624896	1
11702126	1
1335486	1
19286957	1
7621451	1
3833	1
60005	1
8356377	1
44080340	1
15424400	1
14825476	1
30089	1
6692736	1
14154812	1
3625101	1
34656579	1
474147	1
850446	1
6368880	1
49273951	1
3406965	1
301834	1
11178291	1
44348016	1
5633824	1
97674	1
17969109	1
18179879	1
953867	1
9660231	1
82056	1
333233	1
475780	1
10421412	1
8098044	1
39728939	1
543691	1
703040	1
8288051	1
11874	1
18671103	1
957774	1
1854818	1
23717687	1
4447497	1
7747108	1
235094	1
26929354	1
4750993	1
375344	1
12169572	1
2444	1
1858104	1
27458342	1
23917202	1
31169695	1
36062440	1
21046702	1
900484	1
556367	1
15911253	1
11920938	1
4490081	1
1301049	1
5090064	1
7867881	1
6206476	1
20189867	1
5469049	1
1769515	1
81640	1
405888	1
9236405	1
171136	1
2203564	1
1352420	1
5507503	1
606406	1
31361	1
40390174	1
40782634	1
196638	1
28019464	1
5905505	1
17276	1
1718456	1
307091	1
4464817	1
5426652	1
109038	1
122275	1
13707421	1
844858	1
351638	1
948279	1
21361904	1
609636	1
7152010	1
23038510	1
9426	1
2472166	1
20640472	1
5544058	1
3476346	1
32387618	1
45884	1
2243939	1
25023161	1
400254	1
39389	1
850992	1
4355874	1
2937086	1
90050	1
38068936	1
1178217	1
126820	1
9490205	1
17636329	1
24882132	1
31433123	1
828172	1
1354806	1
50808	1
107336	1
283883	1
14893305	1
472963	1
190957	1
4204969	1
585363	1
15536212	1
31374512	1
35860792	1
1756021	1
336488	1
560716	1
3266377	1
3506643	1
377891	1
56259	1
354386	1
8450104	1
1530943	1
21892587	1
19491752	1
1210354	1
8134889	1
33106218	1
771540	1
44950	1
16396071	1
72987	1
3215359	1
290145	1
41832039	0
29785691	0
6714504	0
20591476	0
4006831	0
1504054	0
40137143	0
21268974	0
47916776	0
28105062	0
3354295	0
1174350	0
1043974	0
11347424	0
33599322	0
16996168	0
2750381	0
30863198	0
21497941	0
607735	0
13937127	0
24409199	0
9239837	0
1486564	0
23408871	0
7442220	0
37308006	0
11292393	0
5476898	0
1364265	0
1266960	0
18248367	0
22069983	0
6706470	0
17357104	0
13020513	0
4781184	0
24908595	0
48338456	0
132047	0
17592314	0
2184185	0
761164	0
14450797	0
34240	0
160834	0
2504667	0
6489215	0
9469934	0
28144063	0
4550196	0
33499509	0
19721566	0
17847824	0
25382123	0
6027296	0
479938	0
61179	0
6281314	0
30910947	0
18391398	0
19570077	0
19864705	0
2764948	0
26456115	0
1572049	0
34269758	0
28149299	0
13948106	0
362521	0
12024724	0
7037421	0
378214	0
1664157	0
7131207	0
21347539	0
7599792	0
4067130	0
9700368	0
8301711	0
184483	0
3187359	0
1200075	0
30865755	0
4052899	0
5407222	0
13177770	0
114881	0
4253103	0
28793270	0
15376170	0
21339493	0
29637067	0
13169074	0
11405756	0
17950835	0
15931999	0
7178873	0
13300352	0
298544	0
1606940	0
2946790	0
4000034	0
4294193	0
31615971	0
300210	0
3299839	0
165804	0
4391214	0
116030	0
4182107	0
6152777	0
19317605	0
451692	0
133324	0
392902	0
3788150	0
1197020	0
32571175	0
43012561	0
1236785	0
3575545	0
36838215	0
972132	0
19025629	0
14174800	0
18758858	0
1979724	0
429135	0
221544	0
17459749	0
26007864	0
1357437	0
6732888	0
44764608	0
26312515	0
1450020	0
106705	0
48659853	0
2435810	0
31171	0
39791361	0
9496227	0
6744608	0
3632008	0
5745912	0
12400597	0
1787797	0
15017277	0
10747244	0
10356625	0
45621606	0
302743	0
3024395	0
20059117	0
15791284	0
24795707	0
18874173	0
12492494	0
1328234	0
1742403	0
36193816	0
3514701	0
235323	0
4667849	0
18158473	0
15062739	0
40469355	0
38848850	0
23934617	0
9841813	0
2150385	0
415872	0
19006552	0
36364492	0
9235839	0
14435654	0
8587569	0
9560369	0
2964394	0
2119676	0
23100891	0
5768358	0
33010153	0
42772251	0
1371941	0
5520173	0
18607185	0
31737329	0
31018220	0
6706728	0
1172325	0
44528204	0
4334604	0
19758757	0
6211437	0
1496856	0
3012134	0
14471529	0
30560794	0
19988325	0
17505901	0
3653782	0
5698051	0
3593206	0
1177480	0
8857952	0
3475521	0
285616	0
864317	0
18694580	0
33099249	0
17310306	0
2981673	0
20297335	0
7010421	0
11851564	0
33843346	0
4272265	0
127486	0
24876888	0
47815810	0
11818630	0
46699296	0
21347361	0
32853595	0
3151366	0
5085803	0
48529427	0
6230	0
7411686	0
12444009	0
440861	0
1793700	0
31918654	0
10562981	0
26182159	0
38280993	0
13564123	0
7140058	0
12255909	0
5440414	0
934118	0
4031051	0
2290335	0
37511014	0
7340254	0
1012186	0
3923432	0
9781810	0
22727959	0
3494593	0
7508844	0
18748307	0
3076123	0
4390775	0
5486459	0
22703322	0
23544875	0
30468593	0
3594345	0
1429526	0
35714819	0
35610054	0
8574968	0
4276610	0
18240814	0
32551386	0
31078858	0
6277595	0
370068	0
19540626	0
4558042	0
20209954	0
16592834	0
17212756	0
6909487	0
8366650	0
14510360	0
8629002	0
42267661	0
14820961	0
6981585	0
735706	0
9117387	0
491272	0
26025752	0
6029253	0
2298872	0
28561114	0
206327	0
6717236	0
11209052	0
19270641	0
8316779	0
3864243	0
15364812	0
14719533	0
7464541	0
4624282	0
488230	0
34739850	0
268465	0
1635125	0
16561513	0
22346718	0
33077141	0
3530793	0
39174869	0
18827655	0
2036020	0
12093113	0
24542953	0
29597717	0
28290473	0
31013873	0
838215	0
5005816	0
2096411	0
30972857	0
430405	0
3925343	0
11786101	0
1056654	0
2866789	0
15687557	0
25888910	0
14299455	0
44271513	0
19436918	0
3493767	0
14313391	0
38647790	0
327437	0
1059622	0
9353405	0
4172897	0
5613669	0
27148826	0
22775734	0
7515105	0
42582980	0
31014034	0
36617505	0
35150400	0
1639358	0
2100885	0
933169	0
617380	0
2557883	0
4548442	0
44982716	0
642012	0
37470438	0
22324733	0
10057534	0
6086813	0
2626773	0
681078	0
27485249	0
35626236	0
32928852	0
33248468	0
18812971	0
409583	0
21834769	0
6095380	0
45716097	0
3914283	0
39410847	0
1307029	0
12987559	0
1467702	0
2138678	0
6977781	0
31013599	0
3442795	0
1273579	0
183853	0
1336295	0
35200537	0
4570588	0
43218799	0
2196714	0
23603842	0
1061167	0
3878	0
36863502	0
986790	0
28896576	0
1552585	0
2750179	0
2504866	0
15725895	0
16988490	0
14270380	0
615874	0
30548381	0
131363	0
1077171	0
36078962	0
21815532	0
5446294	0
9410307	0
12719991	0
2770488	0
260113	0
47766263	0
2832292	0
32760948	0
6840342	0
6158094	0
16784061	0
18115041	0
335796	0
42798929	0
20631642	0
21128457	0
38906559	0
49412475	0
14852169	0
402247	0
36561138	0
90494	0
39010	0
17070927	0
332759	0
27617497	0
9646576	0
18909891	0
6052745	0
2020599	0
6184170	0
4005561	0
11035144	0
117176	0
15105486	0
110152	0
3343784	0
2984238	0
4174391	0
8958944	0
3593908	0
30023970	0
3312979	0
4562378	0
3161374	0
8950004	0
3149434	0
17003644	0
16724627	0
2325777	0
3799988	0
4521189	0
4819275	0
4510286	0
20046507	0
41734064	0
2423902	0
17092207	0
4780549	0
6001202	0
37491376	0
44595333	0
1952536	0
1704399	0
865701	0
2893351	0
221801	0
29321065	0
1974713	0
30927588	0
34345920	0
16047208	0
1418186	0
2050407	0
1407645	0
1776472	0
30189078	0
6927488	0
302896	0
21092218	0
46286977	0
48779713	0
393060	0
6735007	0
1687777	0
3142356	0
30366642	0
3304721	0
34093398	0
26444	0
34847280	0
1713474	0
33951313	0
2921313	0
26007465	0
1508687	0
13359629	0
43335816	0
