27899027	1
1003649	1
8013000	1
182470	1
2923126	1
19245641	1
1256956	1
89629	1
3397068	1
22312354	1
36424666	1
1373884	1
42114713	1
8801073	1
780290	1
568034	1
33370228	1
7006391	1
31582305	1
25355528	1
2163045	1
553740	1
10146002	1
2327770	1
4509128	1
20636787	1
23614710	1
4181207	1
6926742	1
2249180	1
2764020	1
714307	1
1568721	1
8943983	1
25192932	1
30767480	1
1922352	1
790330	1
17918018	1
27036	1
546740	1
13468345	1
6018749	1
1614261	1
594544	1
213164	1
337629	1
3427	1
3701905	1
92353	1
43287234	1
30352605	1
3514612	1
26630223	1
6037304	1
3968187	1
4447871	1
2247419	1
2690296	1
4939127	1
28989184	1
1164	1
42992709	1
36950	1
13624553	1
20112640	1
1155076	1
20971891	1
25246506	1
11274715	1
6641117	1
7577021	1
7111256	1
7644951	1
1832144	1
12416286	1
46226408	1
1194084	1
13718326	1
709636	1
680375	1
2512918	1
3535013	1
925380	1
24478214	1
16937066	1
38148042	1
2012759	1
19864134	1
173334	1
8272738	1
921570	1
179860	1
3759229	1
31501	1
10349464	1
29609480	1
3994403	1
405370	1
2610735	1
8892375	1
14233244	1
208896	1
526156	1
4118336	1
2764750	1
7165	1
4949368	1
6880994	1
26889539	1
44120732	1
29876303	1
27091834	1
398867	1
4589542	1
10149834	1
10525221	1
9136736	1
1877254	1
23030031	1
1431534	1
17054221	1
619749	1
1302479	1
4753649	1
45100410	1
31234796	1
1437794	1
15119576	1
13982483	1
7292345	1
14493601	1
551219	1
2233746	1
817889	1
1607160	1
15215001	1
17642842	1
3262218	1
2079141	1
24973954	1
4108294	1
5989701	1
1078887	1
17402730	1
387730	1
2823232	1
31025478	1
1254931	1
1099178	1
50778	1
1168487	1
9394877	1
4739626	1
2070418	1
32320276	1
276433	1
5302918	1
1502281	1
3706729	1
26652422	1
1439141	1
9331985	1
19126083	1
2536	1
41857152	1
864104	1
2863319	1
6864593	1
332706	1
8855736	1
6320609	1
149175	1
4667667	1
3139215	1
5566378	1
4578863	1
11151413	1
373116	1
566919	1
30872649	1
3966243	1
3150787	1
36048042	1
6921787	1
1338016	1
145229	1
183050	1
28513342	1
11071781	1
4206576	1
30874970	1
1888983	1
41029911	1
509619	1
11401345	1
200462	1
45379	1
42579699	1
16486889	1
3252300	1
2292609	1
32661775	1
37890632	1
48403844	1
8525956	1
10564114	1
50321	1
29471340	1
3121019	1
36173559	1
10737899	1
964173	1
1852196	1
346105	1
505728	1
335255	1
8002440	1
37009735	1
25647323	1
2654262	1
19802022	1
2660443	1
1642687	1
8418734	1
24172078	1
8833565	1
275570	1
4199265	1
3096843	1
2108776	1
570428	1
1065862	1
74325	1
589725	1
2934144	1
28444122	1
2475974	1
643207	1
31895837	1
1026897	1
394412	1
17181454	1
9317387	1
335298	1
16046327	1
1933796	1
8675313	1
38258912	1
1808515	1
2439308	1
39798530	1
34308956	1
6397282	1
6644043	1
40111059	1
592534	1
804587	1
4111769	1
37444493	1
2350467	1
12126070	1
42145060	1
411052	1
1475269	1
21790075	1
16280301	1
651532	1
2944875	1
43074	1
2307422	1
465869	1
5674179	1
6177330	1
443972	1
21456145	1
4933361	1
30007	1
315883	1
26470109	1
38634556	1
810826	1
1658436	1
45251237	1
37592629	1
155965	1
29589537	1
1167936	1
915148	1
17288160	1
1673162	1
5283212	1
30872164	1
25181253	1
8150394	1
2485514	1
512235	1
860876	1
35432916	1
1296982	1
9056479	1
3028394	1
10509444	1
33592211	1
44880967	1
8666636	1
23387052	1
253555	1
714521	1
461425	1
1592188	1
3163760	1
23012185	1
1210228	1
396607	1
383963	1
736219	1
11716156	1
208546	1
7070586	1
1973359	1
4486431	1
1637421	1
3954829	1
34571263	1
673100	1
6892118	1
21379834	1
899824	1
797853	1
29335371	1
4673173	1
900989	1
3474423	1
1010164	1
4542867	1
9208636	1
2730049	1
2377767	1
30528737	1
805496	1
8051254	1
26425120	1
2785187	1
26481649	1
637779	1
17322267	1
232581	1
3234124	1
7158024	1
24023638	1
28881456	1
16223315	1
1604808	1
45422188	1
53209	1
1634482	1
652737	1
210404	1
1181990	1
10772270	1
3386988	1
14270026	1
1081440	1
22616942	1
22082032	1
3538795	1
14754065	1
595549	1
30786015	1
982199	1
174074	1
1136256	1
5456856	1
248398	1
23670337	1
1599311	1
26821078	1
2512692	1
27659451	1
30373856	1
3086299	1
3337648	1
49827	1
232963	1
2513047	1
36864112	1
2076360	1
2530724	1
30313591	1
1456567	1
31113163	1
21246965	1
3441485	1
4425420	1
3623774	1
5560559	1
40749303	1
53242	1
8043117	1
512316	1
465470	1
34384101	1
1168923	1
8454563	1
306392	1
7007208	1
31626763	1
11167	1
10542446	1
1929835	1
1023955	1
4743897	1
805224	1
448814	1
470170	1
34295378	1
5434141	1
1446852	1
326309	1
1008387	1
2025814	1
7133848	1
1680125	1
31149161	1
21097779	1
3625394	1
87828	1
27603496	1
14941280	1
10060183	1
5267387	1
598368	1
18150462	1
89606	1
10419007	1
18001516	1
162801	1
36070778	1
23915645	1
1322557	1
241578	1
25502036	1
14081502	1
751030	1
38791846	1
2243201	1
5842466	1
1748995	1
6621560	1
30258014	1
1023043	1
28926355	1
6258030	1
643418	1
9777387	1
40620490	1
3338747	1
12263794	1
39133972	1
38137524	1
4108606	1
9056597	1
11375095	1
3312692	1
244752	1
408523	1
802460	1
1725213	1
17891510	1
102348	1
461342	1
619303	1
5048065	1
3150754	1
3465847	1
5981816	1
1446034	1
18449525	1
28468572	1
28471753	1
2809210	1
4111774	1
301574	1
8000401	1
4437751	1
4999707	1
89603	1
25871150	1
28691956	1
19537461	1
9084066	1
1737464	1
7606706	1
7986861	1
2273561	1
865560	1
8115608	1
2162787	1
330773	1
661084	0
39855466	0
31195613	0
744543	0
44924188	0
3185657	0
24818177	0
419590	0
1024142	0
43396196	0
99689	0
8069466	0
4987478	0
155964	0
8832377	0
13263312	0
3188508	0
2300939	0
3944334	0
3693434	0
3001887	0
35935071	0
393909	0
277568	0
17379668	0
3609016	0
34056447	0
30469791	0
12915986	0
3687830	0
11394627	0
1906293	0
218955	0
27385662	0
4598791	0
4359571	0
3075155	0
6720805	0
44286183	0
436774	0
29657030	0
5992939	0
1112522	0
32211649	0
5948653	0
36583861	0
43021086	0
13106160	0
3917194	0
4829129	0
14327873	0
40025886	0
1327509	0
545743	0
36805775	0
17084220	0
460152	0
10241698	0
4248054	0
10830487	0
47262235	0
30443838	0
41118681	0
515281	0
11772548	0
13579248	0
259749	0
40984560	0
38152084	0
39903779	0
10979864	0
41373773	0
15515280	0
24097958	0
31640315	0
2808697	0
3167703	0
22579133	0
7170257	0
28935097	0
75094	0
3327607	0
16983885	0
136269	0
26155831	0
30109055	0
6509078	0
6958114	0
24057898	0
311667	0
2543841	0
605938	0
40055	0
14626591	0
33397485	0
30609199	0
1721178	0
3677144	0
8072866	0
18169536	0
51828	0
18621863	0
29080892	0
14958932	0
16471139	0
1696522	0
14919990	0
910550	0
6548928	0
2147608	0
41116524	0
763142	0
23261242	0
42436932	0
3571535	0
2261759	0
16996431	0
24008231	0
877465	0
4287217	0
32572984	0
35806569	0
17440823	0
13519800	0
3051441	0
2861204	0
13172831	0
384099	0
5455929	0
12447342	0
3924136	0
4839391	0
3410	0
874157	0
42737	0
45537191	0
2202520	0
20570658	0
31808924	0
38240705	0
169764	0
5850347	0
16049373	0
12939416	0
22787680	0
765182	0
20822990	0
136366	0
659213	0
41267468	0
1050113	0
1601783	0
5840764	0
1888365	0
429746	0
12466600	0
4226370	0
46390735	0
9427275	0
979572	0
20959588	0
15324680	0
4840159	0
18945148	0
30297199	0
1625832	0
9961377	0
394651	0
32533892	0
42796347	0
6330571	0
1571007	0
3968229	0
32571025	0
2358525	0
5122802	0
16932196	0
19788904	0
29629627	0
1578781	0
396812	0
796389	0
29040067	0
5210870	0
4433197	0
14206730	0
16287078	0
4429283	0
4089162	0
6347785	0
8066704	0
47128065	0
1098889	0
19321042	0
42821588	0
5128389	0
3311736	0
6316969	0
11099013	0
18524960	0
22729190	0
13609156	0
11972943	0
32465302	0
12460652	0
7535596	0
2174629	0
2803475	0
17336871	0
426458	0
11319864	0
158711	0
8868211	0
10376166	0
5799966	0
593922	0
21801841	0
552328	0
6708534	0
7049966	0
2006985	0
11889282	0
10513225	0
43405715	0
3040676	0
2578465	0
38703999	0
12071525	0
118587	0
31647027	0
15479879	0
4123174	0
29535497	0
635339	0
17330808	0
1222111	0
963742	0
6371271	0
21924924	0
47000606	0
19589227	0
15877244	0
42875348	0
9312052	0
5748733	0
2608446	0
18460678	0
1476206	0
6160439	0
1716785	0
2156425	0
20647413	0
765538	0
24236417	0
20261308	0
38014917	0
1532344	0
4582288	0
8252459	0
275474	0
295160	0
2086474	0
111136	0
3744541	0
7095318	0
210164	0
5439220	0
18559035	0
13715084	0
10080299	0
27007439	0
17673405	0
4428087	0
40254659	0
16119649	0
1977860	0
23962599	0
994209	0
10164734	0
12075	0
5359509	0
26300186	0
5427343	0
16125841	0
340733	0
3515806	0
37199628	0
8619852	0
6733257	0
5921296	0
9959719	0
5712758	0
6157682	0
36104101	0
2029583	0
22899321	0
21754570	0
692656	0
2740443	0
15500324	0
32985462	0
30309736	0
93619	0
39470	0
41567224	0
401929	0
15495684	0
116956	0
1135735	0
260742	0
5799147	0
1240224	0
18904034	0
2444008	0
6821464	0
7794	0
1191252	0
19170315	0
8290471	0
9584991	0
18846287	0
32301374	0
44308968	0
15063627	0
225596	0
47580809	0
12345881	0
7456999	0
16660487	0
16054532	0
8609715	0
6589738	0
20501787	0
18839821	0
1802036	0
14579551	0
6561014	0
31200861	0
29292351	0
17946062	0
18036911	0
6542914	0
29342048	0
8981588	0
1633688	0
5996744	0
21669065	0
413090	0
610448	0
1894530	0
25892258	0
7124671	0
47363543	0
1135479	0
8747200	0
138277	0
33242858	0
13258459	0
2620322	0
6737201	0
2980226	0
23708321	0
5320718	0
22860272	0
14976890	0
415083	0
6214850	0
8551546	0
1644012	0
1862733	0
1797871	0
3182797	0
4150497	0
3605489	0
7108893	0
175325	0
28014507	0
7236668	0
2305161	0
3068309	0
6127612	0
96432	0
2006668	0
472779	0
10982404	0
5452281	0
6718977	0
30482	0
4663117	0
14701185	0
20388454	0
12707322	0
38755078	0
94547	0
6589650	0
45063146	0
13188905	0
32265618	0
19493366	0
40045211	0
43853699	0
7391224	0
11023462	0
18825132	0
26024818	0
143140	0
44592	0
7563954	0
5798414	0
13554337	0
1526907	0
11592965	0
16222318	0
37447692	0
3557398	0
131769	0
38556488	0
5776384	0
46517579	0
13554339	0
14936518	0
6309689	0
1238476	0
6974328	0
634336	0
4809991	0
25744580	0
1251016	0
6637508	0
32288352	0
383384	0
34228583	0
4339928	0
31102289	0
1003605	0
8936567	0
24436296	0
54849	0
727065	0
74942	0
13538146	0
21611647	0
13798838	0
1158268	0
23175815	0
32553791	0
4287987	0
32641057	0
3941731	0
10830143	0
23459610	0
43507326	0
10078963	0
7554035	0
22996332	0
18026868	0
2375786	0
17347472	0
12350575	0
2458898	0
8435107	0
172051	0
2038143	0
1033394	0
27864686	0
18073917	0
8342147	0
1844967	0
40647136	0
42513708	0
30871577	0
6904324	0
82028	0
13079123	0
5410216	0
4513177	0
2081251	0
399208	0
970147	0
30766295	0
1206026	0
15660241	0
3200126	0
36358041	0
171005	0
28327942	0
20193782	0
18802469	0
520451	0
1252124	0
46698372	0
13449294	0
13737275	0
34901639	0
8373629	0
42089733	0
34535957	0
10426659	0
2351784	0
2023563	0
