1203880	1
40877347	1
6838641	1
2189888	1
29261110	1
26664483	1
3100770	1
8250786	1
383949	1
6573248	1
85241	1
21848	1
694383	1
33102602	1
519607	1
532922	1
3861578	1
7586354	1
4916463	1
33253259	1
165511	1
44939869	1
825869	1
8663832	1
51800	1
13172	1
3482344	1
5399696	1
222757	1
13847448	1
22415016	1
1988147	1
18120498	1
3380230	1
32833072	1
7687031	1
1633545	1
10906324	1
23228693	1
68819	1
32746782	1
1941291	1
4648022	1
927162	1
46122	1
207914	1
22765663	1
3335217	1
30919	1
353930	1
16893603	1
1117344	1
26656170	1
783851	1
1327517	1
75319	1
25526484	1
30973897	1
3049469	1
53049	1
763751	1
10172031	1
46267808	1
323782	1
1228626	1
2148914	1
349335	1
19247289	1
16906980	1
190438	1
873375	1
716932	1
1792801	1
1832132	1
18305510	1
3225	1
68131	1
3174935	1
4960610	1
23691577	1
3730327	1
155600	1
2578057	1
38091	1
33890943	1
191601	1
1639148	1
23105245	1
472483	1
7811105	1
542403	1
14673712	1
382800	1
2248057	1
26167781	1
16655605	1
10221757	1
33112335	1
2122264	1
5437215	1
2325777	1
440024	1
1611504	1
37878503	1
1184035	1
22316060	1
1492118	1
1273596	1
1311462	1
646122	1
8025497	1
725459	1
23370521	1
20771375	1
344842	1
182997	1
4127096	1
2331192	1
109875	1
873479	1
1817182	1
33215679	1
28324168	1
11551926	1
8772433	1
189212	1
16126452	1
733018	1
4367227	1
255469	1
547901	1
52965	1
47697992	1
3969110	1
610293	1
10473	1
22810414	1
1983690	1
2528401	1
1147690	1
13743889	1
3627682	1
25527071	1
6594603	1
5359688	1
32626653	1
34748	1
351717	1
5618574	1
1642597	1
11259560	1
1969005	1
1308474	1
465954	1
42442237	1
1747774	1
156045	1
31419873	1
1218890	1
20498	1
161242	1
1559659	1
1784456	1
2893705	1
190490	1
661455	1
20418901	1
4722937	1
1057389	1
282197	1
4490649	1
1729242	1
27652115	1
1301427	1
2318581	1
2299970	1
9104734	1
370432	1
230857	1
15623488	1
161366	1
4916096	1
168299	1
2880625	1
1700316	1
22284	1
1241281	1
327317	1
15799802	1
41016319	1
1329017	1
1326831	1
1141049	1
4559625	1
2134463	1
475388	1
479221	1
1327493	1
151055	1
30637722	1
8665699	1
22690330	1
20039038	1
38141376	1
16927402	1
10588467	1
2230601	1
5414309	1
18419372	1
21304766	1
4919431	1
727941	1
10625886	1
1724293	1
11186589	1
16706464	1
234337	1
8881	1
845404	1
9541484	1
261104	1
3431970	1
10859758	1
8129984	1
359003	1
21370567	1
5407368	1
3167080	1
5488304	1
20686585	1
10618058	1
232415	1
29028298	1
4298423	1
2920475	1
2034498	1
17684261	1
180283	1
1963943	1
218873	1
1308001	1
25987	1
14903854	1
923348	1
222700	1
2335566	1
1669375	1
962185	1
22443091	1
382792	1
2631157	1
4607090	1
997953	1
14305327	1
4744421	1
4543171	1
4773744	1
4737830	1
2528738	1
5885018	1
5948319	1
898089	1
771651	1
994198	1
39449	1
613574	1
184618	1
1306930	1
4276048	1
839598	1
37518125	1
8074172	1
430822	1
44291332	1
1283397	1
1980551	1
453158	1
674286	1
3316817	1
2869864	1
1301324	1
1219021	1
1341148	1
19235863	1
19973727	1
28353979	1
4992567	1
33396188	1
11278103	1
3565003	1
533436	1
38475946	1
318616	1
21218880	1
11017589	1
26564527	1
145190	1
1806148	1
9671184	1
32769853	1
2138295	1
873291	1
481925	1
2024499	1
1170596	1
18343697	1
26958754	1
1547057	1
10066043	1
677490	1
26656176	1
1962845	1
23593	1
2424338	1
943904	1
5321323	1
3342120	1
8450592	1
8654898	1
30872408	1
7285300	1
3942398	1
36252746	1
1840824	1
3729833	1
12068647	1
543262	1
959699	1
12782480	1
1952193	1
6645570	1
4048451	1
183753	1
12987350	1
354999	1
1004540	1
40193505	1
23795377	1
9466808	1
888070	1
1183870	1
1286542	1
3250892	1
32137565	1
4641828	1
47288304	1
237248	1
12807478	1
16731098	1
3146221	1
4502310	1
5968902	1
3656756	1
2156973	1
160843	1
33403809	1
26281369	1
623179	1
229168	1
24065973	1
771326	1
21875	1
704365	1
1328928	1
2724385	1
16769653	1
14165537	1
522681	1
34638052	1
25136464	1
888735	1
3936168	1
5242635	1
36178876	1
2505350	1
1096722	1
1282037	1
1116776	1
217785	1
1301647	1
1365637	1
7440912	1
31188063	1
5852976	1
2854850	1
1154835	1
6565579	1
1550251	1
1660277	1
1375281	1
359010	1
5315799	1
22573	1
197817	1
453080	1
5929117	1
205264	1
1043701	1
993361	1
184549	1
7539625	1
1810859	1
30356232	1
9311172	1
8212456	1
3858011	1
2291927	1
192166	1
712395	1
1850334	1
23597	1
33061041	1
1729179	1
14379409	1
7690795	1
2605020	1
30467162	1
18860285	1
41172086	1
566125	1
4732109	1
27566776	1
2374313	1
13893810	1
9535004	1
1980559	1
4736401	1
296266	1
346628	1
13878568	1
4955452	1
19283359	1
1701028	1
16212744	1
7424514	1
11983164	1
5413393	1
2437670	1
20071040	1
2091853	1
37019241	1
1846264	1
34865	1
5401077	1
236674	1
188886	1
12652170	1
5825263	1
275509	1
341362	1
145439	1
1493152	1
54176	1
20242930	1
465598	1
2794393	1
2360645	1
26307502	1
16051819	1
9365595	1
4819316	1
3011966	1
8296276	1
1975218	1
329427	1
199919	1
3132920	1
10970608	1
2385442	1
40185662	1
31827784	1
4583562	1
4019796	1
490201	1
17671620	1
25004	1
11856219	1
2772885	1
20639446	1
16036458	1
26052766	1
295486	1
40896324	1
34738616	1
8209	1
1015066	1
1655252	1
19323402	1
1307115	1
10608678	1
1027393	1
20023279	1
1268891	1
23605168	1
31273070	1
15031983	1
36205083	1
20029738	1
1447402	1
2880676	1
11452974	0
1963401	0
1184348	0
6009896	0
1429601	0
18474499	0
30874426	0
2301361	0
5829683	0
21922894	0
21053635	0
28648859	0
31153285	0
28116134	0
27031924	0
5777622	0
44326760	0
35125582	0
6258104	0
18774241	0
19626651	0
24717078	0
12830227	0
13095083	0
5924748	0
11937222	0
221737	0
2869430	0
22199154	0
1991730	0
44888224	0
1527964	0
5227710	0
19984346	0
28645569	0
1284126	0
3486974	0
12572759	0
2410842	0
5946792	0
1577103	0
46857952	0
9639947	0
28043726	0
8376816	0
42418724	0
20429447	0
24507784	0
15745848	0
1401736	0
5140099	0
5048237	0
11451501	0
771746	0
287759	0
38957821	0
655599	0
17269563	0
206491	0
30630120	0
652960	0
2842207	0
96022	0
47012074	0
370871	0
5830939	0
1749299	0
18971400	0
19313624	0
6492614	0
39439557	0
2385008	0
616865	0
2299579	0
39885899	0
634919	0
7813639	0
23966972	0
11730552	0
21583283	0
8749650	0
89163	0
7880845	0
6058393	0
344537	0
671569	0
25213538	0
18666747	0
34654516	0
26792201	0
18425667	0
10094963	0
21836300	0
44606504	0
20027045	0
3393478	0
5730167	0
46452835	0
2243769	0
8354780	0
18175169	0
29481237	0
4103635	0
514960	0
1006089	0
16953189	0
25399226	0
17589443	0
9222408	0
949623	0
13242030	0
18521550	0
1017942	0
526543	0
2581212	0
12536944	0
377332	0
135129	0
28276775	0
15345479	0
8610806	0
4703442	0
15551118	0
807982	0
18428313	0
5983851	0
31134202	0
44923566	0
1808703	0
7737685	0
134442	0
2579049	0
10695946	0
28481149	0
2215717	0
42719311	0
123632	0
4481471	0
788723	0
1540753	0
1027588	0
197419	0
24219078	0
6927325	0
1690467	0
23602056	0
13813472	0
8644893	0
13506466	0
35907432	0
3604270	0
4596139	0
12325525	0
42078146	0
20437813	0
6611585	0
12525393	0
477121	0
1402677	0
259498	0
35001917	0
37042527	0
30542998	0
16367310	0
133434	0
27936512	0
16914003	0
5864243	0
43701823	0
11138846	0
2659526	0
33551418	0
32835854	0
7501293	0
47597253	0
21447581	0
659836	0
4949644	0
4541702	0
12780454	0
12523739	0
16232999	0
6478576	0
26275521	0
974899	0
1614736	0
17352897	0
4764768	0
40442894	0
88278	0
797063	0
319952	0
6228369	0
37854802	0
3209035	0
33205325	0
31223966	0
28392548	0
6138692	0
5850378	0
7306186	0
18935551	0
1122104	0
4392933	0
5633824	0
41113877	0
31854735	0
645301	0
2741084	0
2974826	0
14408912	0
45327100	0
3800578	0
2673910	0
1350315	0
1769163	0
439312	0
7193141	0
2871405	0
15089399	0
42713247	0
1729421	0
27572694	0
9689651	0
1483076	0
650486	0
14422788	0
8589089	0
356192	0
21207459	0
26522513	0
25752888	0
2707076	0
111460	0
23589324	0
413930	0
12146382	0
2168542	0
25096248	0
37609882	0
26014888	0
8882603	0
27388154	0
2248218	0
5788924	0
31803650	0
18970	0
19207874	0
5140434	0
9164002	0
41914716	0
1008740	0
46478166	0
1199618	0
10036028	0
26677415	0
477207	0
6094837	0
1902682	0
30270338	0
26977288	0
25476461	0
7972275	0
2682928	0
2137670	0
11932204	0
42705884	0
25812582	0
777594	0
559202	0
107306	0
8955374	0
30870790	0
1332365	0
17826674	0
935261	0
7823670	0
17009428	0
22661848	0
28288095	0
1874032	0
111187	0
3511101	0
18878616	0
727785	0
38856	0
5181297	0
13537511	0
2201056	0
607271	0
1143836	0
25406856	0
19895430	0
16829712	0
36674229	0
15237123	0
12256764	0
18225060	0
35676177	0
37740586	0
967697	0
6032549	0
8698208	0
2356056	0
179638	0
121999	0
5799562	0
42716517	0
40323831	0
1312074	0
3651587	0
8906915	0
3662683	0
13166062	0
3319240	0
1615893	0
3311572	0
18032990	0
7333849	0
715819	0
7527243	0
11733466	0
2426914	0
46861525	0
5265794	0
22850428	0
17344738	0
6435751	0
11951453	0
17346276	0
1632533	0
48811476	0
10484535	0
6734932	0
2840811	0
360569	0
33275292	0
7583456	0
35824680	0
17880405	0
14480070	0
136846	0
25879895	0
122685	0
2626478	0
27848499	0
132206	0
10790698	0
2569417	0
19820262	0
1453393	0
14432658	0
28921060	0
2147561	0
33734672	0
12261166	0
4350633	0
10100440	0
905370	0
979098	0
4905159	0
4084752	0
20877777	0
26095114	0
8980506	0
2186162	0
14434697	0
31747011	0
5056805	0
9314669	0
20285697	0
204174	0
42694716	0
6860929	0
3098285	0
150786	0
18441613	0
1826471	0
13443726	0
11942311	0
7588879	0
2808237	0
74784	0
16506879	0
8937996	0
1498496	0
35751366	0
41830735	0
5706888	0
1137529	0
20482585	0
15310206	0
4039195	0
109631	0
7964643	0
3400598	0
10528256	0
6567508	0
1930157	0
25839038	0
25992858	0
26520850	0
83543	0
21237267	0
11617802	0
49482763	0
31704321	0
8639671	0
2580861	0
43287458	0
7932642	0
8254584	0
874510	0
21007614	0
43711702	0
3312936	0
37598154	0
42662369	0
3272059	0
42038499	0
28789275	0
102411	0
39869965	0
128883	0
10795572	0
6636353	0
32031965	0
6709393	0
43158106	0
18144278	0
1287461	0
7052501	0
7098158	0
15830497	0
8107251	0
38072490	0
21803383	0
42880	0
327498	0
24856550	0
21266848	0
3202565	0
504637	0
6557812	0
523385	0
630298	0
8250011	0
8388583	0
7062276	0
28585445	0
1253776	0
132827	0
79904	0
402822	0
9991686	0
5492279	0
43145978	0
18422126	0
110249	0
7085880	0
1201514	0
3021949	0
26062604	0
11759938	0
28236076	0
3510504	0
6309718	0
9611421	0
14046837	0
3945960	0
5158316	0
2945058	0
4448406	0
17137828	0
1761997	0
20469	0
321463	0
4337293	0
78598	0
3672301	0
38431291	0
4320018	0
21974156	0
489893	0
34005099	0
110345	0
14489836	0
3175736	0
425355	0
4297017	0
2177875	0
2699940	0
46944550	0
18777417	0
518018	0
2919969	0
47747420	0
17688139	0
33141367	0
22690139	0
