150834	1
18347747	1
3805623	1
47335140	1
107662	1
2051278	1
6142330	1
9334	1
464050	1
4948747	1
2402	1
3667740	1
8630451	1
4737283	1
3367826	1
20433365	1
3522181	1
11369	1
2333249	1
94306	1
190387	1
430994	1
13657983	1
1045429	1
135934	1
9242054	1
325764	1
141738	1
4498409	1
184442	1
1244595	1
1291656	1
1128156	1
628782	1
4285633	1
21486360	1
1530110	1
31716	1
232683	1
4198908	1
18577	1
156542	1
1697072	1
38909754	1
5291351	1
1410744	1
34310969	1
58547	1
2326508	1
21245995	1
39935181	1
456386	1
5882	1
62822	1
17914	1
1259246	1
15931699	1
342968	1
27755358	1
2619698	1
2138847	1
306419	1
4685305	1
51522	1
2081558	1
2660320	1
359978	1
175714	1
34310877	1
511205	1
4510691	1
780977	1
23465467	1
24825486	1
2437935	1
597659	1
1995262	1
19997199	1
217678	1
15931498	1
533775	1
2608446	1
1742465	1
13625435	1
1908462	1
315239	1
853356	1
44515	1
18564144	1
754207	1
1641863	1
14617954	1
16976564	1
31194516	1
362859	1
434804	1
655887	1
8843239	1
3180923	1
52453	1
67675	1
15884001	1
204118	1
62531	1
12232614	1
430942	1
45109	1
7687013	1
25649488	1
13945626	1
346016	1
42985252	1
367431	1
323058	1
28554	1
127718	1
57015	1
92632	1
779591	1
17426008	1
1569009	1
5423839	1
115682	1
1007667	1
413261	1
1314515	1
32240	1
260210	1
21302	1
12598742	1
4301339	1
43076373	1
3485450	1
151257	1
22997	1
16671402	1
39118322	1
11239640	1
40444	1
4179247	1
74394	1
616252	1
956135	1
1042613	1
324332	1
1873976	1
892122	1
26800984	1
37374787	1
6012704	1
5809410	1
1086295	1
170157	1
10833194	1
32161107	1
1367919	1
118568	1
157294	1
3462186	1
142151	1
106163	1
285868	1
13308	1
26276259	1
41544	1
1721644	1
7918407	1
2963332	1
62556	1
26636100	1
16507482	1
23079590	1
4240	1
244002	1
1359577	1
1147077	1
5370595	1
449671	1
5486558	1
13972	1
2198247	1
171486	1
19182698	1
5980792	1
88940	1
18947965	1
4628682	1
3131620	1
545414	1
15796740	1
5772075	1
532171	1
357309	1
351258	1
879968	1
20646900	1
1987653	1
4267183	1
411647	1
99443	1
17154	1
820757	1
108018	1
38584582	1
1431830	1
2024951	1
11016	1
80749	1
2582233	1
2564007	1
446029	1
36380669	1
18952234	1
13373	1
233039	1
732131	1
65638	1
226808	1
595541	1
308792	1
481473	1
20206	1
55004	1
10615428	1
3159987	1
42626495	1
4741	1
5450907	1
116838	1
29684300	1
17020605	1
1340926	1
1326294	1
11217706	1
332894	1
943952	1
8551321	1
20557247	1
11801489	1
1997034	1
5412970	1
343949	1
1344615	1
175634	1
39076935	1
1342372	1
4260564	1
540026	1
776116	1
2633994	1
4418859	1
1505481	1
20787661	1
25161934	1
30145648	1
204281	1
552843	1
121439	1
5313758	1
28541930	1
31783	1
3148079	1
48132	1
43484	1
14887017	1
26063934	1
358062	1
332679	1
355210	1
59556	1
1326378	1
335396	1
881991	1
617147	1
321027	1
981293	1
2079664	1
6334395	1
7257	1
2322706	1
29021472	1
166411	1
25093964	1
3138	1
427976	1
297385	1
70997	1
20546	1
16067748	1
162123	1
385658	1
34028684	1
2118948	1
3318731	1
3122533	1
1556835	1
5403	1
1711983	1
869392	1
834322	1
4992708	1
18794747	1
9806	1
16898071	1
24161088	1
23362908	1
70549	1
252322	1
5078515	1
1091470	1
11993809	1
21174716	1
445367	1
18501051	1
1093707	1
3930749	1
4048140	1
13550356	1
6110348	1
143806	1
142905	1
30942	1
26560	1
4002201	1
30237389	1
330266	1
1810304	1
4333752	1
28904925	1
156272	1
856364	1
22316	1
90138	1
685906	1
5210930	1
526089	1
246714	1
15620904	1
16594708	1
619368	1
910732	1
7245202	1
1973203	1
4971	1
716499	1
539909	1
12231217	1
2648829	1
18618136	1
76655	1
53451	1
39844892	1
38155217	1
7954867	1
728361	1
236187	1
18933066	1
13275	1
981247	1
2298065	1
44621	1
3358951	1
26750	1
18044622	1
107665	1
642339	1
238811	1
185536	1
1842101	1
47905	1
1446931	1
21184	1
63876	1
390575	1
3431468	1
137168	1
11663097	1
675781	1
224107	1
506385	1
91687	1
518342	1
9149665	1
2989519	1
34330360	1
34145	1
427187	1
8618963	1
259964	1
2724088	1
7301	1
1021653	1
1862150	1
35586483	1
194026	1
16747380	1
63078	1
875935	1
4243397	1
100011	1
2246465	1
11377537	1
2079939	1
31935738	1
33962219	1
1549903	1
90307	1
11857396	1
1010610	1
167427	1
1324426	1
4913064	1
20415977	1
3753513	1
4589928	1
21833372	1
22786625	1
12276	1
8362	1
957068	1
11340577	1
19753403	1
281687	1
191086	1
791532	1
471545	1
47360052	1
18962637	1
1106301	1
143363	1
53837	1
1361315	1
1580039	1
3618739	1
60154	1
24513830	1
619973	1
494788	1
3132240	1
6570801	1
9299	1
1715618	1
45371	1
5861354	1
299165	1
20952	1
149283	1
1530047	1
5060088	1
2095237	1
23363583	1
7952735	1
294418	1
697558	1
2906472	1
159979	1
223578	1
44784	1
10649960	1
24636	1
23041	1
21921	1
215100	1
403793	1
8658718	1
4786238	1
568770	1
30861531	1
109729	1
50372	1
18836110	1
4285848	1
38101530	1
81921	1
140639	1
3036357	1
136460	1
504068	1
452852	1
6121	1
526051	1
6462933	1
16361229	1
36361622	1
972171	1
31631686	1
5026	1
25062500	1
1626866	1
1896891	1
1439540	1
29039661	1
1271733	1
20039038	1
940013	1
28703709	1
448599	1
23441	1
577481	1
3811882	1
4127615	0
7916519	0
30681815	0
8959240	0
7237293	0
1364932	0
34447402	0
3553211	0
1913215	0
8570477	0
28382561	0
28684469	0
16023292	0
28154700	0
39596779	0
230948	0
549179	0
23110102	0
42435863	0
4404202	0
4199855	0
14977169	0
43337528	0
1941975	0
100403	0
15325231	0
35040446	0
17468863	0
23286025	0
1923593	0
1444126	0
44542382	0
864032	0
6321873	0
3150787	0
17227974	0
41285622	0
5794771	0
3501984	0
1561261	0
642219	0
13919318	0
2574869	0
20740992	0
32925782	0
14990611	0
34964094	0
319293	0
1044727	0
34517433	0
6522823	0
24089314	0
34276097	0
9430828	0
12794499	0
1350285	0
24445361	0
40257316	0
8950284	0
9113510	0
6002593	0
42520663	0
110763	0
25442425	0
8091844	0
10136496	0
1376202	0
18321862	0
9597268	0
3963508	0
12917769	0
10927277	0
3497981	0
5134736	0
11790564	0
44660437	0
28194865	0
633625	0
4548661	0
539896	0
1823934	0
22242902	0
108941	0
2279089	0
2189542	0
2545941	0
4299043	0
9360560	0
578812	0
19577421	0
20913153	0
1464259	0
29039871	0
12795095	0
9731733	0
9584594	0
3885787	0
27105762	0
12587877	0
4525079	0
21362879	0
1514835	0
323504	0
12155578	0
7543556	0
174369	0
18977317	0
17214829	0
32656166	0
5514381	0
2004013	0
47172941	0
27004791	0
4814435	0
38694858	0
315176	0
27875072	0
507833	0
9526552	0
44007208	0
15653369	0
11543249	0
2455517	0
22272212	0
34566761	0
32966901	0
17068973	0
31655432	0
1370248	0
4421513	0
29450127	0
343573	0
13227812	0
15291437	0
4566196	0
17222253	0
13098690	0
42636295	0
1121200	0
41965143	0
2899935	0
3922120	0
30078616	0
1684612	0
40205528	0
8452950	0
31338892	0
38765082	0
8153826	0
39926287	0
10098114	0
10692456	0
9130986	0
27317150	0
846835	0
10248104	0
6463737	0
6795164	0
45331859	0
37994703	0
5272641	0
5655917	0
969173	0
5432960	0
532436	0
40258505	0
14299145	0
698042	0
26469542	0
4426700	0
1505675	0
444767	0
9217486	0
6904064	0
877115	0
27574430	0
21670282	0
20127756	0
4110820	0
2040304	0
5832056	0
413046	0
12419559	0
137794	0
38191959	0
470956	0
31457749	0
181210	0
44109590	0
2372334	0
41434905	0
40883875	0
10761429	0
4631721	0
36580379	0
18752637	0
109557	0
15872633	0
18247908	0
30745595	0
23549957	0
118551	0
423398	0
434389	0
31952451	0
6561804	0
12482416	0
11783183	0
14749261	0
6534065	0
11641929	0
36217547	0
39971309	0
399854	0
20354606	0
201546	0
21327266	0
239870	0
19667428	0
19517430	0
526542	0
27944884	0
16127563	0
16889763	0
4505888	0
5380831	0
7770588	0
21251160	0
1731066	0
138870	0
1465307	0
30121524	0
914122	0
18312702	0
13096827	0
24044487	0
14575743	0
8757425	0
37897498	0
627175	0
18305539	0
21751977	0
7342193	0
19475407	0
19971458	0
4154678	0
8129994	0
3026625	0
2301104	0
42653837	0
1607976	0
9348172	0
6926458	0
2256657	0
1204424	0
107004	0
41613732	0
5650620	0
3763478	0
5369049	0
20965943	0
2854864	0
36339135	0
7972029	0
105504	0
18537302	0
32570310	0
1160530	0
2521665	0
21753812	0
13318607	0
9863221	0
18037004	0
112760	0
2103908	0
4216576	0
30356929	0
9040708	0
1959301	0
33834106	0
1908544	0
24870345	0
29625017	0
176110	0
15617841	0
27305464	0
27654517	0
31668340	0
327096	0
7326258	0
20964909	0
39413035	0
2686857	0
1168297	0
960366	0
863901	0
9695856	0
419335	0
264089	0
917564	0
1959106	0
16178426	0
34785507	0
1140024	0
39118060	0
9219531	0
10851141	0
27767451	0
1887729	0
10252761	0
382797	0
1061584	0
8464408	0
73625	0
4968074	0
689567	0
1354698	0
2715460	0
54326	0
1128611	0
43011757	0
17993298	0
15665413	0
38060892	0
93453	0
21405160	0
3034811	0
40311763	0
43033488	0
41566143	0
2089647	0
1676798	0
15855862	0
1562661	0
18834635	0
1885656	0
124820	0
36109312	0
2627242	0
4032610	0
44464909	0
12075804	0
6540042	0
1423545	0
25214211	0
47372586	0
10175052	0
30441266	0
8765244	0
5641885	0
41623799	0
844008	0
305763	0
4576222	0
2378568	0
351519	0
2247325	0
27741064	0
3747504	0
13199575	0
13890058	0
1326412	0
7896061	0
13163936	0
779370	0
2366914	0
1090325	0
7298336	0
38229115	0
28731917	0
58950	0
10333245	0
8033265	0
4871085	0
5534056	0
15248239	0
35531300	0
3228992	0
26033962	0
47275506	0
1118664	0
3745017	0
1442046	0
21834376	0
3095535	0
17676215	0
58637	0
252863	0
14724898	0
46489434	0
16092996	0
879551	0
1969186	0
24939006	0
32705530	0
40104462	0
13358398	0
244588	0
17539461	0
4196751	0
5265128	0
1211800	0
1681761	0
36573817	0
921519	0
4408590	0
139406	0
4238695	0
1233585	0
10529974	0
5874698	0
3134173	0
1864086	0
5135105	0
37012081	0
21655829	0
6862066	0
12609294	0
2003970	0
20056697	0
111384	0
26549108	0
6755530	0
8634563	0
3064511	0
48780285	0
1959523	0
21356894	0
17462864	0
24753163	0
7174	0
14849853	0
426590	0
4935204	0
17096543	0
42105581	0
555786	0
12583406	0
29498908	0
9732664	0
20295276	0
15706333	0
3967280	0
3933257	0
27054728	0
8499026	0
73190	0
41650361	0
12312245	0
5814092	0
1956802	0
7571728	0
19070360	0
7531012	0
48291604	0
5519383	0
40072597	0
31038386	0
17864828	0
4732913	0
8464422	0
38518994	0
1973266	0
8432249	0
25207087	0
700929	0
2183485	0
39851137	0
6372394	0
16338671	0
585538	0
34093886	0
36377541	0
593999	0
37221368	0
20152644	0
34172858	0
3396451	0
6733593	0
12148611	0
925232	0
2512056	0
43123584	0
109187	0
12518539	0
12757187	0
23913697	0
1221791	0
43592930	0
28827268	0
3565365	0
19761358	0
15298873	0
32680774	0
17687538	0
4724491	0
20373522	0
700121	0
2687903	0
6523688	0
