8093233	1
15854175	1
843787	1
1472076	1
868159	1
21063711	1
1636273	1
158512	1
17262865	1
33256712	1
38827962	1
10429820	1
82430	1
6156578	1
6861649	1
8096722	1
1332964	1
37535	1
25802510	1
266455	1
6059655	1
25727102	1
2121866	1
561508	1
40703379	1
2734697	1
9360757	1
5041379	1
21591220	1
26953006	1
1092454	1
2181320	1
447991	1
1290704	1
927584	1
871666	1
211714	1
14813980	1
1339195	1
200446	1
32778953	1
812281	1
24850630	1
2461581	1
38776497	1
6967470	1
26958754	1
156002	1
54166	1
3743404	1
3953448	1
517866	1
22721	1
14855908	1
4833076	1
2010067	1
12635910	1
2158629	1
294038	1
2779141	1
2641066	1
5207972	1
15645	1
8294596	1
849443	1
9069082	1
1516807	1
2191922	1
6927944	1
13562496	1
18116682	1
37332	1
1771483	1
2038315	1
3615788	1
2850017	1
239388	1
2334296	1
1328549	1
10946994	1
1636657	1
980793	1
576423	1
730881	1
18627828	1
1943593	1
4193463	1
1243685	1
69093	1
108837	1
1510989	1
2126472	1
241230	1
1056264	1
11731886	1
4019043	1
1266516	1
4899114	1
234579	1
15298519	1
35153831	1
4868688	1
13778742	1
3950688	1
14043222	1
11630838	1
6211454	1
15666556	1
411292	1
46445121	1
34966407	1
11289260	1
14222371	1
7207363	1
1924218	1
23664945	1
2436259	1
24472947	1
12126691	1
23839385	1
2266232	1
520626	1
2955265	1
737240	1
1076750	1
4257799	1
12527200	1
873004	1
1496864	1
1835366	1
371907	1
8952798	1
7444232	1
888823	1
2697145	1
12556269	1
1104730	1
28824182	1
3056642	1
22807303	1
7467794	1
3082638	1
552153	1
430140	1
21069333	1
22499318	1
2316398	1
746847	1
391932	1
7908538	1
40916406	1
46913493	1
165507	1
2813902	1
903745	1
22221525	1
251885	1
13357656	1
4626504	1
1466748	1
15010845	1
2371143	1
5185845	1
18227613	1
2182594	1
953286	1
512634	1
1382241	1
13646376	1
514219	1
1434036	1
1213841	1
2010256	1
889025	1
22945412	1
6012018	1
1365850	1
201245	1
21780	1
1035226	1
35284999	1
30014712	1
127657	1
34408508	1
6458818	1
22928987	1
17830923	1
30808263	1
10773065	1
5455949	1
3748724	1
1750635	1
17145588	1
18949347	1
993445	1
30863666	1
274597	1
2333232	1
791655	1
32706448	1
977933	1
1662315	1
429322	1
3079699	1
11432321	1
27102	1
97491	1
2214460	1
23124089	1
13454592	1
36427495	1
7173422	1
1945618	1
740059	1
36730540	1
27864313	1
5496238	1
19201	1
2782	1
528703	1
7290639	1
22831300	1
17213726	1
33924367	1
19800337	1
27430830	1
2112220	1
2560402	1
15362625	1
19765414	1
3846	1
34236451	1
10970973	1
735377	1
389464	1
2155588	1
33934079	1
11370044	1
237789	1
36856438	1
31188063	1
298178	1
38930	1
6700754	1
36578224	1
46510	1
5003083	1
10968184	1
1212136	1
1036386	1
17008937	1
1311901	1
26536242	1
3839135	1
49434392	1
12065202	1
1640626	1
36293764	1
13715749	1
9031737	1
18198579	1
32593203	1
3558390	1
2387461	1
305729	1
932453	1
34230311	1
188490	1
7152719	1
2676780	1
392941	1
587879	1
5477838	1
12931151	1
277827	1
1136635	1
17623902	1
244717	1
406842	1
32001451	1
8635829	1
1192154	1
7997623	1
43448169	1
1697080	1
356167	1
34302042	1
18624683	1
14331	1
1226579	1
4821386	1
1773999	1
458437	1
35972044	1
25926431	1
2284808	1
1342357	1
2999142	1
8341354	1
1734894	1
6277048	1
26896036	1
2996466	1
218258	1
1148322	1
37287	1
43978853	1
2008859	1
23854	1
3675899	1
8083294	1
6558239	1
5215169	1
7871141	1
7743684	1
303948	1
1923279	1
1303183	1
28273507	1
15733561	1
1728395	1
37099895	1
723045	1
212928	1
2330070	1
397259	1
1157147	1
137095	1
15341026	1
168542	1
20740992	1
4819043	1
7763034	1
1726650	1
76701	1
4273635	1
30875270	1
31428242	1
6050919	1
38258248	1
980836	1
241880	1
15363034	1
17888	1
1980563	1
137073	1
6942695	1
26360443	1
25317890	1
671637	1
3791679	1
5550291	1
2202702	1
39949942	1
3132317	1
9797790	1
26395416	1
43434485	1
2005484	1
712826	1
332516	1
34857293	1
25473207	1
259082	1
398431	1
33262210	1
3695254	1
1048983	1
746062	1
870681	1
1444834	1
1878678	1
1281028	1
25948939	1
2156200	1
11730341	1
2934816	1
1624105	1
200383	1
34394377	1
1788712	1
5216378	1
30862328	1
2399710	1
401805	1
40129189	1
207150	1
22446505	1
36986194	1
40108387	1
37225555	1
1226498	1
24859729	1
21957959	1
5630151	1
1539740	1
1637053	1
1726507	1
10979	1
750956	1
14792084	1
1234024	1
3071348	1
7867079	1
5939496	1
2869430	1
3495694	1
9071181	1
22539443	1
3185940	1
41019456	1
1499173	1
1988147	1
6946013	1
4566612	1
2627410	1
33842901	1
12987734	1
17216155	1
1273767	1
12652721	1
31577184	1
485273	1
21925720	1
1027233	1
57849	1
6540051	1
13843802	1
13296095	1
624759	1
760423	1
15663810	1
19398961	1
557164	1
4759651	1
795488	1
3293666	1
80696	1
4992567	1
24766214	1
6720139	1
37785	1
13945161	1
609351	1
12489251	1
969745	1
498836	1
14110643	1
22877445	1
11968608	1
1034226	1
19629122	1
2851410	1
2567024	1
20908670	1
2869864	1
1262740	1
203686	1
68115	1
1743912	1
487474	1
47747360	1
7724713	1
5346983	1
38520550	1
10052813	1
5292823	1
40570495	1
956837	1
21808369	1
1461287	1
17486994	1
635895	1
3025281	1
308174	1
19444943	1
943904	1
14334386	1
212370	1
36202880	1
4428468	1
31860141	1
4415732	1
1310819	1
1277646	1
28596866	1
3244124	1
2060760	1
15952871	1
363329	1
124172	1
2172695	1
3024855	1
22949572	1
29126986	1
18555408	1
776471	1
27819771	1
243987	1
3783155	1
38956899	0
4141617	0
5502435	0
6937040	0
6973251	0
5507958	0
2487707	0
6213076	0
5708124	0
396011	0
12174279	0
1037693	0
2090177	0
9976213	0
31962146	0
12429080	0
2741109	0
959648	0
11295328	0
361376	0
26030320	0
31450980	0
10140817	0
30851029	0
2338552	0
41138201	0
3188950	0
6057822	0
8312896	0
38690335	0
28650211	0
26954714	0
17738318	0
7127421	0
35982965	0
45424349	0
7519449	0
26021974	0
4796664	0
94536	0
1922937	0
1278144	0
1937253	0
2633943	0
1573105	0
33153966	0
506167	0
23228191	0
8699121	0
42982716	0
316092	0
6838376	0
6701974	0
13050667	0
12768159	0
19028714	0
10526106	0
29305028	0
1133811	0
14873965	0
2021247	0
28351841	0
2015600	0
329090	0
6470536	0
12407034	0
15230499	0
3625563	0
7481619	0
24381	0
16916083	0
988693	0
11457594	0
24436789	0
5312536	0
5672381	0
3460184	0
2936233	0
4867020	0
10195935	0
41674278	0
5433888	0
22280167	0
20104666	0
6652669	0
25102233	0
42066233	0
31272579	0
14598872	0
20580702	0
6035060	0
32556074	0
44212711	0
260691	0
4213489	0
69755	0
1361902	0
42875921	0
1434506	0
6770588	0
12071652	0
2023436	0
13206979	0
25676635	0
12210557	0
704408	0
36105701	0
35757577	0
5243469	0
38181249	0
4820174	0
40179756	0
364960	0
27633728	0
29658263	0
18450927	0
26789041	0
5765204	0
108407	0
10898277	0
36842349	0
3611140	0
33678847	0
3124952	0
19206012	0
19682791	0
5910082	0
6103946	0
10548923	0
473531	0
15899592	0
11928241	0
25428428	0
2050237	0
29245950	0
127314	0
258053	0
44546562	0
34130161	0
18233782	0
36596475	0
20038415	0
18705402	0
23513202	0
12335018	0
20869325	0
115481	0
46643790	0
738218	0
5911802	0
1941733	0
34246927	0
21108762	0
29536628	0
2973915	0
1569203	0
9773730	0
1898568	0
18133442	0
440145	0
18003610	0
22278549	0
24970171	0
9376063	0
175859	0
13473532	0
19401075	0
7814990	0
47709860	0
575427	0
6023530	0
47275953	0
36647355	0
37287941	0
36511368	0
7482982	0
77822	0
6525166	0
197108	0
26957294	0
16727149	0
1934197	0
49812	0
1960920	0
446430	0
19481246	0
13798826	0
1334591	0
31589404	0
15877102	0
1357004	0
2906019	0
723331	0
24109087	0
18515215	0
198433	0
1377825	0
28789400	0
10413211	0
1350922	0
7690607	0
2970596	0
1717016	0
16777120	0
4976602	0
5950365	0
2242854	0
5983471	0
48675579	0
3303413	0
21608130	0
23886403	0
34515864	0
2116360	0
43980839	0
47063425	0
4098852	0
36922713	0
34343155	0
1478684	0
37137750	0
6823274	0
1627096	0
2794304	0
12483667	0
40120031	0
3426975	0
3979933	0
14167886	0
13522120	0
514257	0
6376944	0
5177790	0
692376	0
33937497	0
5988212	0
2677819	0
25711760	0
43452899	0
102160	0
35906009	0
8754474	0
5966820	0
2130621	0
8100722	0
2326203	0
15451643	0
41133601	0
1586837	0
23567870	0
4731744	0
9371909	0
14863245	0
370607	0
6391909	0
1476376	0
32554658	0
7824251	0
2971127	0
33560980	0
14224180	0
11921564	0
11159710	0
3434225	0
1824450	0
22320587	0
6397902	0
8010937	0
3904282	0
13104528	0
6519968	0
35611680	0
1444902	0
3592587	0
12496263	0
2733289	0
258814	0
29319700	0
155832	0
31736674	0
7347110	0
13482784	0
6900318	0
21175224	0
42690751	0
8165848	0
33038968	0
18547267	0
4419452	0
39842615	0
9753295	0
12148544	0
1031285	0
895019	0
406607	0
12144673	0
48631078	0
24239622	0
19954730	0
12120	0
48980080	0
33191995	0
14544960	0
28149974	0
6492871	0
18517858	0
36667067	0
27763889	0
28788678	0
8729615	0
19017058	0
6190532	0
24996895	0
3418379	0
9450236	0
31545404	0
2589286	0
32235589	0
742906	0
14226080	0
15842313	0
21571302	0
6552315	0
26044894	0
2404674	0
35527583	0
40183116	0
34747572	0
137677	0
4380661	0
2786160	0
5176725	0
4107515	0
12425070	0
32184066	0
635352	0
14976896	0
2243015	0
2454076	0
26735976	0
24993804	0
15701730	0
6281550	0
1301916	0
21446391	0
24320299	0
5776135	0
4286233	0
4551259	0
4368029	0
14351698	0
33469590	0
758437	0
868365	0
19282137	0
4952511	0
126835	0
4185248	0
41917428	0
8485353	0
45583756	0
948101	0
4768500	0
972111	0
8980506	0
13667870	0
2005074	0
22649295	0
35684890	0
998499	0
36781800	0
10350730	0
17576679	0
25603899	0
44562743	0
9532333	0
26482381	0
581451	0
31940576	0
6701897	0
26069844	0
41312109	0
16034110	0
13748756	0
29078213	0
2069743	0
1287335	0
7802069	0
47152395	0
46305330	0
40163841	0
4595492	0
447967	0
27813404	0
12839393	0
8660409	0
1256850	0
296264	0
29258469	0
39147916	0
33466410	0
28172290	0
18598592	0
187067	0
8056553	0
9254586	0
4242148	0
5742792	0
12481644	0
4584458	0
1167046	0
36586653	0
433143	0
1386159	0
31206824	0
7079537	0
1574778	0
4079898	0
25011623	0
37540168	0
49222541	0
4591414	0
18811505	0
7210968	0
20599016	0
12091555	0
4596606	0
22731308	0
624804	0
8654002	0
2350356	0
7133504	0
33997841	0
4309013	0
17127394	0
16720140	0
13640499	0
6709260	0
30108911	0
17958273	0
38214824	0
4681831	0
23899916	0
11460485	0
2414106	0
28062740	0
2928897	0
31477098	0
5674083	0
46963638	0
24698807	0
27021439	0
27117700	0
3380816	0
844677	0
13185232	0
21229832	0
19996392	0
3180009	0
20922997	0
11558390	0
1751878	0
3081249	0
824108	0
7906702	0
6793243	0
16649121	0
489483	0
47580447	0
52755	0
3652924	0
43036745	0
31022390	0
2196277	0
26791407	0
2378208	0
23856635	0
26317175	0
11129963	0
6146217	0
4530940	0
27050635	0
693809	0
13020691	0
14624447	0
3305490	0
625857	0
29071909	0
9687817	0
3041814	0
4618029	0
41645864	0
35794907	0
5580415	0
1319085	0
40785881	0
19888109	0
40081783	0
7949594	0
9328929	0
