8449303	1
12472615	1
28312770	1
40616397	1
34604632	1
2402362	1
5578201	1
1503661	1
3275319	1
52285	1
567737	1
1210781	1
3459988	1
32692113	1
872831	1
7742167	1
242650	1
224306	1
812278	1
2663177	1
34619920	1
1798838	1
814214	1
5942208	1
881329	1
728960	1
2052682	1
861982	1
4806973	1
8642	1
299535	1
29394343	1
770595	1
642932	1
16917862	1
3747577	1
6776046	1
4052643	1
1521277	1
48372685	1
342656	1
18499953	1
1219240	1
21489976	1
12491143	1
15190364	1
1131951	1
215953	1
4047143	1
25652343	1
5595760	1
22464926	1
199106	1
754210	1
462539	1
210081	1
2253633	1
6390869	1
1132233	1
1224001	1
17074291	1
13271981	1
25742020	1
24089375	1
4925929	1
46981409	1
28144723	1
5692753	1
25970115	1
8369113	1
15939139	1
14453069	1
28873960	1
9571684	1
2604100	1
2564428	1
4689460	1
34633105	1
4863788	1
17477012	1
1211558	1
17921068	1
7372433	1
17902217	1
10827017	1
9059887	1
7282844	1
16892288	1
8989198	1
38818724	1
764043	1
20419881	1
33995032	1
2497046	1
4494502	1
6333283	1
17854435	1
3576964	1
2252483	1
1337420	1
2511055	1
17210862	1
35353024	1
1093793	1
25183199	1
2836514	1
23071	1
14222381	1
32755105	1
1699574	1
885431	1
20524832	1
3974826	1
26054284	1
6935119	1
22236932	1
32777501	1
5329677	1
367128	1
7742674	1
633468	1
48605482	1
8599	1
27593839	1
10464221	1
535002	1
27501149	1
393093	1
1673302	1
2698246	1
874181	1
1888505	1
5212837	1
31854825	1
262428	1
299257	1
12550733	1
6788337	1
1655317	1
7208646	1
2578696	1
31895777	1
363594	1
653384	1
5215146	1
1259154	1
1054827	1
480207	1
29936924	1
1211862	1
43027839	1
8926871	1
2374313	1
5853938	1
58074	1
8658553	1
24397544	1
23702898	1
22507	1
1924439	1
36077900	1
35742993	1
31163583	1
1196394	1
668024	1
2158629	1
5999393	1
3054181	1
404381	1
148457	1
745879	1
933376	1
264467	1
20159252	1
8457351	1
3943538	1
15157635	1
14478259	1
605318	1
2374501	1
23234523	1
3631251	1
1194628	1
1215048	1
6399005	1
889184	1
34322711	1
8963140	1
499013	1
401407	1
68143	1
3694562	1
2662706	1
20152384	1
26525308	1
12255577	1
4216889	1
33543535	1
6375558	1
44085	1
20005298	1
1691295	1
4618604	1
28674378	1
36389825	1
18283145	1
2119544	1
5563702	1
28007600	1
1248309	1
6147510	1
6914656	1
1011468	1
240593	1
23981201	1
12500410	1
30855048	1
221467	1
22042944	1
20691749	1
12279263	1
19378234	1
13876564	1
7012667	1
37592956	1
39651309	1
665160	1
19939564	1
24836352	1
649274	1
1424105	1
15017033	1
427040	1
534468	1
8979301	1
241173	1
255272	1
6536560	1
1215212	1
1241145	1
616243	1
25493050	1
1582184	1
5579774	1
1462265	1
24064681	1
1022950	1
8396849	1
726782	1
4042688	1
160691	1
21800941	1
867155	1
1129957	1
8515190	1
416988	1
1657669	1
46017877	1
12748117	1
366633	1
7747208	1
3975534	1
1349638	1
203748	1
175069	1
11543342	1
26582	1
1602561	1
22459361	1
38538379	1
1479416	1
746043	1
5671974	1
252942	1
404204	1
443590	1
461953	1
597918	1
3741107	1
8642065	1
9819397	1
8656001	1
7464314	1
1218139	1
22750311	1
5382730	1
4986127	1
1941218	1
4311692	1
34483774	1
4819886	1
2148612	1
4715698	1
4527144	1
7167784	1
2071559	1
28608	1
1745281	1
445710	1
4884189	1
1341033	1
6750330	1
78142	1
165554	1
10265768	1
20053477	1
24568293	1
181229	1
109028	1
10662	1
14228647	1
3078211	1
20966735	1
1222133	1
5080230	1
1450171	1
5166662	1
440107	1
19228983	1
745990	1
290091	1
673674	1
488503	1
6127757	1
9244732	1
1602443	1
177834	1
408409	1
37755199	1
5011344	1
1981967	1
392395	1
3851580	1
1420952	1
10476932	1
820652	1
369616	1
3421784	1
21246074	1
35810054	1
26235268	1
3929873	1
16626538	1
26802105	1
34734162	1
33433120	1
1648095	1
98573	1
24391859	1
5830658	1
11073939	1
366720	1
546269	1
15927633	1
204110	1
15079764	1
1219757	1
1281559	1
29228425	1
14162412	1
3663393	1
2207554	1
2373558	1
2965098	1
21883066	1
13099042	1
2320860	1
297682	1
124794	1
1214960	1
566703	1
325764	1
80121	1
3392459	1
9920861	1
18717624	1
28080763	1
11334785	1
1185429	1
1742771	1
1367984	1
33060	1
401022	1
1342550	1
26616884	1
6643402	1
2313489	1
1327403	1
394691	1
1199791	1
7197000	1
9421006	1
1870182	1
1511570	1
26277380	1
8797848	1
3581888	1
24119228	1
1517844	1
282603	1
8182987	1
10137430	1
2750608	1
3482397	1
18423565	1
1248450	1
91246	1
167070	1
505261	1
5148492	1
3688318	1
3413775	1
2094047	1
2044745	1
3989505	1
34344543	1
15615513	1
3154860	1
24674390	1
16936423	1
7651182	1
35207556	1
26830298	1
206314	1
39839724	1
2977889	1
20897	1
36515024	1
13984334	1
115813	1
41024813	1
1165566	1
6753902	1
1393764	1
1738051	1
27366219	1
697016	1
399290	1
337156	1
206221	1
1803371	1
2436494	1
709	1
14986578	1
11371976	1
3604125	1
2292091	1
19562661	1
535273	1
14091423	1
577327	1
1514789	1
25861571	1
1246377	1
8963664	1
1219231	1
44009085	1
19992068	1
32817	1
10228697	1
9603754	1
483614	1
3952043	1
14643153	1
21338368	1
5260347	1
7580564	1
163286	1
14445081	1
733029	1
21349466	1
32287062	1
321496	1
960657	1
1483073	1
7521458	1
12298224	1
10055966	1
13270328	1
1187735	1
2199084	1
111323	1
217609	1
415650	1
22819554	1
827326	1
1471054	1
1393665	1
31839223	1
920245	1
17905608	1
11848179	1
25668292	1
1194604	1
47557437	1
4928437	1
3942476	1
36837140	1
11162846	1
8890210	1
1431065	0
684219	0
14846925	0
1233866	0
41554518	0
237019	0
224692	0
14529169	0
5082357	0
3521904	0
3347625	0
24032671	0
8751808	0
2920453	0
1939073	0
42339219	0
111434	0
14631760	0
4794520	0
11274037	0
17304494	0
3154894	0
746231	0
20958953	0
42418223	0
1958391	0
9365866	0
1219374	0
9763393	0
21285512	0
31478239	0
873900	0
47712306	0
4796479	0
1791840	0
43203905	0
3273583	0
47232158	0
12804580	0
22487934	0
16359793	0
31758906	0
17844069	0
17407213	0
7641989	0
7465071	0
13547730	0
3555864	0
5372975	0
18815962	0
13725545	0
27545033	0
48872	0
108206	0
4443260	0
3517307	0
13288216	0
33976126	0
15056728	0
25243407	0
4037951	0
3009262	0
47679730	0
1937664	0
32075878	0
3489097	0
4341226	0
11029162	0
4274363	0
9221236	0
9083996	0
1580139	0
44457022	0
1068101	0
8582036	0
857520	0
7731924	0
29029368	0
20428648	0
1573838	0
17549608	0
16928944	0
26302843	0
33408147	0
27996369	0
1034267	0
5093257	0
3215192	0
45136352	0
30188363	0
22851187	0
23749565	0
18028096	0
12612688	0
21662131	0
5295514	0
2597663	0
233172	0
13207002	0
23830044	0
31572881	0
43836267	0
703270	0
26040863	0
549681	0
3900279	0
4151480	0
3712828	0
107682	0
41323729	0
4750615	0
14421196	0
884991	0
27551617	0
21922744	0
4330725	0
1690351	0
8853232	0
18777885	0
7637226	0
11016210	0
11791067	0
5755096	0
31966481	0
1594373	0
2213886	0
139332	0
6052168	0
806323	0
268059	0
35730012	0
11579492	0
16037007	0
37532934	0
33308992	0
22432171	0
3918021	0
9025084	0
3510881	0
20858837	0
1924212	0
1327924	0
1471439	0
42438797	0
34826742	0
1227250	0
38480934	0
25160650	0
602851	0
3537486	0
40534236	0
238942	0
1835362	0
1758528	0
28879412	0
2605544	0
45326923	0
30760521	0
328123	0
9642846	0
23637966	0
14334937	0
25006398	0
34370903	0
7617469	0
427518	0
21011768	0
5310082	0
11504979	0
6825049	0
47017545	0
40947575	0
2597051	0
31940486	0
8231215	0
10405738	0
27645834	0
11291994	0
47736998	0
20206280	0
27567667	0
8162766	0
34306464	0
2897921	0
25942290	0
44933194	0
26764592	0
23691271	0
75758	0
30598454	0
4551665	0
3099219	0
29612989	0
300208	0
40089326	0
160388	0
621581	0
4504118	0
38235820	0
33235619	0
36736970	0
39123296	0
2163877	0
6423697	0
23163336	0
27159770	0
2114161	0
2127441	0
15441869	0
3032151	0
29869890	0
12481385	0
713080	0
37996045	0
913413	0
1580743	0
259804	0
37931463	0
37103142	0
20251793	0
22797583	0
29408175	0
1788750	0
2306931	0
784611	0
20746384	0
3725503	0
35617008	0
29841300	0
4476884	0
137020	0
25529119	0
29549539	0
13384966	0
38268164	0
6104197	0
12501031	0
151246	0
43417433	0
28690	0
12565057	0
631711	0
1868334	0
472998	0
2080143	0
17248403	0
33917547	0
114767	0
2446645	0
120529	0
5150901	0
23588107	0
19976948	0
6096346	0
35906009	0
34324614	0
4056569	0
14982187	0
2208094	0
11674456	0
24781985	0
949937	0
43483097	0
40940312	0
3807984	0
925284	0
22324586	0
763913	0
41905983	0
18644991	0
23136332	0
2049842	0
21771496	0
18232084	0
732394	0
1231401	0
568755	0
32548805	0
133872	0
3720273	0
4732574	0
5830550	0
30679256	0
1021314	0
14998689	0
1704507	0
9778238	0
27227034	0
17039851	0
45306464	0
2204709	0
3428755	0
10584449	0
2482605	0
5672092	0
36764633	0
95966	0
22573720	0
9656802	0
14112114	0
30261984	0
2413109	0
6070874	0
1396986	0
2816938	0
6017182	0
7048192	0
24462994	0
3227022	0
37795019	0
3177065	0
6464178	0
35781912	0
11154855	0
3261101	0
2977980	0
29450127	0
44960718	0
18106075	0
20571847	0
1904332	0
175502	0
10508021	0
31142957	0
14573085	0
939156	0
20840075	0
959267	0
32074887	0
12573111	0
18089829	0
6362830	0
1509096	0
1871537	0
3283671	0
30241091	0
10936288	0
9828626	0
31446711	0
13506083	0
11270479	0
20815763	0
107461	0
4655971	0
8295475	0
8251056	0
38843734	0
152384	0
12753305	0
9511930	0
24746257	0
8740106	0
2613411	0
5525186	0
1506442	0
17570783	0
129827	0
4865498	0
1187200	0
16803325	0
231223	0
24612833	0
448862	0
6718323	0
9598149	0
25383779	0
11547002	0
15433271	0
25406359	0
40846216	0
1369976	0
1158737	0
19361306	0
21495965	0
5059307	0
7414579	0
5968345	0
38436267	0
28872467	0
14231750	0
32986652	0
137496	0
17855213	0
101580	0
9318291	0
966667	0
2900733	0
5954689	0
2026693	0
5047432	0
4187623	0
285106	0
2544	0
4485268	0
1058942	0
11402735	0
11399928	0
20017506	0
45622768	0
7573269	0
3554207	0
12701579	0
4946546	0
6160115	0
41740677	0
2021896	0
6895449	0
1900979	0
8407288	0
43223430	0
2610453	0
1597087	0
26727144	0
35649892	0
12081884	0
13691649	0
10656960	0
13497997	0
4955317	0
5645958	0
3217974	0
41672667	0
5081878	0
1166969	0
1617037	0
1455296	0
41742355	0
18036957	0
8385217	0
10706064	0
1544233	0
12414876	0
13825129	0
507660	0
31961449	0
43239962	0
12296845	0
16528178	0
260587	0
23654834	0
3610034	0
1854097	0
903776	0
2262625	0
22013885	0
41551985	0
6096015	0
201704	0
677020	0
42767334	0
1100006	0
15348996	0
29383608	0
18551980	0
2023385	0
729245	0
8595634	0
11595028	0
2145963	0
31376567	0
25077248	0
31323977	0
44364951	0
13241993	0
10114867	0
1160233	0
8953275	0
3069502	0
17502042	0
8696290	0
5540524	0
2108919	0
2263757	0
18617032	0
33065882	0
7966672	0
40757176	0
33727342	0
2522699	0
18684522	0
2282192	0
2138673	0
43619094	0
6555022	0
42349456	0
7395356	0
44164643	0
46642622	0
1724723	0
7218392	0
44000073	0
117052	0
16307933	0
867449	0
33213112	0
268916	0
4129911	0
9130267	0
16780031	0
3527257	0
