5308396	1
5612735	1
4602669	1
168487	1
405952	1
2572999	1
3598645	1
1003529	1
226704	1
2081251	1
7273798	1
1997867	1
901022	1
570559	1
29005007	1
1034614	1
14129491	1
168556	1
15863806	1
44566306	1
700310	1
6865846	1
2414550	1
10078282	1
433285	1
1544661	1
1280959	1
17686875	1
8231353	1
3206294	1
30889779	1
6356265	1
10592550	1
21354116	1
4561870	1
34164859	1
116505	1
30316700	1
16175039	1
1564225	1
1573108	1
1137294	1
12143160	1
254310	1
291120	1
13930	1
13221824	1
901125	1
2698152	1
7168294	1
8909461	1
25711720	1
4112056	1
39436144	1
180416	1
404425	1
944651	1
735858	1
3754997	1
31910112	1
693325	1
2440963	1
29286769	1
9300572	1
2666920	1
3990916	1
15271223	1
1158240	1
3999457	1
5497532	1
10666372	1
1009087	1
518825	1
6926742	1
1313693	1
5008621	1
14003085	1
33718163	1
1815878	1
23791643	1
187616	1
1869510	1
13905953	1
31696116	1
20332408	1
112597	1
17645735	1
16984797	1
1781562	1
154695	1
215670	1
4571250	1
31376362	1
39106942	1
29828381	1
1694739	1
1196369	1
589685	1
851152	1
38472615	1
468552	1
19934373	1
2414187	1
1575040	1
11926024	1
17987408	1
2977401	1
1995301	1
32848788	1
4243698	1
417624	1
42408898	1
56622	1
34774362	1
333961	1
23952518	1
2610352	1
11257599	1
384817	1
3584614	1
9751	1
26930724	1
133331	1
45506550	1
5756580	1
21259396	1
15097516	1
295230	1
6606059	1
1830548	1
38708188	1
902753	1
189908	1
1011195	1
8210010	1
1098031	1
574857	1
1769400	1
214233	1
35301932	1
1462167	1
20357603	1
2886725	1
4260274	1
5420277	1
18832052	1
21146431	1
947717	1
32834047	1
45267439	1
47946120	1
1785058	1
5382223	1
43867363	1
14742206	1
4125967	1
17693472	1
624312	1
27596291	1
26751422	1
1399420	1
2553312	1
551608	1
16655605	1
8851049	1
13575403	1
11740365	1
5157367	1
24330081	1
7599613	1
28791424	1
4711690	1
1797730	1
17669457	1
20128213	1
999166	1
7872951	1
1463155	1
1558131	1
144040	1
4921097	1
101393	1
734206	1
10528606	1
1398675	1
18492642	1
31126621	1
6935138	1
2004862	1
8814124	1
1739629	1
368071	1
1399421	1
6694641	1
5203947	1
1613835	1
2002962	1
778928	1
21584979	1
45246	1
23224396	1
45269751	1
5418055	1
2524508	1
1502815	1
107723	1
15201839	1
39049050	1
78248	1
1121374	1
8747770	1
1571086	1
124768	1
2312016	1
42736826	1
9286720	1
44675118	1
31923899	1
557265	1
1946222	1
5609056	1
26631046	1
7912810	1
949791	1
11475406	1
1463014	1
34887166	1
29942	1
1170553	1
20987282	1
956365	1
32761531	1
3282781	1
3475446	1
1312930	1
11812125	1
35422465	1
42713446	1
20786042	1
5697900	1
5016749	1
2402234	1
39696085	1
2609814	1
7011440	1
645867	1
1577080	1
42858781	1
6109231	1
2901573	1
1446763	1
3559897	1
2032943	1
21238296	1
390789	1
14603523	1
4779895	1
16711900	1
1034487	1
3469517	1
9090396	1
1888299	1
323072	1
4711722	1
4385123	1
47607195	1
141390	1
22526132	1
146955	1
26386576	1
12803225	1
2483152	1
787273	1
11911941	1
1071877	1
443730	1
11755486	1
1022950	1
2328460	1
11879939	1
2497964	1
7699725	1
861011	1
45235952	1
9157736	1
673804	1
9628292	1
42984110	1
960647	1
2773782	1
355901	1
1683938	1
1654707	1
1377693	1
996823	1
13635929	1
28181409	1
10035988	1
2075295	1
30199198	1
9424126	1
8488030	1
5926507	1
19383634	1
9081989	1
3642496	1
110409	1
41733661	1
1811070	1
16501944	1
488730	1
26260043	1
5716936	1
27820518	1
1335514	1
2809887	1
16889238	1
450634	1
16706781	1
1922844	1
6231894	1
342825	1
11462244	1
2753956	1
422137	1
161912	1
8424205	1
7125534	1
2427051	1
903617	1
22801045	1
9276026	1
31102424	1
10899856	1
9795598	1
16924180	1
12752776	1
31186339	1
5078428	1
5676645	1
8551329	1
38718588	1
1814822	1
77665	1
1893	1
11693052	1
7655897	1
22125668	1
10966694	1
611636	1
25413538	1
920650	1
497748	1
7709639	1
12514201	1
13639390	1
731994	1
18048836	1
219325	1
18475087	1
40234931	1
449917	1
2493383	1
2332127	1
4409677	1
32269195	1
13689361	1
21568473	1
861708	1
5254479	1
6662647	1
31192370	1
21011233	1
2002674	1
15359055	1
10855923	1
1697240	1
1627404	1
7169731	1
15532375	1
13335869	1
2269427	1
3007411	1
240371	1
2203351	1
21050020	1
1818859	1
3897364	1
5419751	1
7996175	1
8948311	1
33423242	1
39219561	1
8221089	1
43476073	1
23514508	1
5649709	1
25036048	1
3874055	1
30987670	1
712718	1
630242	1
1599757	1
22073741	1
2452495	1
30579152	1
3761420	1
1423597	1
13543338	1
160768	1
1317258	1
9110185	1
5911291	1
1495511	1
2505914	1
1355455	1
4199407	1
17367823	1
4589906	1
1714586	1
6680034	1
31581348	1
3624668	1
27579455	1
2138459	1
6280596	1
620795	1
45287380	1
32991752	1
13178618	1
3472686	1
264524	1
2209657	1
40826857	1
20978675	1
943049	1
6057074	1
12282698	1
2803106	1
460286	1
8155782	1
1655252	1
4661222	1
13953595	1
5516382	1
262291	1
2855561	1
36959269	1
4252735	1
11614984	1
5188974	1
41450203	1
14280990	1
165909	1
526562	1
3153742	1
24005003	1
1077694	1
27810619	1
2693399	1
624989	1
946150	1
818722	1
1758946	1
515818	1
43053660	1
21217346	1
1628227	1
287207	1
17062126	1
1306783	1
19759653	1
30872471	1
18581860	1
3019555	1
250335	1
7796270	1
238326	1
2565653	1
13398124	1
925365	1
12962193	1
9258054	1
2806107	1
295504	1
37020603	1
2361934	1
26381817	1
23660801	1
6229631	1
2345779	1
1724473	1
14572079	1
13841668	1
3385545	1
7378698	1
9753058	1
3322134	1
29836673	1
10901053	1
47400398	0
46730577	0
32780002	0
27998758	0
11382589	0
2618412	0
22269066	0
14704654	0
44696612	0
18294073	0
32442400	0
36437814	0
1095689	0
54531	0
10714825	0
44418282	0
21564385	0
42747823	0
41675047	0
30665746	0
13543749	0
873759	0
41340672	0
33172438	0
6336304	0
12102035	0
921345	0
4503678	0
16229178	0
6148141	0
18488087	0
14145459	0
252532	0
6849973	0
3316255	0
10450153	0
48211802	0
6184103	0
24196641	0
8109183	0
8435151	0
28696280	0
6821551	0
1706693	0
35258153	0
30994	0
4230444	0
41820394	0
5921169	0
1077627	0
138603	0
344025	0
925602	0
4275174	0
9172744	0
328389	0
125444	0
20206072	0
3115889	0
26934105	0
7392460	0
30813550	0
10327448	0
89555	0
1473192	0
43530302	0
1950276	0
1318622	0
1097953	0
47977355	0
27918975	0
12497623	0
46405518	0
2441500	0
5947144	0
23222078	0
162918	0
21810198	0
1387168	0
5313887	0
3727913	0
6426728	0
142243	0
1278635	0
923620	0
37301727	0
42650811	0
19233810	0
76645	0
17619735	0
21451520	0
21297729	0
9965962	0
15826554	0
37213321	0
17659996	0
8567905	0
4332266	0
38830506	0
1654849	0
182694	0
9197848	0
2009102	0
27113508	0
112267	0
10834783	0
25100094	0
2771372	0
2912739	0
9306916	0
7633683	0
24004580	0
31511647	0
7610699	0
28176247	0
95697	0
5678405	0
3071607	0
14965328	0
6629171	0
23974702	0
2748485	0
3578961	0
18295550	0
19880003	0
31000949	0
15401	0
16954501	0
12739565	0
1827022	0
1793307	0
36578286	0
13748756	0
16157429	0
18408211	0
18432610	0
1402645	0
2262690	0
38990761	0
7454860	0
37597011	0
28803984	0
4105510	0
19800231	0
11368495	0
288323	0
9401321	0
1530008	0
13033673	0
27730019	0
10538721	0
7561075	0
20544610	0
1086112	0
10654189	0
8864060	0
21989622	0
13855187	0
2490912	0
298604	0
23436229	0
9297916	0
22944765	0
384760	0
31873550	0
1629034	0
23579022	0
44124659	0
6421537	0
31632364	0
18065079	0
29006096	0
39794161	0
38229559	0
7449820	0
4728299	0
12353248	0
13558412	0
9165910	0
15272742	0
22858969	0
13840917	0
1027348	0
7136851	0
4147840	0
2343801	0
15682628	0
14454507	0
27478848	0
4011149	0
17958978	0
39260460	0
6165779	0
1442686	0
18536706	0
6476390	0
22872908	0
43838560	0
132553	0
20287075	0
1621279	0
3665083	0
29378613	0
2163979	0
36140993	0
6255939	0
2706013	0
7510785	0
5845871	0
47103396	0
1767994	0
14446918	0
32096327	0
2035340	0
24478486	0
21004427	0
3494147	0
46233555	0
2280520	0
327245	0
13554491	0
18499531	0
2039413	0
26873522	0
26275149	0
1208713	0
6700791	0
2024639	0
14294752	0
950042	0
7803091	0
34984618	0
12419201	0
5416943	0
25133577	0
28165911	0
9869234	0
17003765	0
5574828	0
6894297	0
19692	0
21399323	0
29061850	0
35206234	0
32658139	0
2831891	0
5234793	0
30748433	0
527246	0
28345456	0
2048314	0
1647795	0
13000978	0
14515485	0
2498668	0
5995889	0
135882	0
31990963	0
230834	0
608444	0
1385323	0
18278235	0
23264555	0
8173287	0
36502123	0
4646362	0
33799140	0
24017848	0
2725786	0
34192338	0
124683	0
40108482	0
2818885	0
12837959	0
9849502	0
1773647	0
34930363	0
29580185	0
44030626	0
22887892	0
9429928	0
744061	0
431299	0
14687057	0
40548166	0
4104719	0
10305406	0
2262694	0
44843115	0
7292144	0
17365609	0
1956177	0
1217509	0
2847852	0
18302683	0
39754840	0
8371604	0
18860345	0
7163738	0
5763270	0
26903440	0
3284297	0
3741957	0
30742328	0
4280148	0
14274311	0
17844691	0
4268805	0
38846947	0
478944	0
27162175	0
82489	0
2193069	0
7008368	0
2534902	0
12836794	0
46868583	0
3040868	0
1014283	0
497340	0
35270677	0
3621505	0
35068343	0
21261503	0
16971467	0
997163	0
906261	0
2146551	0
10906430	0
39474490	0
130675	0
20525785	0
123062	0
28857732	0
12789870	0
20373522	0
11032425	0
37096398	0
5071364	0
8964356	0
48351323	0
38682737	0
3774930	0
1987067	0
14588704	0
25575617	0
384160	0
1201904	0
4199099	0
15827798	0
551236	0
17406210	0
1524553	0
976516	0
5732341	0
2145741	0
22707709	0
4445769	0
41796957	0
22890451	0
10585650	0
7882361	0
10533447	0
26014105	0
3603678	0
27353656	0
38602166	0
13035900	0
10330093	0
29571020	0
26196870	0
120164	0
29545275	0
19414777	0
28351582	0
30786697	0
24271218	0
33702283	0
4121648	0
2818639	0
39024721	0
7599982	0
198539	0
2617787	0
2423389	0
42971995	0
32556787	0
121279	0
621492	0
13991514	0
4642231	0
35027518	0
23950154	0
33038356	0
28137282	0
37489721	0
1712294	0
48209580	0
26669173	0
32355772	0
4098852	0
22830511	0
19436233	0
138164	0
6255216	0
2664040	0
10018708	0
41287882	0
22215583	0
12489589	0
48915506	0
19197176	0
1208341	0
264188	0
12514262	0
7788049	0
16043708	0
27597096	0
38666065	0
10181906	0
12857670	0
31296724	0
22887334	0
63150	0
276966	0
7722619	0
10423034	0
248676	0
8232303	0
731048	0
25344840	0
17379350	0
17437977	0
29441456	0
4487969	0
3639892	0
15415715	0
2539120	0
8239431	0
28433449	0
2495838	0
1557235	0
118462	0
25811620	0
18225909	0
115173	0
31998083	0
32878480	0
7720823	0
22151344	0
2522745	0
33936854	0
18151707	0
323322	0
21491408	0
6311765	0
22090836	0
34078972	0
32297230	0
649488	0
37584615	0
47891047	0
34549466	0
23022197	0
15298580	0
45065104	0
257230	0
5589386	0
19861483	0
108854	0
43914178	0
22134929	0
138063	0
5540439	0
1137357	0
2701990	0
21491724	0
116534	0
3632709	0
134143	0
11218213	0
20357557	0
36762247	0
6743432	0
2462200	0
47924584	0
1505018	0
40294218	0
21826508	0
48068300	0
3195358	0
38340322	0
43842875	0
30915702	0
617683	0
44733488	0
8164393	0
13450055	0
12484862	0
547663	0
