129608	1
914767	1
4342550	1
1262623	1
3879882	1
16235547	1
24213225	1
4095672	1
1076674	1
26254063	1
13567424	1
2114169	1
344393	1
1147318	1
66068	1
32868608	1
4043961	1
508585	1
436134	1
24934385	1
33228650	1
34061211	1
175403	1
18227073	1
18961608	1
2323718	1
6867335	1
31468085	1
148164	1
17547565	1
1354991	1
16933304	1
3660667	1
31591180	1
3512110	1
2340341	1
2978860	1
32679978	1
914891	1
710842	1
1019098	1
7293	1
465379	1
1119761	1
22949187	1
320979	1
9443834	1
7852575	1
610819	1
43969384	1
3124505	1
43950771	1
63185	1
6065953	1
274835	1
46596	1
12991387	1
11318619	1
8697343	1
1097432	1
701471	1
45081	1
27672	1
4504946	1
481619	1
679610	1
302058	1
2640205	1
477177	1
45446	1
8491076	1
2173152	1
350610	1
19064449	1
1233538	1
1223612	1
2361620	1
862147	1
2112026	1
1730021	1
254169	1
550495	1
5921780	1
2121894	1
14892	1
10834	1
4589399	1
2078064	1
333126	1
2485308	1
1015494	1
30528690	1
20762	1
186589	1
4107177	1
30864843	1
7826144	1
17676926	1
174052	1
10047702	1
14645854	1
24226096	1
328618	1
207352	1
389738	1
65712	1
975385	1
14481482	1
5978726	1
29797022	1
15938122	1
329705	1
23382736	1
23812127	1
9186204	1
3652675	1
18623684	1
2372942	1
1442397	1
133462	1
437779	1
10681950	1
6391151	1
151136	1
23573470	1
1529749	1
1854184	1
19981070	1
57646	1
10814343	1
19944331	1
1701981	1
5281955	1
1881651	1
85655	1
33318526	1
2924234	1
100405	1
3463336	1
6418723	1
25140	1
4449880	1
17927963	1
40647945	1
17844	1
1187955	1
4439374	1
13182410	1
40095403	1
1043305	1
38574584	1
6711330	1
14584481	1
9991686	1
634750	1
9286117	1
601278	1
73697	1
70843	1
38212997	1
8339283	1
6517202	1
14374162	1
19862788	1
17469444	1
15783828	1
7650255	1
5999	1
11911841	1
2126111	1
23730245	1
16313016	1
38993999	1
32809769	1
11571983	1
170609	1
20626632	1
5764734	1
14158402	1
40538740	1
1830602	1
19149454	1
12143160	1
14966517	1
412774	1
237186	1
31213427	1
39565408	1
923233	1
25250621	1
29985063	1
14540505	1
120537	1
51119	1
18531069	1
197356	1
20081528	1
56870	1
13014325	1
369717	1
5598811	1
731639	1
2604065	1
3199016	1
2272402	1
2495682	1
13346091	1
2919815	1
55271	1
3310187	1
4963956	1
9308504	1
1147034	1
32311451	1
1510326	1
1831800	1
324332	1
345802	1
454452	1
1700936	1
942637	1
18590238	1
9534120	1
176846	1
8049742	1
2700284	1
1039432	1
2630149	1
47332160	1
1224001	1
341863	1
870652	1
18585604	1
10865256	1
2221131	1
2514972	1
7887086	1
680372	1
156123	1
10400214	1
2619015	1
412816	1
36388515	1
7144185	1
14009465	1
11384735	1
2513537	1
1260321	1
3495694	1
2179356	1
1095968	1
43636255	1
18894920	1
2208345	1
3516503	1
492218	1
12734	1
1357371	1
917915	1
2729255	1
24971240	1
6698825	1
26909	1
10691499	1
613525	1
21171319	1
18860912	1
28560487	1
4102337	1
4910741	1
430239	1
43418003	1
1633711	1
1162535	1
4812390	1
2380540	1
118535	1
287735	1
42027703	1
2690277	1
28318770	1
1737670	1
1351340	1
732358	1
27669685	1
28331378	1
178944	1
963092	1
20844560	1
22178705	1
2264529	1
248718	1
249690	1
22145218	1
160340	1
6758360	1
236695	1
109191	1
584663	1
111671	1
14358285	1
2868493	1
6988521	1
8828769	1
27594595	1
16176394	1
2126959	1
1836626	1
1220090	1
1746996	1
6237755	1
35762333	1
21111892	1
19532	1
155377	1
3410	1
15368407	1
25530334	1
9152821	1
66206	1
13660794	1
7274111	1
13373	1
160773	1
35573163	1
143563	1
1037033	1
21691468	1
558561	1
5740646	1
29382636	1
570221	1
1190705	1
1023169	1
1036496	1
1194646	1
13535838	1
21361069	1
8311	1
2232474	1
5584456	1
161466	1
241681	1
31074125	1
1024493	1
25606173	1
1912975	1
41764578	1
1644621	1
12848067	1
1271314	1
2100454	1
47447622	1
24647510	1
22441710	1
1354059	1
3285529	1
865625	1
10028449	1
30759851	1
18812985	1
19375757	1
2515370	1
11161932	1
1032299	1
14300087	1
19421884	1
3529697	1
297388	1
7475352	1
12737715	1
1688989	1
1913997	1
2006650	1
1371415	1
3327977	1
43532540	1
365634	1
430095	1
24383095	1
6475255	1
63321	1
1008933	1
18948912	1
674916	1
1484783	1
34760233	1
25489408	1
495325	1
18696757	1
3264532	1
20368375	1
870021	1
44592	1
13504642	1
10499481	1
1912728	1
7594239	1
22547917	1
3310607	1
6499152	1
32056914	1
2207795	1
556696	1
121052	1
10895852	1
521165	1
15325280	1
34610115	1
19389113	1
412912	1
1224215	1
21372064	1
2599407	1
2199647	1
9558128	1
34764141	1
2840278	1
7267746	1
304604	1
694468	1
15965442	1
932387	1
1114056	1
10264	1
350349	1
1725603	1
5727265	1
17926	1
910084	1
494597	1
659722	1
50217	1
2633781	1
10066009	1
26316210	1
925271	1
32883710	1
849789	1
439868	1
1951212	1
16981551	1
21088389	1
29612	1
6198351	1
8248429	1
118420	1
43516	1
12839750	1
33632441	1
459448	1
4429064	1
401225	1
18622102	1
1336696	1
1871011	1
34875199	1
1368236	1
1156120	1
679668	1
5676736	1
226375	1
42580	1
4874286	1
17845645	1
2299842	1
6477931	1
2926932	1
20076571	1
4147554	1
1149057	1
46165	1
28031343	1
521423	1
11154382	1
33707714	1
5771457	1
65137	1
6884414	1
233802	1
15604515	1
1628688	1
15202035	1
10758709	1
138927	1
6044331	1
3715988	1
18502754	1
2694636	1
47867433	1
47948966	1
721696	1
3307639	1
1647990	1
3932092	1
475847	1
26708023	1
1084037	1
6119084	1
917040	1
43188437	0
34259086	0
25701511	0
1680720	0
506116	0
20307052	0
58302	0
3107239	0
16488179	0
41353775	0
44024556	0
123291	0
2116947	0
993466	0
28618812	0
12267210	0
2675536	0
20819621	0
7038029	0
28683619	0
3655422	0
18627909	0
12518339	0
19609508	0
9748284	0
5477084	0
42979527	0
38301017	0
23544902	0
12744440	0
191734	0
139538	0
2539695	0
2751651	0
55662	0
1382091	0
17544240	0
5710842	0
7823983	0
33444713	0
38928244	0
27494237	0
8533196	0
22159946	0
9105249	0
43815417	0
21757895	0
297187	0
2392416	0
30596890	0
30865562	0
12894747	0
18030040	0
5622900	0
2627813	0
8883658	0
2196085	0
7536423	0
15124093	0
2483686	0
6828596	0
11582116	0
14655899	0
5100778	0
4737488	0
32567233	0
5149870	0
13797522	0
567822	0
5595091	0
3726529	0
1868383	0
25772551	0
418549	0
7453087	0
15288960	0
22018465	0
21631455	0
5580862	0
11271059	0
14121669	0
6226107	0
2810598	0
9718739	0
44848983	0
9613367	0
23391219	0
1144020	0
965587	0
324210	0
797556	0
17549698	0
6155661	0
672338	0
46349343	0
11529353	0
767659	0
205812	0
5445414	0
18805955	0
781437	0
6263204	0
34457467	0
15039992	0
2463185	0
46783335	0
26601629	0
4328032	0
33914449	0
45352784	0
628503	0
18086811	0
43964818	0
2853997	0
6098064	0
1175318	0
16189052	0
107412	0
5231490	0
3398032	0
18613788	0
12670998	0
5406198	0
14287279	0
3353300	0
35232337	0
995520	0
15737420	0
4323526	0
4052674	0
2903868	0
192138	0
14973616	0
19779207	0
23846311	0
27773036	0
36797281	0
1098704	0
4669444	0
8074986	0
32358805	0
8454687	0
22950949	0
4063457	0
5466484	0
12443521	0
8530801	0
3557179	0
116572	0
2760058	0
24289075	0
12344452	0
7625832	0
95631	0
25181747	0
14454698	0
8896053	0
26984300	0
12374756	0
25864193	0
34573420	0
31149288	0
494527	0
45423890	0
35158942	0
45331859	0
9808461	0
4300766	0
46408057	0
4657443	0
10519276	0
1636211	0
559750	0
2710860	0
3083390	0
2645179	0
33352766	0
33922442	0
3202431	0
417589	0
7663976	0
5060684	0
890204	0
20614490	0
5981522	0
24066172	0
134909	0
20157593	0
23177724	0
9327056	0
587803	0
2445342	0
10500141	0
6024084	0
25047827	0
8607763	0
23108649	0
46497745	0
20685727	0
38196497	0
3584905	0
125484	0
41009492	0
6161661	0
16037913	0
3444670	0
4217960	0
4447089	0
42502257	0
22344717	0
2186358	0
4579589	0
18171240	0
38343262	0
2895182	0
4738628	0
3072550	0
572232	0
90914	0
1886913	0
10774894	0
2117335	0
11319469	0
45580835	0
9081721	0
5542443	0
1537855	0
6407310	0
5394192	0
24862723	0
12575465	0
13788627	0
8906793	0
10713977	0
20552752	0
4868906	0
8723324	0
30594338	0
6865642	0
21122630	0
24201288	0
2827312	0
153644	0
5931150	0
8312381	0
22879814	0
3125951	0
16047551	0
2679634	0
18524903	0
4013971	0
119507	0
13823463	0
26138391	0
5793728	0
4243174	0
12527012	0
6707333	0
9629070	0
1999621	0
41714190	0
173851	0
21147380	0
48245268	0
10331646	0
18247982	0
21672860	0
36269462	0
19509714	0
35547253	0
6201993	0
40102318	0
40002155	0
4194627	0
332211	0
22779050	0
27999486	0
41497018	0
1088531	0
17260510	0
25808670	0
2847850	0
707152	0
22216270	0
5211443	0
1466212	0
11452578	0
7878157	0
6580976	0
14567068	0
7589557	0
96672	0
1171683	0
5872124	0
34192419	0
16001007	0
19936107	0
31561423	0
8400669	0
4325652	0
18806382	0
20120774	0
9168893	0
16195152	0
26017401	0
6555289	0
2919408	0
15099534	0
1078828	0
4476993	0
12786039	0
6329592	0
49212784	0
8801667	0
4961073	0
1082662	0
725555	0
4506915	0
2175450	0
27948552	0
297225	0
42801330	0
1097055	0
22849173	0
2519720	0
1820723	0
36426165	0
24884377	0
45696950	0
1657105	0
393988	0
14147899	0
43781852	0
13380765	0
23758662	0
29322001	0
12075869	0
18063387	0
46870191	0
27638152	0
7480416	0
39592224	0
1426431	0
6534364	0
29371446	0
24623442	0
8251414	0
28875090	0
495638	0
16495493	0
2172018	0
1218161	0
23066641	0
2697339	0
9322486	0
111977	0
6552663	0
18529662	0
6892027	0
2068411	0
2184752	0
30063460	0
25414345	0
21071991	0
33052037	0
6367382	0
4644319	0
13362466	0
6693396	0
2878550	0
882479	0
29378117	0
1393302	0
10493270	0
1409349	0
25213576	0
1497383	0
38751741	0
1139739	0
32388260	0
22928604	0
17240439	0
2149210	0
4021658	0
36634965	0
7816628	0
1705516	0
10951009	0
11420474	0
34766861	0
14944298	0
15467497	0
38441077	0
20523761	0
7836813	0
10468931	0
27776782	0
49111564	0
37188971	0
18635223	0
35746022	0
31228430	0
12379380	0
24443892	0
7468864	0
44051049	0
1972076	0
6454333	0
25253895	0
5340132	0
16026525	0
23643316	0
3867721	0
40179405	0
23738141	0
30339548	0
10053912	0
1931035	0
44639421	0
44308279	0
95540	0
532918	0
4778254	0
1283756	0
45065328	0
6266964	0
14214225	0
11656957	0
18589208	0
2353507	0
30715077	0
6371108	0
3267491	0
24300269	0
946035	0
12724716	0
559858	0
20391922	0
12168123	0
21122519	0
36141659	0
9303091	0
38128277	0
34858843	0
34957511	0
2300186	0
18454689	0
1068679	0
2031972	0
335382	0
34366033	0
24811703	0
43626007	0
4948727	0
26195097	0
1844925	0
698138	0
29137950	0
13463	0
3291855	0
8642275	0
23475106	0
47777336	0
5902890	0
19537629	0
17234234	0
176489	0
45165658	0
9479564	0
3900684	0
6708591	0
9397285	0
42796951	0
13579270	0
5503282	0
2545459	0
7799567	0
15847920	0
28073195	0
2169927	0
35478938	0
17192492	0
8454016	0
2568990	0
1944950	0
12946716	0
6555707	0
676595	0
9158734	0
6321645	0
33874182	0
5629041	0
19689517	0
3824837	0
25306979	0
11321523	0
3460299	0
37197642	0
12223968	0
7638436	0
