5577416	1
2444694	1
23180963	1
17965784	1
26381767	1
41207463	1
12873313	1
854574	1
3056180	1
17430583	1
73309	1
7114462	1
6020781	1
2936492	1
18814781	1
215623	1
500639	1
79321	1
30776599	1
334751	1
14305413	1
232769	1
28052636	1
727729	1
328194	1
11544521	1
1248565	1
2013184	1
22888734	1
3047664	1
474525	1
10641064	1
44379872	1
4881050	1
402418	1
4674848	1
4809888	1
9820124	1
5697680	1
2866512	1
2060858	1
10753161	1
230519	1
1839411	1
5950987	1
57779	1
4267090	1
353322	1
17752	1
47836950	1
788757	1
2732293	1
323316	1
2068940	1
3343030	1
229612	1
1546803	1
3145279	1
1958873	1
1292028	1
4021165	1
10350412	1
355462	1
462492	1
2781576	1
3685181	1
2168077	1
224465	1
7647005	1
587618	1
13948274	1
4612450	1
644256	1
8063	1
160349	1
39094590	1
250376	1
3400830	1
511734	1
142110	1
2396938	1
5478322	1
21086518	1
3027338	1
30517841	1
3995	1
548819	1
18004715	1
1553116	1
7607314	1
5803703	1
3875183	1
175056	1
11437593	1
16756286	1
178545	1
16569405	1
320062	1
8443101	1
799679	1
146717	1
71070	1
2645736	1
2785607	1
25970957	1
88160	1
1756439	1
1038077	1
1545225	1
14414781	1
307108	1
208316	1
681413	1
2244918	1
17287515	1
104462	1
297157	1
1166380	1
903656	1
376728	1
6301409	1
47847366	1
340454	1
341418	1
3800983	1
22930465	1
3092122	1
21499946	1
47246228	1
28830649	1
2120234	1
2037192	1
22385580	1
34847	1
60832	1
210372	1
3232303	1
1593916	1
359099	1
4455706	1
1187770	1
22058121	1
18951602	1
7947265	1
236482	1
326516	1
559087	1
386244	1
614096	1
47643	1
1137938	1
214737	1
2018721	1
70646	1
9109717	1
11429023	1
7466925	1
245366	1
25241362	1
201936	1
7695456	1
2160511	1
5843419	1
635307	1
4007115	1
3176088	1
74648	1
9728132	1
69371	1
4183807	1
19942628	1
977549	1
672456	1
1119341	1
5690378	1
18729001	1
2561413	1
12156110	1
1438835	1
19169	1
52222	1
11444440	1
14155	1
1618509	1
1734212	1
24723333	1
14034683	1
746499	1
5336641	1
127071	1
3879766	1
6299613	1
392098	1
1407767	1
221351	1
33568297	1
16119547	1
18939165	1
51169	1
9531	1
38367	1
43346426	1
478337	1
6310	1
2914693	1
2141436	1
1958801	1
5108641	1
7844349	1
60026	1
5004759	1
62935	1
3463	1
267642	1
656087	1
21047295	1
283824	1
15124855	1
7515890	1
325708	1
386886	1
6299198	1
12710004	1
17648231	1
6119896	1
44002220	1
63629	1
46716818	1
49719	1
38138	1
1347108	1
556603	1
2851098	1
217280	1
2148128	1
49251	1
1217063	1
21476285	1
7439111	1
31651828	1
3979884	1
14051474	1
16494	1
38262132	1
26564108	1
40981147	1
15666944	1
244207	1
202068	1
19344515	1
114562	1
1307356	1
1102009	1
559058	1
768720	1
342735	1
1598647	1
14747953	1
2613389	1
17335	1
2430012	1
1472929	1
13364115	1
1055984	1
14650	1
30098686	1
3620844	1
4352098	1
1101484	1
5043324	1
102485	1
220603	1
2803961	1
765924	1
2218068	1
2312094	1
160978	1
1138106	1
1846726	1
52023	1
539703	1
1119390	1
3063855	1
17367895	1
7930072	1
3176025	1
725125	1
17954772	1
80313	1
19244963	1
9496684	1
104942	1
47707435	1
405195	1
1360224	1
13525	1
3333	1
1328523	1
548880	1
15244029	1
2732273	1
194405	1
161828	1
30138	1
24585728	1
2154879	1
581730	1
17633	1
7618453	1
20855562	1
476165	1
102946	1
5057879	1
1482669	1
3171814	1
618055	1
2965897	1
25955086	1
66049	1
1005659	1
313436	1
1502011	1
2187756	1
1081473	1
2068048	1
10876434	1
31859544	1
1211226	1
562348	1
171647	1
13867478	1
1302753	1
297034	1
5165163	1
21170084	1
32747331	1
4191676	1
15127549	1
21545467	1
20347481	1
2369129	1
26267696	1
846876	1
11706018	1
22385441	1
10825	1
12259956	1
42629155	1
136320	1
362481	1
12786576	1
56509	1
18917889	1
195173	1
57404	1
1918265	1
290271	1
16031171	1
986981	1
142539	1
19433030	1
21001269	1
2800682	1
48385813	1
17148072	1
227629	1
2018489	1
232458	1
1431570	1
510534	1
455950	1
6035042	1
355210	1
20609622	1
184334	1
12343	1
1496413	1
602204	1
931062	1
43152198	1
23967412	1
1829176	1
7486476	1
25798	1
37842745	1
17378540	1
158641	1
2089075	1
1533926	1
355643	1
519489	1
1008893	1
321691	1
38346993	1
18985287	1
2372673	1
24048911	1
14596914	1
177165	1
294683	1
18828938	1
39236678	1
4838456	1
8238932	1
100406	1
29372195	1
26716	1
3566189	1
3647806	1
1082450	1
217512	1
23852460	1
206997	1
4388547	1
28333	1
208638	1
2265221	1
1060644	1
3672646	1
3482932	1
20307646	1
489401	1
3303197	1
4664837	1
19222264	1
5530	1
1684028	1
10685549	1
98624	1
294430	1
161350	1
23913718	1
25536548	1
39886763	1
599543	1
3088677	1
725182	1
297394	1
203513	1
14924312	1
4619998	1
2333990	1
69980	1
11926340	1
118427	1
6770113	1
47590093	1
38078	1
258843	1
379882	1
1167848	1
73374	1
10730694	1
8127750	1
12836844	1
1186850	1
57706	1
2593	1
260898	1
58478	1
10544117	1
663191	1
31217	1
32601082	1
578673	1
2045778	1
1703333	1
3894076	1
57638	1
38284	1
1084486	1
165082	1
900494	1
522075	1
4212686	1
5410717	1
30876985	1
15008891	1
1182927	1
10196144	1
271319	1
464024	1
6529604	1
14582944	1
6593273	1
923048	1
26301492	1
3017887	1
8202709	1
20016578	1
406273	1
144286	1
3614300	1
295123	1
1586104	1
1626580	1
356270	1
726561	1
108594	1
441881	1
37789667	0
18692817	0
23265875	0
6906771	0
34255139	0
3019556	0
15935588	0
42225544	0
3668747	0
9489004	0
2186007	0
19803613	0
1572570	0
6486933	0
27106930	0
1867892	0
31212986	0
15617924	0
19524820	0
22222519	0
9817142	0
24878337	0
4376504	0
24084673	0
8142715	0
36548943	0
1835953	0
52747	0
17082170	0
1730168	0
12348495	0
39845912	0
9702172	0
2900386	0
16032362	0
33527880	0
1405996	0
746054	0
11773955	0
43043510	0
52137	0
762156	0
26928560	0
27726887	0
2638035	0
42791854	0
15322958	0
3124546	0
23769026	0
7646466	0
9782677	0
6343813	0
6082862	0
6659434	0
6583093	0
13440796	0
31155113	0
19525108	0
570045	0
823361	0
12009872	0
3664638	0
507433	0
1899720	0
25377098	0
681318	0
32026140	0
8615804	0
1935029	0
292850	0
3508611	0
31639578	0
1141612	0
26117807	0
2890605	0
18693304	0
8590511	0
9409510	0
12395524	0
6621284	0
23300076	0
4096135	0
2039991	0
5889732	0
26132124	0
5497744	0
843583	0
35278989	0
19250571	0
6138265	0
21004840	0
28846555	0
9419458	0
36136482	0
25169495	0
3801326	0
22004969	0
151976	0
38792681	0
4813703	0
10967302	0
17367806	0
3241968	0
2066293	0
14684334	0
10507616	0
1568105	0
6895746	0
609030	0
6479540	0
2942448	0
504749	0
2472621	0
3145444	0
1289974	0
24289899	0
2139989	0
5920643	0
15109423	0
36846520	0
569116	0
8570255	0
12169798	0
1997116	0
4866998	0
15681471	0
1836923	0
2863860	0
961996	0
5881730	0
254660	0
46642779	0
3093642	0
4331082	0
323068	0
24959445	0
20850313	0
24315076	0
326490	0
9127046	0
10144419	0
19369512	0
20008237	0
259613	0
24770312	0
148370	0
13831095	0
21248872	0
10161111	0
45967	0
6129694	0
1364498	0
710832	0
91483	0
8222864	0
6707243	0
8803823	0
25077932	0
18516705	0
27266824	0
109475	0
177530	0
24334645	0
6961226	0
2186862	0
37008347	0
36544947	0
5969554	0
636690	0
38472615	0
27861895	0
33598784	0
6162537	0
45487744	0
6551955	0
2535092	0
20291532	0
20403198	0
14938023	0
13551558	0
35582783	0
610532	0
24992742	0
9558880	0
26071724	0
6212429	0
6488223	0
12037770	0
6200296	0
1793651	0
1686216	0
19337214	0
1783180	0
6648456	0
6380733	0
9011940	0
11698383	0
18949879	0
18167403	0
19303244	0
26326773	0
1020367	0
40378556	0
25252379	0
819155	0
1329864	0
21034480	0
3014253	0
6829997	0
5837274	0
131190	0
6705465	0
15584331	0
2118709	0
3700300	0
26683794	0
24232800	0
431562	0
714211	0
3927698	0
4107396	0
32659535	0
10358163	0
217418	0
19064100	0
2890187	0
462159	0
1472754	0
1932273	0
39632165	0
8787876	0
1760187	0
3639488	0
2158857	0
29638342	0
34014454	0
1776951	0
22514091	0
22128521	0
3795735	0
33248851	0
364270	0
34920631	0
1646739	0
1142777	0
119094	0
138595	0
39955421	0
28857383	0
2388970	0
12235239	0
22358033	0
41215605	0
29221465	0
32725109	0
692834	0
919959	0
33265156	0
44945570	0
11841139	0
48405045	0
8808951	0
35677803	0
36891021	0
18457728	0
116295	0
281687	0
30473822	0
36127795	0
16265827	0
14616934	0
43959807	0
3697464	0
2927705	0
22755896	0
39302037	0
1514172	0
3530655	0
2498345	0
23440086	0
10594965	0
14657264	0
2640733	0
606121	0
4244269	0
26999482	0
9208184	0
306651	0
1371139	0
24531809	0
2196712	0
11387884	0
1275650	0
37595502	0
586710	0
4013954	0
12611712	0
25545554	0
6366685	0
3037522	0
13126850	0
39298856	0
5488239	0
1968054	0
11548961	0
119508	0
1047510	0
602121	0
1303937	0
15601506	0
2180003	0
41734582	0
19468426	0
20938888	0
27435252	0
2425465	0
31745577	0
539765	0
4436296	0
25258556	0
6293162	0
6699914	0
30769	0
2559441	0
1193381	0
26293387	0
6398844	0
2447822	0
18446388	0
2839381	0
2480795	0
67116	0
38578455	0
207795	0
7420083	0
253913	0
3665467	0
19480772	0
6408145	0
21112213	0
984216	0
4852728	0
30268663	0
41088893	0
2615197	0
9597000	0
4386432	0
603488	0
5730695	0
139802	0
26356842	0
1249909	0
585175	0
14224907	0
7933016	0
22363430	0
2870726	0
306181	0
15300992	0
11761732	0
31496225	0
1494044	0
794216	0
224487	0
24277910	0
34004694	0
15910292	0
36844559	0
25201410	0
2192164	0
1236041	0
9320107	0
841694	0
43316431	0
9314647	0
22812377	0
24082511	0
29312661	0
7466837	0
2273184	0
26927866	0
39977970	0
40700539	0
3387688	0
908204	0
5400364	0
138374	0
28676113	0
4502631	0
48974157	0
1169267	0
386924	0
9817280	0
1180093	0
7222345	0
38637998	0
180845	0
38286041	0
110352	0
12988177	0
1476140	0
12819007	0
6505739	0
6440325	0
19946755	0
29277009	0
17246679	0
6983811	0
14502753	0
2917018	0
5186028	0
7092312	0
15507268	0
122434	0
12485518	0
25865508	0
17717	0
12026040	0
9379993	0
2265105	0
29533203	0
6575187	0
56474	0
4276844	0
11543085	0
11900548	0
21768306	0
5424044	0
12094474	0
45586324	0
35478444	0
3591701	0
5109829	0
7620655	0
137431	0
10921496	0
22664601	0
22526946	0
1419413	0
32297230	0
1286898	0
1928996	0
747171	0
1959394	0
456374	0
29449512	0
5342416	0
19338849	0
3900384	0
13652450	0
874689	0
17371765	0
16259352	0
5630678	0
6682329	0
23892055	0
4224298	0
28927619	0
4753729	0
33479169	0
42190844	0
12075782	0
32300219	0
1687854	0
2367586	0
36247706	0
983851	0
45017570	0
6993753	0
22420960	0
5584668	0
264967	0
2019543	0
7678009	0
60545	0
31254501	0
112311	0
33389749	0
685783	0
172135	0
48712735	0
5301628	0
8261736	0
15838208	0
18683676	0
3199312	0
2074436	0
15328964	0
173825	0
36825955	0
5979337	0
41742668	0
1836971	0
4312765	0
618731	0
24396600	0
374111	0
4632411	0
2761668	0
2256737	0
