91907	1
16448227	1
847759	1
1104564	1
3277986	1
3973049	1
127918	1
18406927	1
1693818	1
2175298	1
15772827	1
2663177	1
3375089	1
307133	1
694711	1
2722206	1
10780733	1
11919477	1
16675662	1
2401134	1
28284200	1
5320257	1
30873840	1
184886	1
25286550	1
548282	1
1014899	1
1337367	1
2359381	1
39027	1
2668367	1
251608	1
36102551	1
27192088	1
7954764	1
752996	1
27288635	1
7077803	1
1461594	1
18148532	1
699349	1
1410477	1
43551	1
4534096	1
134471	1
4555747	1
23211286	1
33837753	1
14248805	1
1184539	1
524216	1
31516436	1
9150428	1
44169015	1
3923526	1
39026565	1
4948897	1
19579735	1
2907454	1
53417	1
10568625	1
35141754	1
8514108	1
48737953	1
46165	1
421325	1
2369259	1
27793348	1
10167773	1
128010	1
128237	1
20820183	1
31717650	1
33441992	1
127663	1
9163321	1
12403974	1
8097454	1
15023644	1
128292	1
2175493	1
19052840	1
15711905	1
412677	1
15906537	1
1476443	1
30873158	1
91882	1
5237868	1
48397698	1
561615	1
26874559	1
2979470	1
14489995	1
2646798	1
401673	1
24017152	1
434405	1
134426	1
128113	1
42398324	1
13503964	1
20031984	1
654713	1
9777012	1
2391424	1
400745	1
1519928	1
1704473	1
1978724	1
38411723	1
18744968	1
8126945	1
2668352	1
93254	1
916382	1
1806743	1
34411742	1
16624491	1
10170864	1
3541983	1
282361	1
495221	1
19019930	1
1700987	1
11823827	1
5983471	1
3712	1
27081188	1
14254317	1
399654	1
629775	1
134589	1
4452070	1
20956132	1
30304580	1
2500915	1
41545697	1
18313978	1
1443264	1
93305	1
11966193	1
14289134	1
4946394	1
2895721	1
3222505	1
1593874	1
14221144	1
8881142	1
910036	1
16163254	1
30069304	1
3493289	1
15444124	1
13741094	1
42080143	1
1520389	1
25466622	1
417260	1
30384244	1
853010	1
486168	1
115098	1
17621748	1
704350	1
134436	1
414354	1
1080769	1
14086266	1
3682875	1
6803734	1
4709878	1
1780601	1
6023092	1
1887954	1
134411	1
152055	1
13508504	1
8109774	1
30860865	1
1565470	1
3009446	1
5947788	1
1226159	1
8884232	1
21934567	1
14638940	1
13283880	1
3176769	1
13118598	1
1620299	1
9888341	1
9409978	1
15303550	1
4468740	1
4761530	1
2596781	1
2162243	1
8091637	1
5598334	1
15304685	1
44846835	1
4872592	1
1888157	1
7306542	1
93292	1
8124982	1
502726	1
2212694	1
46736	1
17438362	1
200643	1
26137886	1
127996	1
7858726	1
46212943	1
12264157	1
927621	1
6120353	1
18492876	1
12357501	1
71821	1
3810739	1
91774	1
3391066	1
7872214	1
7506650	1
460125	1
2332125	1
12302072	1
43821383	1
15012271	1
2624308	1
127865	1
16444420	1
93242	1
2065003	1
15773250	1
2681005	1
294604	1
14988060	1
2440778	1
226562	1
1987972	1
12879808	1
2993166	1
23418568	1
27092387	1
11939661	1
18581861	1
91682	1
6238608	1
266328	1
9587876	1
19215331	1
518023	1
2400728	1
6458467	1
516498	1
636919	1
37731245	1
988821	1
347756	1
4290790	1
450951	1
451553	1
127987	1
11937222	1
134434	1
13005207	1
18133349	1
3744448	1
7734223	1
35057310	1
13485173	1
9886076	1
25614524	1
6171147	1
4575640	1
5364613	1
5747862	1
14986876	1
49588	1
757999	1
37485670	1
1573295	1
3084137	1
207267	1
12075794	1
1698109	1
41378630	1
4628694	1
18347602	1
134475	1
42596078	1
654160	1
134549	1
3663358	1
41604413	1
691304	1
8617659	1
4853538	1
3302032	1
27343848	1
22026722	1
20649214	1
128232	1
1143349	1
22141	1
128022	1
22576356	1
166096	1
66706	1
2826464	1
1569519	1
3014253	1
1925625	1
109947	1
109283	1
391882	1
17857524	1
3932196	1
128399	1
13662767	1
8125413	1
30217214	1
2772006	1
6776341	1
13677875	1
48820271	1
902657	1
12979568	1
3404807	1
3850263	1
3523055	1
11590992	1
127962	1
464049	1
42736623	1
563917	1
46586171	1
26522248	1
4664783	1
2641797	1
904295	1
3685063	1
1050346	1
13842722	1
654495	1
127971	1
4684807	1
598072	1
4654234	1
11792172	1
45413821	1
4271936	1
134581	1
3541963	1
12521083	1
892623	1
782091	1
11823792	1
427057	1
16721464	1
14421283	1
750103	1
7682888	1
2643385	1
11390786	1
2396647	1
16829877	1
26510788	1
128233	1
40220898	1
23937585	1
36763301	1
28859031	1
134446	1
19189794	1
11677005	1
360473	1
2304180	1
30875257	1
297487	1
2454941	1
855022	1
151028	1
445118	1
3624571	1
10892676	1
91755	1
8999862	1
3744603	1
45540319	1
127821	1
13410649	1
429357	1
759219	1
1068167	1
12901387	1
18830588	1
4545728	1
9447856	1
1939189	1
1120679	1
1514634	1
128201	1
1349908	1
5859416	1
1461930	1
16335307	1
657419	1
27094165	1
434413	1
150847	1
7424820	1
27226233	1
451678	1
676323	1
12703314	1
17068373	1
21530016	1
20340348	1
26157	1
26046364	1
16010660	1
4163756	1
13544661	1
17910827	1
30923228	1
1763456	1
1892826	1
3916387	1
767299	1
14298	1
181532	1
2272958	1
22477285	1
32371340	1
9452043	1
1274624	1
2187118	1
9970121	1
2821316	1
11535177	1
1001122	1
31855838	1
1010217	1
9440969	1
134366	1
4989844	1
3940636	1
33840520	1
15088	1
2435721	1
933739	1
12075847	1
4536164	1
93313	1
1828284	1
16553583	1
1248612	1
134457	1
134538	1
1255983	1
93289	1
24438061	1
9293082	1
134542	1
150835	1
877635	1
27475581	1
30863702	1
3188386	1
5559087	1
383324	1
29723570	1
37575328	1
4779834	1
134390	1
127843	1
109875	1
2967406	1
16891249	1
37122773	1
3581368	1
684350	1
13272706	1
22398936	1
20921617	1
1712245	1
11341507	1
21471533	1
14986006	1
134480	1
33581932	1
128001	1
451608	1
96817	1
6806348	1
16446959	0
9085771	0
7988602	0
34333811	0
461343	0
4160677	0
24999447	0
22254639	0
2171951	0
17782099	0
11209656	0
131843	0
34998577	0
6974438	0
38908443	0
11886311	0
2392595	0
2114813	0
28833779	0
11542158	0
3121251	0
6963627	0
38464275	0
1558	0
6855059	0
15046158	0
30387492	0
7664801	0
69886	0
34970964	0
44385127	0
15010508	0
24349732	0
22715376	0
7223466	0
15092861	0
4946864	0
48429347	0
8617945	0
1927974	0
43914450	0
78958	0
21447324	0
5356367	0
3633681	0
26214851	0
31488370	0
9529661	0
27699	0
9150425	0
1054768	0
10345776	0
36225	0
35648379	0
3402482	0
32271647	0
3420757	0
8597779	0
25102567	0
1948447	0
12750872	0
5826876	0
4275109	0
17734902	0
4151236	0
111726	0
15797113	0
23280287	0
23874328	0
93673	0
19150991	0
17141643	0
7663374	0
2058294	0
42514318	0
1121632	0
31164641	0
11349118	0
21447665	0
12571447	0
8396028	0
16181733	0
22315	0
1301974	0
15105194	0
4617622	0
36926206	0
18045240	0
1607826	0
32186676	0
1222433	0
91990	0
35740905	0
43262463	0
38937297	0
10359461	0
13403220	0
14713624	0
23097030	0
6018871	0
11035493	0
2168512	0
1055863	0
36615072	0
9885236	0
741939	0
28262604	0
23926286	0
1111545	0
42863819	0
23365906	0
2019741	0
5182162	0
23090151	0
1729438	0
45515487	0
22373000	0
36872113	0
25859570	0
468809	0
5356355	0
13799045	0
26636018	0
20998387	0
33959338	0
14714781	0
4841183	0
7662421	0
22163147	0
18516597	0
47511985	0
2244010	0
3504777	0
24734404	0
1428991	0
3361112	0
5814088	0
1374551	0
12599014	0
33817482	0
21004427	0
5159626	0
6621501	0
3813854	0
15103522	0
3943789	0
378597	0
17251393	0
22465693	0
45690310	0
1636796	0
1262755	0
5198966	0
161131	0
7763470	0
406270	0
294846	0
20601098	0
2021400	0
8687335	0
23548669	0
2011485	0
1905946	0
14493601	0
38964738	0
42075101	0
1371228	0
8106212	0
1370385	0
23617413	0
1168808	0
34323953	0
26128936	0
11320868	0
2508809	0
2669072	0
6623298	0
47863959	0
23159538	0
873080	0
23394467	0
389583	0
31377132	0
7705971	0
3886650	0
652673	0
22452362	0
3456545	0
3328671	0
9855257	0
35241117	0
1357035	0
94561	0
18440052	0
5492726	0
5404997	0
23219371	0
46881932	0
4548442	0
31187274	0
16705799	0
17395402	0
487993	0
10442352	0
704714	0
4753182	0
31649653	0
13938649	0
2783951	0
1744111	0
43619587	0
22806041	0
27357803	0
39095844	0
28874198	0
5013387	0
4801908	0
31321663	0
12181791	0
8116954	0
4797805	0
2457166	0
1973648	0
1321017	0
4669350	0
169187	0
21161482	0
29429697	0
18979367	0
11994937	0
9735029	0
3959296	0
25614881	0
166475	0
1467545	0
2205132	0
7623435	0
3163180	0
681410	0
1280292	0
31218188	0
7353443	0
19849364	0
1471898	0
32898123	0
1871167	0
4957977	0
27114750	0
1283397	0
15837325	0
174298	0
27855662	0
47546289	0
2698011	0
343588	0
24044294	0
17396309	0
39339227	0
32714386	0
2617997	0
7242696	0
11569579	0
1169413	0
6999519	0
12961419	0
18269712	0
1363371	0
6419514	0
33778909	0
21745871	0
18536754	0
519402	0
39775486	0
21104568	0
48429414	0
28936469	0
3933975	0
3371773	0
224600	0
26416862	0
13108214	0
903321	0
668751	0
12428659	0
6707861	0
35394486	0
36987713	0
10986501	0
19831949	0
2546640	0
31122233	0
13046739	0
12756826	0
42145538	0
135446	0
842127	0
13662571	0
33786758	0
15088597	0
37353903	0
15539298	0
28700058	0
3600824	0
11037140	0
308007	0
3182798	0
313890	0
843544	0
19442650	0
892720	0
22361157	0
10322705	0
21684015	0
18004569	0
4268961	0
1606862	0
2942039	0
12678323	0
13347619	0
16687621	0
2192096	0
1173840	0
1556766	0
192081	0
34645843	0
43433839	0
32710536	0
31502968	0
1344900	0
12149920	0
8692136	0
21729102	0
4422286	0
17613242	0
1886425	0
23168882	0
502265	0
259656	0
2026052	0
28425712	0
662327	0
2348487	0
260222	0
27825687	0
14555577	0
178116	0
3855685	0
7211708	0
4264503	0
33622887	0
3317052	0
43576965	0
453339	0
2668092	0
37997081	0
10886039	0
1519668	0
125057	0
36849012	0
751415	0
7779595	0
75753	0
35456534	0
7559185	0
1055184	0
22570798	0
2226466	0
14996407	0
1420273	0
49243	0
109488	0
8638600	0
19112497	0
43655961	0
2307423	0
1060737	0
8115882	0
1226712	0
42994686	0
15501258	0
1873313	0
4346558	0
17357155	0
765352	0
7019110	0
8097997	0
3609700	0
30159202	0
17164580	0
5451759	0
19572244	0
547223	0
42562023	0
6616316	0
19714444	0
4886187	0
39062130	0
22286184	0
1678090	0
3741935	0
898353	0
3428587	0
2011902	0
33204294	0
31508787	0
22111829	0
2046028	0
2501858	0
12517882	0
25411454	0
26823231	0
49522731	0
36028511	0
19992068	0
2864361	0
27336812	0
1426617	0
35006197	0
30748816	0
39444041	0
701247	0
631168	0
3078473	0
18661993	0
2112558	0
1510958	0
3339111	0
27271927	0
5989572	0
10436317	0
123334	0
13219020	0
3633613	0
197278	0
9621042	0
8036667	0
1497589	0
1147517	0
627039	0
4825957	0
5692414	0
1633307	0
22977954	0
23779838	0
24872276	0
18843667	0
8834668	0
1486011	0
5315073	0
33912411	0
138463	0
36660440	0
1805178	0
8115661	0
36484803	0
10377382	0
46701516	0
4794513	0
1949217	0
10576998	0
1922360	0
337554	0
31825669	0
18676939	0
582168	0
21436459	0
1800378	0
946234	0
9317541	0
44906431	0
6820197	0
204492	0
5174457	0
4514091	0
33303480	0
2885506	0
3918266	0
16243428	0
16950812	0
17602342	0
727040	0
2182981	0
20114679	0
104550	0
9791572	0
15857959	0
16280135	0
68453	0
2311387	0
838381	0
935950	0
8195445	0
6423003	0
42518542	0
2489338	0
13942231	0
39789706	0
6139987	0
1018440	0
978875	0
