4748956	1
160433	1
30170352	1
20171	1
4556457	1
1133419	1
1285895	1
34507632	1
2773450	1
209982	1
618009	1
1017812	1
5508461	1
105942	1
2186972	1
1228714	1
30934708	1
1189487	1
3138671	1
44559478	1
42538429	1
20890970	1
292598	1
1480516	1
396829	1
18738	1
65689	1
95138	1
180682	1
169594	1
1314381	1
271812	1
330102	1
44431	1
171606	1
17442064	1
286527	1
758689	1
2962116	1
1994894	1
1608679	1
7421826	1
643710	1
203908	1
1785100	1
2927	1
5308122	1
475563	1
1924561	1
30859218	1
1312139	1
1027627	1
45549	1
294181	1
2055916	1
383326	1
697430	1
17289	1
2384955	1
2829084	1
45507901	1
33734384	1
13924974	1
3347996	1
42098138	1
1888708	1
6347887	1
11585342	1
5103653	1
1260731	1
6299060	1
51499	1
206013	1
2081592	1
3705490	1
20014147	1
1659954	1
1744454	1
1040965	1
4663397	1
2034981	1
21972885	1
1325913	1
15717572	1
45210	1
3856694	1
18170761	1
774567	1
1074011	1
28621	1
146032	1
520599	1
10312	1
93760	1
357064	1
24465697	1
608611	1
2486457	1
2542218	1
34195662	1
9333765	1
27992	1
271409	1
907621	1
1131537	1
40626891	1
4124328	1
868159	1
960332	1
23868731	1
10989569	1
722378	1
1875798	1
355052	1
4586511	1
403406	1
26536200	1
7403372	1
406474	1
703942	1
707374	1
39913759	1
48738	1
4578746	1
21265	1
1506586	1
614934	1
653504	1
16760231	1
16931256	1
43564	1
5009612	1
44944	1
622753	1
2448143	1
274959	1
827726	1
582793	1
57064	1
1796650	1
42073292	1
482992	1
308676	1
27618798	1
4246	1
43440042	1
7815059	1
15124855	1
35301204	1
86025	1
23050268	1
9286196	1
21636599	1
34490818	1
8735505	1
3070892	1
26941	1
3835917	1
412676	1
464670	1
6743221	1
56638	1
16016	1
396339	1
2007194	1
1322733	1
41547324	1
109578	1
315243	1
473800	1
429550	1
7761399	1
627596	1
293470	1
579001	1
3508141	1
45494392	1
242379	1
734249	1
409972	1
2505649	1
10410698	1
869190	1
663891	1
86665	1
628375	1
2503952	1
1186186	1
20045764	1
80782	1
1223568	1
10886254	1
36531769	1
1126811	1
16273275	1
8444055	1
5878905	1
5158973	1
1017695	1
63689	1
34421	1
306217	1
38024441	1
2530957	1
5230872	1
2333250	1
425492	1
361558	1
531700	1
2432466	1
456482	1
63520	1
362641	1
829502	1
657967	1
445407	1
48140837	1
21447129	1
21000149	1
43033675	1
2455905	1
2626968	1
6930020	1
22073629	1
102495	1
268746	1
759873	1
441747	1
13127508	1
36181887	1
34477025	1
97787	1
2326018	1
2159778	1
22203737	1
55040	1
7980471	1
8357891	1
3063987	1
1363921	1
3287023	1
27583194	1
230664	1
20394527	1
3637202	1
1927622	1
24995583	1
1682575	1
20750474	1
40132	1
309953	1
1685794	1
46112	1
12633524	1
4293890	1
13395537	1
21346014	1
772738	1
168312	1
326470	1
904930	1
15794512	1
30876395	1
321645	1
590728	1
458076	1
15147	1
2503	1
10568	1
18223809	1
6675	1
4000053	1
239982	1
916718	1
697327	1
513149	1
37878245	1
934562	1
9079357	1
34612	1
451914	1
29631566	1
300210	1
10057798	1
16089800	1
105891	1
40638393	1
3344564	1
3211066	1
18841378	1
30112	1
10890072	1
1113966	1
171562	1
5326401	1
1317186	1
428738	1
524369	1
35502	1
326313	1
240072	1
5978484	1
2621597	1
3336517	1
817834	1
11827918	1
18836	1
175080	1
1055471	1
519350	1
32204428	1
5046	1
1898620	1
22779050	1
140339	1
4964375	1
297074	1
301370	1
393988	1
422642	1
21493727	1
3700127	1
34469407	1
497525	1
147713	1
521057	1
19461901	1
11507473	1
144883	1
4289698	1
300028	1
320766	1
733029	1
1431415	1
193422	1
32749921	1
8442323	1
176739	1
872602	1
33348496	1
893460	1
1624525	1
1173504	1
877492	1
239507	1
419302	1
1091247	1
213334	1
965518	1
443323	1
30770	1
4213262	1
428002	1
14786058	1
12164060	1
20715044	1
24757517	1
28401646	1
1058204	1
855580	1
4319671	1
823737	1
14458702	1
98564	1
32659202	1
58325	1
6814968	1
163892	1
30655949	1
1233146	1
31667158	1
209886	1
2081585	1
69923	1
637125	1
14255763	1
512826	1
58687	1
122397	1
157304	1
878643	1
432022	1
1083141	1
34384642	1
4638469	1
17391	1
408663	1
11343645	1
163628	1
652176	1
12178063	1
7953706	1
4013933	1
1774193	1
3950477	1
11019609	1
1557263	1
309760	1
6860726	1
4207935	1
168464	1
44534	1
5257449	1
3046529	1
301486	1
19020059	1
207598	1
24000908	1
1169631	1
30958991	1
27168	1
2137952	1
9710472	1
57391	1
15139564	1
1958801	1
586719	1
145422	1
674763	1
28003496	1
25257104	1
493843	1
26154511	1
20038851	1
18257251	1
343375	1
1323348	1
6214706	1
1542982	1
2331183	1
19534959	1
27429073	1
33736498	1
723769	1
161744	1
3063701	1
1017650	1
42034541	1
8620583	1
7517621	1
21585576	1
18397339	1
24307271	1
31875591	1
7184476	1
47840587	1
24399404	1
96152	1
30320	1
1596576	1
15012	1
8030710	1
1263196	1
32253721	1
297363	1
2798149	1
41152544	1
132316	1
387531	1
32047268	1
5232232	1
3487956	1
1173571	1
285318	1
32394672	1
31237219	1
16779379	1
36644650	1
91904	1
114932	1
1251101	1
14833228	1
33279052	1
8820331	1
21292	1
16881774	1
159471	1
20553743	1
4906875	1
40668394	1
73428	1
129879	1
1146107	1
520560	1
17306847	1
29690332	1
26807275	1
1012717	1
5466062	1
993655	1
583867	1
319196	1
841643	1
394384	1
4349521	1
27641	1
12301	1
42820520	1
2130120	1
142721	1
21391859	0
5891390	0
6578008	0
24561521	0
2642664	0
32947436	0
111495	0
14096872	0
2056749	0
27356308	0
18812442	0
1078595	0
1171728	0
7107321	0
8407307	0
3306211	0
42529567	0
4738951	0
3608683	0
2363520	0
38486690	0
38650369	0
1491166	0
46946587	0
177369	0
1582963	0
33479051	0
18052452	0
19835132	0
36787171	0
9941819	0
29595630	0
3298879	0
18494453	0
18663011	0
508579	0
41199955	0
37678127	0
128065	0
2007239	0
2636818	0
1434910	0
2082641	0
5101660	0
309317	0
9543209	0
13267355	0
7223367	0
448514	0
7030052	0
10093635	0
32352944	0
18800054	0
227681	0
236636	0
7656237	0
15437049	0
28725870	0
93210	0
17677303	0
137569	0
36389883	0
18332449	0
1375180	0
37972779	0
5397154	0
6823629	0
34043852	0
10153371	0
10583882	0
36063832	0
7868170	0
47052662	0
31902178	0
47272906	0
28829086	0
11064477	0
20839615	0
12735501	0
18981733	0
30236299	0
8015048	0
2574239	0
6110068	0
5448620	0
1650412	0
2629714	0
9358120	0
232816	0
164467	0
4148364	0
18837568	0
2501918	0
28770674	0
17460417	0
21354394	0
3441289	0
20758197	0
15792051	0
4212508	0
36364492	0
6872603	0
30855787	0
2399043	0
5975229	0
21577954	0
2123497	0
759645	0
5666817	0
4585704	0
32641660	0
30638059	0
4137099	0
14478473	0
1273751	0
30254812	0
14626591	0
43107	0
37029255	0
24447456	0
232126	0
3120336	0
356081	0
4232164	0
2633724	0
9830162	0
2321319	0
5857	0
14929916	0
22384378	0
33794060	0
6248938	0
55602	0
7137692	0
30368370	0
406138	0
16388794	0
3580478	0
3894552	0
12704705	0
34047683	0
1068695	0
2600077	0
6306811	0
32555694	0
116524	0
3525041	0
9549679	0
8093124	0
8354984	0
1092122	0
30889879	0
3116631	0
1290057	0
15608261	0
3562061	0
45331854	0
48560906	0
2562348	0
12297778	0
31443421	0
35187	0
12011591	0
2627607	0
1664609	0
30335183	0
7526519	0
18661672	0
6062357	0
4231619	0
4240222	0
13121211	0
26396787	0
296170	0
13861119	0
183444	0
14716213	0
8951747	0
63750	0
1475640	0
8660252	0
30626508	0
1195435	0
35943712	0
19326755	0
188698	0
2965924	0
2006393	0
33556737	0
15688086	0
2834960	0
30529887	0
610312	0
125082	0
13826325	0
41099970	0
464137	0
294223	0
5437907	0
5474385	0
7903758	0
44076258	0
5223086	0
32823275	0
13817005	0
13561417	0
1577894	0
2218233	0
32019705	0
9783345	0
18387559	0
5186238	0
6831446	0
22362932	0
23839714	0
36824829	0
16038861	0
2872237	0
4510251	0
4187232	0
8274931	0
36672991	0
7112761	0
37987965	0
9230788	0
201399	0
127970	0
36010728	0
15303903	0
13331759	0
2682699	0
7889520	0
9570441	0
3282855	0
38707265	0
16112861	0
9041055	0
837387	0
7998692	0
2001237	0
7176179	0
35004694	0
23249854	0
1845516	0
12546976	0
34610399	0
35721259	0
5815628	0
8315653	0
4505722	0
5744923	0
5866672	0
11277575	0
652248	0
25200450	0
1591831	0
37827401	0
6363231	0
17661014	0
18119384	0
228936	0
27830737	0
317279	0
1779712	0
3537758	0
9524077	0
11065975	0
683031	0
25980238	0
10271646	0
7920175	0
2773594	0
8083562	0
6052950	0
1968464	0
30215716	0
2146535	0
15190438	0
27910653	0
28148848	0
6735914	0
18430895	0
30843579	0
171851	0
26938635	0
35500306	0
17462449	0
37464427	0
1077017	0
32013166	0
4790297	0
22929703	0
36323982	0
18682706	0
5697312	0
21871615	0
17280729	0
11900231	0
2201752	0
4669630	0
133639	0
138359	0
36302254	0
12807685	0
5916216	0
28047492	0
8453879	0
15567718	0
16409438	0
1203666	0
32875695	0
22979280	0
12630970	0
48631106	0
1438274	0
3861196	0
8067474	0
30888356	0
11072154	0
36318830	0
40655902	0
3313709	0
12519535	0
126182	0
13159837	0
31704288	0
1350627	0
614304	0
14798614	0
31984733	0
26152793	0
2216852	0
118760	0
29326827	0
16793741	0
4755716	0
32025461	0
5629541	0
34602695	0
31497820	0
26385011	0
6142691	0
862632	0
6504804	0
5015052	0
3024087	0
12873554	0
4242670	0
9133700	0
15344275	0
23579769	0
13916076	0
27871534	0
18522489	0
47087746	0
1404853	0
11353604	0
9016230	0
2486406	0
1431834	0
759415	0
2689993	0
2072308	0
43365037	0
44166135	0
21443729	0
11598548	0
3324017	0
20191173	0
7153128	0
23169704	0
127878	0
35673025	0
11206250	0
30709839	0
2423462	0
22547618	0
5493154	0
12726904	0
18481585	0
46376637	0
13984385	0
10569035	0
10115965	0
3336	0
8613044	0
23716	0
4906297	0
1231097	0
15980979	0
8527519	0
41816589	0
11411933	0
12176586	0
689524	0
34175610	0
4268027	0
29406801	0
787165	0
433101	0
958686	0
14188528	0
4147680	0
9900192	0
33116226	0
77872	0
31451722	0
1806602	0
44325505	0
13923105	0
7234025	0
1668655	0
2729353	0
22740154	0
3660144	0
7280133	0
4883822	0
750632	0
31049182	0
2384266	0
761852	0
20622754	0
1393517	0
21228313	0
3161383	0
17675214	0
11900934	0
109893	0
2752544	0
39259243	0
30356579	0
4560256	0
96357	0
55890	0
1232154	0
12602946	0
18476591	0
1492638	0
15330156	0
34859267	0
1438474	0
12289942	0
46422966	0
2986542	0
24588294	0
27420929	0
49112636	0
867748	0
30102164	0
12312425	0
22281256	0
2578846	0
2434448	0
32181043	0
29516337	0
11694482	0
3310407	0
592297	0
4062193	0
9293218	0
6104172	0
14065178	0
5721214	0
21100132	0
6125887	0
78640	0
9140389	0
180394	0
4580297	0
177648	0
21237218	0
1328549	0
28859660	0
379878	0
863419	0
37401094	0
35547360	0
33981260	0
13262310	0
37095626	0
16032182	0
32441631	0
7096786	0
41151849	0
120336	0
3489763	0
582803	0
48514494	0
19875036	0
31255034	0
3733842	0
853857	0
36843848	0
15894419	0
38591836	0
13703915	0
2039768	0
13539566	0
27254096	0
4257535	0
