2321072	1
10873733	1
31816241	1
1460872	1
692953	1
125075	1
5360977	1
12275560	1
109610	1
244479	1
16369	1
6762	1
12342642	1
838950	1
93436	1
556165	1
181254	1
3928524	1
7204923	1
11200542	1
8185	1
4510108	1
20813566	1
28270498	1
1876589	1
25259595	1
24076951	1
8838786	1
199491	1
191090	1
3475317	1
7042514	1
4416161	1
4265978	1
39232833	1
2283856	1
129867	1
1232619	1
31597426	1
25568751	1
627169	1
1875084	1
1021884	1
268059	1
4920830	1
324243	1
8379893	1
328364	1
26183075	1
581146	1
528692	1
1997427	1
2136417	1
81238	1
12945588	1
158762	1
2027247	1
2717038	1
90993	1
1444834	1
15499529	1
21601	1
857633	1
1835922	1
118987	1
21851242	1
22955346	1
4725564	1
1434153	1
137369	1
286853	1
276635	1
14948036	1
2501053	1
249164	1
3114827	1
115524	1
2934490	1
2396705	1
490849	1
7747306	1
24151939	1
541143	1
3550632	1
144048	1
525856	1
31036248	1
1942674	1
28443	1
6086087	1
21054716	1
8526050	1
79396	1
24141726	1
643071	1
2100885	1
416892	1
17060174	1
4279385	1
1409389	1
650656	1
11307733	1
1858478	1
7393506	1
729601	1
149274	1
288134	1
5115615	1
681632	1
27827075	1
6107450	1
5656161	1
2091113	1
5704447	1
10429675	1
465779	1
536679	1
1579501	1
209210	1
5804687	1
1242	1
3842557	1
577894	1
17300634	1
32524	1
94214	1
132340	1
3698280	1
3969058	1
554858	1
11263392	1
1640855	1
3738827	1
136877	1
1519060	1
210407	1
7018441	1
13037	1
1374788	1
2020294	1
6959510	1
1024493	1
2152147	1
45186	1
5348046	1
30864998	1
107846	1
2702579	1
65185	1
3821576	1
16693388	1
271152	1
130689	1
1095544	1
1160179	1
330862	1
6638573	1
94425	1
44766	1
4052923	1
3450569	1
111582	1
1933302	1
5407173	1
1019545	1
7719756	1
317406	1
16710541	1
20169559	1
14968307	1
4171109	1
45655595	1
206385	1
22069258	1
2416131	1
9174122	1
5004734	1
428437	1
956535	1
239388	1
2621236	1
17192149	1
31223194	1
952342	1
429190	1
292438	1
138313	1
703986	1
3321186	1
448277	1
19518402	1
99670	1
14687917	1
45688854	1
691872	1
5493	1
4752732	1
2012096	1
112359	1
2085032	1
27269992	1
1894640	1
27902643	1
1402013	1
625714	1
899184	1
24189487	1
1480573	1
1875913	1
18688060	1
692656	1
25308988	1
10122277	1
17645322	1
4144357	1
8714213	1
11497875	1
1616335	1
43170464	1
1272097	1
516869	1
5570800	1
189285	1
1841410	1
11326434	1
9073178	1
40901645	1
63179	1
671912	1
717016	1
8582943	1
6391579	1
6989422	1
29717513	1
970606	1
40845035	1
3165630	1
22521357	1
11111345	1
2798677	1
1196068	1
20582132	1
21711647	1
1758405	1
44573657	1
177977	1
137163	1
866134	1
4245621	1
965016	1
35699958	1
3900949	1
9082	1
512467	1
7777217	1
11312204	1
17418169	1
74731	1
463136	1
58576	1
391959	1
13911575	1
2042299	1
1063029	1
6098910	1
79239	1
6873059	1
2319377	1
3808662	1
117661	1
60256	1
126716	1
335703	1
5012020	1
975635	1
48823	1
500314	1
86924	1
3884956	1
3228389	1
2398	1
1796330	1
929	1
668818	1
27420396	1
1826071	1
698830	1
10184178	1
1643304	1
7496184	1
1121653	1
3495694	1
990475	1
8105115	1
5690365	1
90946	1
7900244	1
117770	1
2654397	1
292011	1
1379516	1
308915	1
15796100	1
1260131	1
1348627	1
444068	1
10514651	1
420326	1
110446	1
4328314	1
3983739	1
153780	1
628364	1
3044306	1
1966881	1
6391366	1
138144	1
25915872	1
782741	1
318871	1
778940	1
1371258	1
791689	1
4304924	1
17444540	1
22943	1
42571	1
21745	1
2248362	1
91547	1
2047081	1
2866878	1
10834	1
746466	1
384844	1
52245	1
366486	1
9428868	1
907489	1
1578062	1
291203	1
2560402	1
17986701	1
1100182	1
439868	1
2018373	1
1189498	1
1694940	1
8236905	1
3577771	1
25155078	1
993280	1
34903521	1
63499	1
1219712	1
7238008	1
4929857	1
138624	1
85276	1
146682	1
1729426	1
914196	1
569553	1
139715	1
34860611	1
259549	1
143914	1
6574492	1
3659788	1
618126	1
10022194	1
8944909	1
3562688	1
26096082	1
1672352	1
683057	1
152339	1
22414047	1
1885651	1
2546696	1
536887	1
3133661	1
3143240	1
18569131	1
323268	1
27761811	1
34236441	1
17580711	1
87976	1
794151	1
535786	1
3249996	1
2127810	1
1572901	1
9704515	1
318552	1
9253876	1
705609	1
479513	1
725719	1
222043	1
9349555	1
7386050	1
12927587	1
248794	1
325586	1
2676780	1
3664706	1
171190	1
451134	1
424587	1
3580772	1
1395440	1
4556651	1
565212	1
2499821	1
1548792	1
4332319	1
848130	1
132531	1
5007829	1
22116854	1
3178079	1
20795243	1
10126848	1
4950802	1
29718131	1
27242361	1
34441636	1
49146	1
903325	1
23522917	1
3233023	1
116736	1
2420533	1
2446806	1
88159	1
5543438	1
256339	1
1090136	1
17529125	1
35211027	1
119809	1
63663	1
699197	1
145663	1
1090395	1
94771	1
820137	1
899798	1
2370556	1
42579581	1
3831907	1
1658410	1
9869070	1
1696035	1
63753	1
2270618	1
1331861	1
1795085	1
4979738	1
17726251	1
11452056	1
5233000	1
36118699	1
4116	1
1897000	1
18800301	1
42031849	1
118180	1
4224547	1
5840530	1
585476	1
4129707	1
1146288	1
34162337	1
1070302	1
31051534	1
160753	1
1004355	1
1152	1
2070366	1
1577890	1
1574240	1
1440	1
1554895	1
901229	1
2855159	1
46717581	1
7509361	1
22722859	1
27267718	1
505173	1
2244918	1
5732663	1
25191820	1
1461953	1
9430473	1
35563635	1
35846527	1
7685540	0
14922935	0
394753	0
1252300	0
501400	0
1964589	0
40509799	0
11383140	0
2875654	0
6479340	0
1782155	0
11238454	0
7438948	0
14974300	0
5805616	0
17874523	0
42459839	0
43278535	0
9561692	0
241816	0
13757048	0
1440121	0
14265422	0
33829183	0
15138715	0
1938421	0
11317684	0
1219865	0
22652294	0
46962611	0
29113358	0
3573724	0
38986879	0
6041395	0
8643081	0
9255589	0
4959968	0
14738147	0
4454691	0
14986573	0
6020291	0
32544575	0
5509819	0
3252445	0
7211547	0
48951971	0
2531334	0
1477289	0
4216099	0
18846842	0
23206536	0
36475662	0
9175818	0
2638250	0
904951	0
2824143	0
1235644	0
7955445	0
1030796	0
5796832	0
2226381	0
10701662	0
540849	0
33248468	0
16624004	0
4838850	0
1770332	0
36540537	0
24226827	0
2772266	0
9800352	0
17755826	0
32187743	0
24750323	0
9586257	0
5547674	0
1070857	0
30586547	0
16413173	0
7634867	0
7385570	0
27495739	0
484566	0
27206839	0
4178716	0
26269751	0
15100782	0
482388	0
37999727	0
4249816	0
17646154	0
36754010	0
49330899	0
19105767	0
36088175	0
3943490	0
8841891	0
12518333	0
20771059	0
17310306	0
6195237	0
19926618	0
9885738	0
2244130	0
17049305	0
4558426	0
3615378	0
12590717	0
36881384	0
33935500	0
189389	0
14357715	0
68057	0
3595448	0
45146486	0
31067902	0
26505612	0
23648520	0
153174	0
2794849	0
23389430	0
180785	0
6906836	0
13139636	0
2465899	0
21603798	0
24319820	0
2130258	0
19205028	0
11630021	0
30565	0
21242375	0
4131322	0
13813479	0
16521767	0
25259855	0
29245950	0
43783091	0
1476697	0
1413997	0
18847749	0
6401972	0
1644583	0
32005522	0
38744396	0
13867634	0
3223511	0
20704165	0
5064839	0
18246593	0
8838328	0
13239970	0
36793832	0
22433126	0
2346433	0
5322889	0
33430202	0
436925	0
37474528	0
36965807	0
13715211	0
875140	0
11699545	0
10444991	0
3039394	0
16976028	0
4723895	0
3559832	0
33899183	0
26695341	0
24500144	0
23997646	0
40280683	0
1860050	0
340098	0
23846347	0
1562059	0
887135	0
2530360	0
9873393	0
6825108	0
866605	0
1168847	0
2803866	0
2276939	0
34251017	0
2926450	0
14119570	0
25825614	0
13922544	0
36689189	0
13126025	0
44553018	0
20541479	0
44051448	0
42521351	0
8023662	0
3348534	0
3933078	0
119171	0
15060382	0
12894609	0
5439394	0
5343682	0
1486987	0
27657911	0
27463222	0
4945436	0
13758243	0
32568110	0
3864224	0
8423977	0
5780913	0
16757836	0
23366244	0
31144917	0
8165138	0
95086	0
23584816	0
15252834	0
4572509	0
789659	0
1777811	0
241000	0
20279634	0
37888891	0
151778	0
4362086	0
47145755	0
21362876	0
2796175	0
20867128	0
41266021	0
8518690	0
13940458	0
20800179	0
171741	0
12257694	0
5656378	0
42387	0
6447992	0
2173185	0
12669639	0
27320122	0
31439703	0
4127948	0
15880269	0
26867702	0
7010926	0
39337786	0
6043818	0
24115407	0
9694871	0
47679863	0
6613141	0
4564096	0
20928397	0
44940819	0
12772060	0
34381081	0
27456103	0
9109837	0
22506531	0
9860200	0
6181343	0
32723405	0
2223216	0
2882596	0
3766564	0
16926676	0
1786152	0
26509081	0
2087219	0
494073	0
32199522	0
1877094	0
5968151	0
12506616	0
4502675	0
47108978	0
36267815	0
1137487	0
33452172	0
2108445	0
6197539	0
12961878	0
24654661	0
3050789	0
1002077	0
33472433	0
15270555	0
9447655	0
38558166	0
211184	0
21379316	0
4564997	0
10853	0
3657263	0
25175623	0
42129311	0
44970808	0
20301042	0
24273362	0
1865378	0
6823153	0
10760729	0
28545483	0
7805407	0
46573021	0
16924537	0
33232705	0
20040	0
1540645	0
35333908	0
5933839	0
43553437	0
9611518	0
6563736	0
13308725	0
4696876	0
44783008	0
23222343	0
5080817	0
1219009	0
1603199	0
40717555	0
6806330	0
33684670	0
16231219	0
8223456	0
2481332	0
12506513	0
47673892	0
5158650	0
2615197	0
1704931	0
17766026	0
4597725	0
527277	0
20042109	0
5099279	0
40731947	0
36195348	0
7870868	0
35463787	0
16364200	0
9227797	0
1846108	0
15611867	0
751045	0
27200299	0
549037	0
31035358	0
1194525	0
8374027	0
13826212	0
3557591	0
10530442	0
3489959	0
13582350	0
3816882	0
1186767	0
13799582	0
5828522	0
2949145	0
1887698	0
39204096	0
20879085	0
244104	0
15152847	0
13791769	0
4326443	0
23375622	0
20847431	0
2897493	0
13622413	0
22473171	0
49419935	0
132878	0
11415129	0
12810258	0
28925152	0
6630453	0
6707442	0
3576038	0
115567	0
9997292	0
502380	0
37881524	0
13139884	0
4642030	0
22914856	0
2113884	0
912798	0
39030149	0
32110628	0
1783121	0
4467898	0
7497209	0
15347769	0
24133340	0
3782892	0
15114362	0
284825	0
120202	0
13479961	0
385061	0
780776	0
412381	0
6045602	0
732775	0
959070	0
1667411	0
22371574	0
6013510	0
9225460	0
14655899	0
47836463	0
36973443	0
11416198	0
1074074	0
24680307	0
4225794	0
19640272	0
10557522	0
5083097	0
39314359	0
1157087	0
1118424	0
8802065	0
10624247	0
2256460	0
5619625	0
31554134	0
2247843	0
12487461	0
41100772	0
1546235	0
1712338	0
127220	0
9821939	0
25146522	0
7310982	0
5483417	0
4326603	0
19808761	0
356655	0
29107563	0
11595028	0
9613870	0
20028032	0
34492833	0
40000628	0
42675552	0
21609175	0
3785858	0
27442127	0
27966899	0
25782304	0
556183	0
26601102	0
13625902	0
21923333	0
35909371	0
37165874	0
5844129	0
29867094	0
19477776	0
48478503	0
20033368	0
140696	0
26147196	0
21340412	0
492026	0
30689111	0
4402067	0
767659	0
33556420	0
26132124	0
6230693	0
2123727	0
22103253	0
3101398	0
25616976	0
4044071	0
18826385	0
750259	0
17713021	0
8554597	0
39034656	0
42000588	0
1570269	0
958136	0
6583033	0
958520	0
24325499	0
18453426	0
3080451	0
20146369	0
11248647	0
