849263	1
7888663	1
51491	1
12377250	1
37469829	1
5887658	1
1779813	1
8352202	1
24147469	1
43694319	1
7046629	1
885730	1
5690143	1
2743807	1
1283980	1
1568024	1
641954	1
43567	1
21335136	1
3258907	1
16121	1
42459296	1
9763623	1
3617879	1
19253734	1
41042291	1
31251198	1
30870773	1
3140304	1
22756458	1
15497241	1
23658863	1
40761530	1
2874059	1
417020	1
938607	1
6171642	1
172701	1
2530763	1
13673479	1
273591	1
2151460	1
8512744	1
19599703	1
5826370	1
42552640	1
9198438	1
1472467	1
13516551	1
3773900	1
3070865	1
13650140	1
1014	1
7493823	1
2011326	1
5088910	1
405120	1
30864330	1
19253132	1
1425360	1
2166015	1
1859879	1
29345	1
7319094	1
430239	1
429928	1
1148880	1
3017936	1
1816670	1
413671	1
243651	1
1227714	1
2243390	1
8614766	1
8816496	1
15055786	1
6387547	1
30042802	1
26787	1
584009	1
21481035	1
81609	1
433613	1
41554707	1
20738544	1
437405	1
505013	1
1663965	1
159987	1
11332672	1
30863808	1
1879388	1
72161	1
402595	1
2137024	1
174943	1
27629	1
8160438	1
34993614	1
272074	1
1786579	1
1760	1
2694461	1
3057451	1
44265798	1
43382	1
6061595	1
4997140	1
7055554	1
98895	1
5733429	1
517436	1
15020925	1
1072861	1
1253603	1
18934	1
4433968	1
1102449	1
868	1
3131002	1
4805825	1
882499	1
437273	1
7517465	1
23600035	1
7599128	1
42199619	1
1492845	1
10435472	1
450921	1
7495180	1
1528829	1
1741520	1
36263992	1
40722983	1
3073952	1
235524	1
52150	1
34808994	1
39046400	1
1100924	1
455461	1
2745590	1
341259	1
56153	1
49867	1
1449482	1
1461001	1
31019230	1
11651341	1
147402	1
3450546	1
2122055	1
41158817	1
19541	1
233369	1
22483	1
3013733	1
682784	1
197978	1
6581649	1
645356	1
10134960	1
34915270	1
199988	1
30864655	1
2805521	1
1266606	1
4817310	1
586338	1
22316	1
89818	1
643691	1
29028054	1
2878033	1
35744440	1
249758	1
40373100	1
179645	1
2538653	1
28955624	1
41687111	1
30873040	1
449549	1
29190414	1
1108337	1
22660104	1
309909	1
355699	1
1086706	1
2747204	1
933124	1
402587	1
5322398	1
433740	1
12569	1
380451	1
8738012	1
2284219	1
7054553	1
182049	1
26388135	1
4481901	1
3029799	1
632373	1
1311096	1
437350	1
2049120	1
439770	1
5169337	1
402553	1
7103089	1
239819	1
5579560	1
38335086	1
32406147	1
40930289	1
19932	1
582600	1
4484725	1
5188819	1
579872	1
1214175	1
35747415	1
4849167	1
36831802	1
1071709	1
9368949	1
449519	1
38264	1
242409	1
1508301	1
2209550	1
461294	1
73231	1
966195	1
25395609	1
5242635	1
12537	1
8260781	1
433187	1
12537456	1
41166844	1
4832903	1
341333	1
32946896	1
1105686	1
19316980	1
1978133	1
2466792	1
22704807	1
17676571	1
271975	1
1950983	1
8420283	1
32576619	1
29345111	1
1929210	1
2065001	1
649130	1
3071208	1
40779938	1
2835935	1
13998897	1
2750852	1
1234207	1
23745820	1
4322809	1
17340146	1
37525677	1
25812766	1
7769870	1
2355610	1
1091240	1
237248	1
1467664	1
22258366	1
515053	1
1091244	1
203513	1
4503028	1
9868561	1
22549534	1
858965	1
16177086	1
22367443	1
2820848	1
70650	1
1649	1
76992	1
159040	1
2075316	1
38870627	1
2304514	1
2853796	1
5929287	1
179844	1
3041739	1
2564737	1
3017359	1
1594914	1
2014775	1
599079	1
19825180	1
34508121	1
8238258	1
24116	1
2255895	1
1618824	1
11786314	1
8608959	1
3152491	1
188057	1
19113427	1
2133715	1
6162340	1
244072	1
5726405	1
26634144	1
57580	1
140698	1
30860489	1
30503937	1
15054738	1
1291997	1
25272050	1
638742	1
16593123	1
8417589	1
462469	1
6182659	1
1648378	1
17913224	1
19274635	1
8049646	1
33214936	1
645486	1
2195864	1
2216375	1
2220588	1
1503393	1
1001251	1
42235481	1
41036446	1
5177030	1
2538675	1
19577	1
213858	1
32583553	1
7517446	1
210957	1
2650850	1
15233821	1
41554466	1
12427834	1
7528496	1
30870683	1
12827897	1
302972	1
2446075	1
4025585	1
7370562	1
29756415	1
3299357	1
2186845	1
419084	1
430140	1
8862873	1
7367885	1
7533153	1
26232	1
12268902	1
2458898	1
36055294	1
2147635	1
27357752	1
8463787	1
1410145	1
24938339	1
2676	1
2676014	1
170625	1
36898229	1
30865038	1
2167913	1
36848	1
1492960	1
184964	1
2778778	1
706811	1
35608604	1
500089	1
10218885	1
376903	1
370315	1
3042870	1
18423525	1
3307821	1
6000325	1
201969	1
9759031	1
25836726	1
12631847	1
2118565	1
38613627	1
4882592	1
19217833	1
13344830	1
2104817	1
30876142	1
2826007	1
1430042	1
36636	1
33686172	1
4856356	1
3213491	1
18902	1
3068033	1
30956024	1
390102	1
23135827	1
4904802	1
3064139	1
15389367	1
1121972	1
437302	1
23568537	1
164053	1
31415601	1
207068	1
36645711	1
10799861	1
3603275	1
8588509	1
8664496	1
1804534	1
31518119	1
18621275	1
2140375	1
28181	1
106497	1
23477491	1
1656552	1
3080	1
34176124	1
1824155	1
39700	1
31338468	1
1833568	1
24332264	1
661551	1
6225891	1
3095594	1
194475	1
9602302	1
2867231	1
30876653	1
31339515	1
2860960	1
3190415	1
16969129	1
9114857	1
183442	1
140488	1
3794572	1
6000468	1
4147457	1
1813712	1
430007	1
4786937	1
1884936	1
1646781	1
254543	1
7206451	1
2422391	1
30863821	1
3455865	1
7059408	1
29586184	1
1521286	1
219947	1
7663323	1
2378869	1
521726	1
14400	1
277718	1
26180282	1
2215769	1
3770573	1
28246	1
216597	1
4535197	1
429918	1
39549098	1
2233314	1
7815401	1
13312820	1
2164054	1
21486360	1
2317802	1
18684731	0
1809901	0
24702706	0
22526205	0
23591306	0
6264042	0
26616239	0
2669549	0
38181249	0
11450651	0
8907986	0
3752785	0
18447567	0
12454520	0
41440664	0
22851748	0
7508332	0
16656763	0
30582	0
23962376	0
18286891	0
13329433	0
8664262	0
311810	0
11749248	0
36804797	0
9422994	0
21744519	0
15938122	0
20189521	0
464923	0
9968354	0
3618841	0
1473556	0
3151562	0
12513751	0
18319111	0
1824418	0
1649029	0
8251547	0
18580757	0
18808071	0
1526279	0
27727648	0
8449739	0
1534750	0
38518994	0
13067866	0
5032741	0
30796360	0
12434861	0
5079289	0
14815816	0
40247641	0
6257163	0
5225977	0
104632	0
5988750	0
16414817	0
16255742	0
37266122	0
2022502	0
35290206	0
870023	0
7665352	0
1020348	0
1554924	0
30886150	0
21494452	0
8682695	0
1169336	0
1351076	0
26364539	0
39938695	0
15039149	0
20877808	0
7751172	0
981065	0
41792051	0
10966234	0
43748489	0
2254829	0
19324191	0
14341534	0
26832109	0
6965405	0
2021163	0
1685161	0
4567692	0
14792456	0
20539107	0
259347	0
12319981	0
363720	0
2176588	0
1866511	0
6420273	0
44538300	0
795916	0
20634742	0
10148469	0
15016105	0
4433253	0
1776943	0
27760329	0
20570984	0
1106299	0
955329	0
901125	0
8209870	0
13745123	0
16712547	0
45620698	0
32979254	0
495221	0
29273390	0
4314	0
2333688	0
2693930	0
25886400	0
304995	0
9635855	0
17667178	0
28203374	0
8523281	0
9030741	0
7597861	0
48800824	0
8917650	0
2061697	0
13767882	0
41389743	0
7440545	0
43798827	0
3847329	0
20450308	0
4930071	0
938311	0
8046402	0
34946369	0
965019	0
1392610	0
17590330	0
510520	0
17343132	0
871448	0
19569531	0
1444140	0
44998699	0
8876935	0
15036863	0
3495236	0
3838963	0
17415962	0
11952297	0
38133191	0
35524357	0
8584736	0
31997903	0
2873334	0
310584	0
10025675	0
3029131	0
1610753	0
2069076	0
14734446	0
17921742	0
189763	0
9105251	0
119209	0
336988	0
20452688	0
22249533	0
1102009	0
4230280	0
561121	0
31896749	0
2185877	0
9909619	0
5499790	0
12881471	0
11771355	0
20672329	0
2994119	0
35538022	0
45111856	0
12224843	0
137681	0
1633326	0
226921	0
7064795	0
16940688	0
28185485	0
25602751	0
40135223	0
32272622	0
10018	0
23545069	0
17986701	0
132024	0
23223948	0
32252365	0
11794785	0
6863002	0
2668507	0
13733836	0
115973	0
20267193	0
47859624	0
624914	0
3908531	0
1126927	0
3209872	0
294908	0
30792029	0
28511876	0
23201953	0
19806752	0
1216093	0
2379656	0
7770112	0
12085298	0
47248378	0
13135716	0
887737	0
15192840	0
32503118	0
10520565	0
23756835	0
7322550	0
14763046	0
3165681	0
6494338	0
3166863	0
112957	0
36217979	0
22826070	0
6294827	0
19052134	0
20023487	0
29041283	0
636194	0
3999457	0
10386923	0
433897	0
19967870	0
95966	0
19754826	0
27403368	0
198098	0
3210868	0
132681	0
1820012	0
2220654	0
18768835	0
9318853	0
43328012	0
122399	0
212782	0
995173	0
2216420	0
40508596	0
25487365	0
1183675	0
663125	0
29744756	0
26532309	0
137067	0
4956682	0
7410218	0
15507658	0
48627364	0
24301853	0
996491	0
2839688	0
3032484	0
6645361	0
6868605	0
1355598	0
2228880	0
7378045	0
21438702	0
38920764	0
926559	0
21273100	0
1657853	0
28807128	0
19481265	0
46410819	0
26823449	0
5385822	0
4337751	0
22951825	0
122379	0
711106	0
22459461	0
5761233	0
7789723	0
6750502	0
33416304	0
3414771	0
32503333	0
1667088	0
11931485	0
4510386	0
26007939	0
57079	0
2839983	0
2162047	0
2476287	0
31444768	0
21400153	0
96335	0
5708103	0
14818250	0
108145	0
12428245	0
13257607	0
30241628	0
45398739	0
5957368	0
9004649	0
2915176	0
1446288	0
18580184	0
615948	0
3690421	0
1499227	0
17646716	0
4929510	0
42401324	0
10834163	0
37693865	0
708254	0
843038	0
5761388	0
32409322	0
25715	0
12727993	0
19889712	0
40100552	0
360721	0
26694873	0
5273415	0
9310290	0
2737287	0
1103787	0
3231599	0
239171	0
21989	0
4201966	0
125721	0
470268	0
3050767	0
19498587	0
22984228	0
26954662	0
9348255	0
8280116	0
31328833	0
6475716	0
3301629	0
3597793	0
4438676	0
271126	0
23381479	0
453793	0
33982855	0
1792865	0
630457	0
3199133	0
24179761	0
2973170	0
2751939	0
28039823	0
3237599	0
24501483	0
10436005	0
4211715	0
22636579	0
4784943	0
285868	0
1704558	0
22806918	0
503584	0
35136199	0
37791883	0
3791115	0
475212	0
10318533	0
2466901	0
97492	0
47372519	0
1046074	0
243579	0
6839777	0
15273302	0
489057	0
1341543	0
5652037	0
12362998	0
5890692	0
4096711	0
22535445	0
17016768	0
38937519	0
4390478	0
24874282	0
12585973	0
6900276	0
40531407	0
2140666	0
509708	0
1134660	0
52724	0
2587316	0
3023601	0
9355738	0
19979503	0
2049669	0
32541042	0
4052706	0
5209963	0
3490022	0
2621769	0
5332530	0
35708711	0
2256403	0
1199800	0
8464166	0
2193539	0
33584514	0
6841411	0
3291369	0
206442	0
29799821	0
5067357	0
36844378	0
9642190	0
23389488	0
5169184	0
37993205	0
63417	0
1692186	0
32680109	0
110004	0
18676467	0
8545591	0
20057774	0
1826859	0
8226208	0
34205122	0
118741	0
152897	0
2527990	0
14987226	0
46744916	0
131026	0
2449345	0
12927663	0
14786226	0
18348185	0
18754910	0
2117813	0
23008275	0
898169	0
42062557	0
16120630	0
23395036	0
6985637	0
8144819	0
13107772	0
23778817	0
23912378	0
9375771	0
31297515	0
20124922	0
23805983	0
45585508	0
122463	0
25584905	0
85762	0
1813186	0
1234583	0
16696459	0
40589212	0
4516095	0
6121814	0
28332332	0
3455120	0
45328790	0
94502	0
14781351	0
6547000	0
6423723	0
28270712	0
7715645	0
25889687	0
27697641	0
3173700	0
