540382	1
33241250	1
413459	1
5071028	1
2948592	1
1630986	1
5454257	1
8647842	1
15613	1
6211807	1
4213	1
232894	1
36531367	1
27743278	1
3641322	1
6719146	1
460927	1
296499	1
452912	1
770726	1
11300969	1
46918	1
19346935	1
4361992	1
5437653	1
5231601	1
2031189	1
2233360	1
27861760	1
35611549	1
59575	1
1656551	1
17971007	1
14617954	1
26296211	1
4540	1
11426	1
255919	1
396466	1
34991630	1
538676	1
224606	1
7998523	1
233501	1
84622	1
7020198	1
488346	1
1050943	1
1039281	1
3130060	1
52453	1
931796	1
41518350	1
9449104	1
871782	1
44515	1
4210285	1
38473323	1
14240	1
118488	1
19188625	1
853294	1
14708	1
889914	1
536663	1
9263254	1
1613417	1
295286	1
4317471	1
53090	1
14421651	1
33695353	1
1483004	1
1497885	1
791417	1
15573	1
34200910	1
501694	1
20585947	1
24825266	1
179573	1
6802425	1
19081292	1
44464	1
172279	1
11692063	1
5797247	1
825165	1
8381158	1
1116337	1
20143	1
31213050	1
4652362	1
44020701	1
399424	1
3330331	1
2303	1
3390451	1
253377	1
838873	1
4840	1
15225	1
294057	1
4641066	1
20235836	1
676833	1
32689479	1
481187	1
956862	1
3117554	1
7615488	1
12121	1
8934858	1
34507937	1
78966	1
2344274	1
621468	1
3034	1
149766	1
202954	1
5301631	1
4065486	1
201259	1
1682531	1
13555	1
142930	1
366985	1
358176	1
2978112	1
34289962	1
807529	1
1799424	1
689948	1
1648186	1
12870778	1
29127497	1
501510	1
18650492	1
3226	1
599042	1
31710876	1
912346	1
28079057	1
10601505	1
592189	1
125285	1
24751	1
8538252	1
373224	1
26614365	1
318996	1
536143	1
27403638	1
6531713	1
36325828	1
60265	1
665483	1
302619	1
19943831	1
6084901	1
265417	1
16588178	1
812724	1
566524	1
392946	1
8459850	1
586095	1
30711456	1
1027949	1
2401265	1
20564301	1
2079286	1
52682	1
937969	1
288480	1
48098867	1
24071774	1
3907743	1
3563275	1
92422	1
6227463	1
25286	1
33955452	1
3720992	1
6517092	1
3318967	1
203860	1
1003268	1
2862007	1
6461031	1
11292933	1
24401876	1
7714685	1
5365202	1
366876	1
610386	1
10070	1
2314798	1
2810333	1
845948	1
4637600	1
35701515	1
2851251	1
307675	1
38476	1
166299	1
9313448	1
148188	1
1364661	1
50562	1
47409256	1
20369717	1
11883	1
550670	1
376437	1
358808	1
2196608	1
2159935	1
622988	1
6589541	1
118703	1
229497	1
327392	1
26689	1
348959	1
34966607	1
5046013	1
1426937	1
2922105	1
1461841	1
493566	1
10686137	1
81430	1
5128007	1
354027	1
1258644	1
22645	1
44748	1
181240	1
10413843	1
57701	1
262699	1
44942	1
694163	1
8531404	1
9030558	1
34389980	1
24395314	1
1777029	1
26013911	1
6824089	1
21335918	1
2717185	1
852601	1
21990978	1
33551783	1
13549258	1
41471088	1
365517	1
17796960	1
12469	1
19968159	1
6719277	1
373153	1
85262	1
32460162	1
21391303	1
729764	1
85436	1
5356271	1
8178602	1
713020	1
3424276	1
77242	1
185362	1
909744	1
5577531	1
30871076	1
576409	1
638748	1
13700	1
1923983	1
10855454	1
538415	1
2298655	1
2077621	1
20527339	1
7443905	1
6247500	1
2259476	1
21267727	1
2778721	1
4405186	1
441357	1
33601605	1
6084840	1
85437	1
619509	1
21231096	1
28460254	1
32689348	1
1982691	1
1510875	1
11464599	1
31424909	1
973773	1
24860320	1
3879704	1
32422671	1
1137929	1
340504	1
50711	1
12275373	1
1516747	1
4623749	1
5243087	1
22114149	1
620767	1
23994988	1
3094213	1
3065715	1
309105	1
1295193	1
2584921	1
3760074	1
3112837	1
29746724	1
179762	1
17333	1
156505	1
185004	1
1960692	1
1606511	1
3769844	1
13249891	1
676317	1
1685251	1
13087	1
1074448	1
25435340	1
608940	1
14082082	1
53771	1
1897	1
3176276	1
693712	1
99184	1
38438952	1
857148	1
5899891	1
37042	1
1524244	1
263872	1
118530	1
1035501	1
230417	1
1700168	1
472321	1
95364	1
16641118	1
47862299	1
2004949	1
24632704	1
715483	1
11024504	1
31443585	1
20371075	1
1167077	1
662353	1
31102785	1
18435	1
1672200	1
27752201	1
11486812	1
85429	1
11669167	1
16914	1
155797	1
6669458	1
177674	1
150837	1
302632	1
15560316	1
4243391	1
3827581	1
473391	1
198045	1
1423683	1
14729	1
105314	1
175768	1
964634	1
1265491	1
33586270	1
912759	1
493626	1
256135	1
562482	1
222663	1
19999853	1
1888051	1
2259200	1
3620488	1
5804800	1
27712781	1
30858887	1
40362576	1
3402027	1
1115917	1
330833	1
2307850	1
7918295	1
185803	1
194090	1
3583349	1
698285	1
1572051	1
22943295	1
2488707	1
1418181	1
11303	1
4460442	1
3232824	1
1730727	1
230971	1
33513210	1
1976923	1
7768129	1
29456339	1
22563904	1
21671724	1
4592139	1
353068	1
5888447	1
2516600	1
1997909	1
21530370	1
3532461	1
2995213	1
5862045	1
34348477	1
904073	1
1243531	1
1956649	1
706520	1
4275460	1
37030113	1
1654755	1
8240196	1
48555	1
33919386	1
1660205	1
8952535	1
52570	1
1500296	1
5751	1
255937	1
2379261	1
5545168	1
693615	1
985458	1
132472	1
744612	1
549990	1
371457	1
28399	1
16035498	1
3350021	1
91609	1
1106712	1
2093393	1
2004404	1
40334603	1
591239	1
605328	1
170663	1
743799	1
2360872	1
366757	1
473432	1
18933234	1
30883414	1
25582943	1
27033	1
4006416	1
236489	1
3199974	1
350885	1
30095990	1
318597	1
45127	1
915483	1
3472971	1
854123	1
33402659	1
58635	1
30034708	1
166324	1
1016891	1
22126025	1
17861774	0
36178419	0
6116738	0
5171811	0
5695954	0
9854041	0
5956521	0
12760297	0
611006	0
111706	0
20248613	0
464461	0
20344312	0
5503501	0
3032240	0
2742414	0
504846	0
408278	0
9060581	0
5533463	0
25502036	0
1165954	0
21986158	0
21773657	0
11325348	0
37916887	0
134489	0
1565198	0
6523116	0
5971378	0
28960049	0
45714365	0
438410	0
10041278	0
12791444	0
7943669	0
40254589	0
35980096	0
8562070	0
26850717	0
124474	0
3594947	0
26607753	0
41810820	0
11579073	0
11486837	0
22001615	0
12785773	0
3429390	0
7659393	0
4721759	0
43754020	0
1103702	0
1389359	0
15415740	0
4632208	0
8788591	0
135555	0
8426482	0
1751128	0
18110	0
3087817	0
8025537	0
1771679	0
43956274	0
28908824	0
119365	0
11243012	0
6555057	0
21399668	0
17087768	0
849533	0
4528016	0
1257205	0
21248711	0
13107570	0
4107227	0
7027740	0
25194573	0
1922798	0
37063555	0
1136635	0
1826225	0
13890333	0
27974815	0
21492087	0
1990617	0
1078168	0
8718914	0
15887697	0
860127	0
7570031	0
10649622	0
22472679	0
15403459	0
6111876	0
6037441	0
47055993	0
8454963	0
5795295	0
161901	0
4460088	0
7250123	0
5962660	0
4319944	0
6038504	0
787807	0
2081023	0
200340	0
40901645	0
956297	0
18865032	0
1452401	0
39952785	0
5546311	0
31154533	0
2194953	0
120908	0
528977	0
11014548	0
2855060	0
877344	0
2537270	0
715819	0
449047	0
14260431	0
22253380	0
1901283	0
25847733	0
1896983	0
8263766	0
1120754	0
12290854	0
2521076	0
5966332	0
70402	0
15655877	0
26541423	0
741967	0
16971262	0
31155466	0
17237621	0
4166705	0
7845845	0
16078713	0
1700302	0
7266212	0
3143526	0
10944621	0
16677990	0
18536139	0
44614784	0
43032637	0
2034547	0
9787696	0
33411601	0
12142219	0
588726	0
1469252	0
2633609	0
11496303	0
7058125	0
29138886	0
20583263	0
14991887	0
592647	0
29755718	0
9043214	0
3336626	0
47134240	0
6318997	0
481606	0
7101685	0
3843209	0
1097026	0
3108790	0
18809702	0
7372824	0
43579542	0
11236165	0
14428351	0
5203947	0
42871903	0
126604	0
44585272	0
13626840	0
8382974	0
5007673	0
14973616	0
18742453	0
9401321	0
21463981	0
25304211	0
248052	0
21265842	0
425971	0
2936116	0
28968139	0
36548943	0
44996232	0
109456	0
44159418	0
38960204	0
5175672	0
13930382	0
43393087	0
14064503	0
570306	0
30044457	0
16924066	0
4607874	0
12439187	0
9117531	0
4771686	0
4732214	0
22946864	0
3139417	0
30876771	0
1467866	0
2115229	0
5199970	0
36793536	0
4919228	0
7387791	0
10948667	0
47324250	0
9288734	0
7426047	0
5952867	0
2875868	0
6457548	0
6621249	0
28843953	0
15345713	0
24023209	0
10840308	0
25883084	0
20907644	0
22788911	0
3889164	0
14181566	0
25440672	0
8655509	0
20646122	0
16193517	0
4633923	0
6287102	0
8704371	0
6123701	0
23673252	0
35970423	0
4657620	0
428643	0
5620162	0
229047	0
8016517	0
42066155	0
7336860	0
342640	0
40679344	0
371907	0
14016644	0
18331370	0
5724739	0
239508	0
3361912	0
15958817	0
14851598	0
29217018	0
7757344	0
9855204	0
1138114	0
23123592	0
8123014	0
1027557	0
5531762	0
26198291	0
126497	0
13774076	0
6534017	0
5734034	0
1067852	0
23972896	0
15399218	0
37482728	0
27961361	0
37124776	0
239926	0
455962	0
43286963	0
10305725	0
1410398	0
16086434	0
17837523	0
140026	0
36610510	0
450550	0
47179927	0
6431891	0
1237473	0
9489558	0
16586701	0
58822	0
435656	0
1181107	0
12837391	0
33597393	0
41668241	0
8454243	0
4192114	0
133336	0
323818	0
6824934	0
15432751	0
14613421	0
211830	0
3599438	0
273704	0
1954986	0
7249089	0
13479965	0
19286887	0
1411599	0
2318137	0
10485401	0
7023458	0
17571621	0
19640708	0
5115729	0
21839539	0
23549930	0
110859	0
241064	0
2070249	0
29227650	0
10146608	0
19090758	0
264713	0
6941588	0
21785	0
2115080	0
118017	0
18904118	0
505321	0
14094327	0
23596965	0
2539015	0
1672021	0
8142765	0
12338488	0
29690515	0
18210590	0
12584361	0
33529058	0
2728588	0
35775862	0
43045030	0
8493144	0
2287967	0
21361069	0
33101519	0
396758	0
112290	0
24373662	0
25527718	0
39895334	0
1171408	0
47231937	0
2637773	0
15166626	0
44218661	0
2005419	0
34374640	0
7034412	0
48375552	0
17376458	0
859656	0
23979450	0
2540104	0
2512963	0
9780370	0
43004912	0
15429049	0
528780	0
1878916	0
126557	0
20404059	0
6069355	0
38557928	0
13608219	0
43404712	0
4898257	0
2508839	0
40598484	0
81480	0
670475	0
14605662	0
16096998	0
32867874	0
7614159	0
15459495	0
12796693	0
3397287	0
2368634	0
15819473	0
8708634	0
1733113	0
24776941	0
27675291	0
44328475	0
3197327	0
10976941	0
591179	0
28912047	0
39577709	0
3581914	0
40175481	0
28831615	0
7620167	0
32345166	0
651901	0
8661152	0
14286452	0
19145519	0
1798838	0
188638	0
7108072	0
40221448	0
322889	0
1311153	0
6582250	0
4998072	0
43807309	0
2413154	0
13376497	0
25826748	0
2340349	0
3757755	0
18489972	0
43650461	0
40585536	0
596733	0
2404374	0
581157	0
46973472	0
6949347	0
13230222	0
22446505	0
8074647	0
17752849	0
32572876	0
628842	0
17894463	0
39295151	0
9228652	0
13005794	0
87946	0
24089293	0
133782	0
1925190	0
20725590	0
16836384	0
510007	0
1361073	0
4003647	0
2103146	0
40460631	0
35782315	0
458037	0
47441510	0
8078529	0
5784312	0
41940967	0
2890790	0
1897265	0
12197835	0
1953928	0
431570	0
4673006	0
16075030	0
4098246	0
17008475	0
2965252	0
2991552	0
7223367	0
22871072	0
3009486	0
7173115	0
3119273	0
13488490	0
22634240	0
28634432	0
36299324	0
953565	0
1176678	0
2948952	0
23728633	0
6556986	0
13154760	0
24978895	0
