15947044	1
2530593	1
49650	1
32717808	1
176072	1
12343133	1
3495605	1
618110	1
37512054	1
4080739	1
61180	1
33491496	1
17363577	1
1046470	1
156745	1
6527812	1
2734590	1
675491	1
3420230	1
1264887	1
21446724	1
24669242	1
1854000	1
3546120	1
5454581	1
2745062	1
8789848	1
20039038	1
2500022	1
18091	1
53762	1
4662943	1
15115752	1
4419625	1
29786678	1
172943	1
182535	1
4052237	1
6695508	1
31334133	1
2703039	1
320514	1
2512898	1
1277918	1
40928146	1
11094753	1
987634	1
2469682	1
72567	1
6140	1
4310106	1
4802957	1
163271	1
19771307	1
28958078	1
1871735	1
16756124	1
20749940	1
34049808	1
3474629	1
2244983	1
24083094	1
2742187	1
2388819	1
1908729	1
5836236	1
4723712	1
17380789	1
2486872	1
569484	1
301731	1
11495343	1
950572	1
28136638	1
4570188	1
1507980	1
2021700	1
153956	1
163278	1
1004854	1
19450529	1
2442127	1
1573600	1
11631646	1
2207795	1
31397567	1
308162	1
35969004	1
33064188	1
972363	1
8708067	1
221259	1
3316360	1
5355328	1
1407366	1
28331924	1
8218794	1
1045951	1
1128537	1
4834766	1
313602	1
34647007	1
10219990	1
187109	1
2208404	1
8986620	1
1681830	1
48681480	1
364093	1
1600	1
2247742	1
13055059	1
4140629	1
16254752	1
850589	1
1311316	1
41410874	1
10095213	1
12489251	1
42057320	1
22886817	1
468943	1
1557	1
4168045	1
8692196	1
4294360	1
1826129	1
144163	1
29451260	1
1796865	1
3014239	1
306355	1
13659513	1
2233398	1
7341	1
1215089	1
3126217	1
75071	1
2028144	1
5444247	1
2979167	1
5379687	1
1857753	1
6142709	1
5340211	1
29718275	1
44421969	1
7829648	1
16749464	1
25231368	1
34339756	1
48071	1
907148	1
40798113	1
2285357	1
3324459	1
421023	1
46904376	1
4144849	1
45285619	1
432815	1
11646873	1
3224003	1
8548331	1
14019626	1
3535700	1
8510437	1
7755537	1
3778052	1
204955	1
23738907	1
2370329	1
11160276	1
2106224	1
13553971	1
41830989	1
15639710	1
5952297	1
4226298	1
170759	1
58008	1
13343266	1
24066858	1
745645	1
3663695	1
60961	1
19791439	1
255236	1
7981638	1
398934	1
6414940	1
1764518	1
2848588	1
1811067	1
149506	1
29479037	1
11200137	1
24639	1
262958	1
2317894	1
3262096	1
1509210	1
18024548	1
23409409	1
2080580	1
9140038	1
2166245	1
63520	1
3356	1
46230485	1
766907	1
1557926	1
3710938	1
63390	1
3828435	1
870619	1
84349	1
26818826	1
3542920	1
4044070	1
16741678	1
34814	1
137518	1
961937	1
1079890	1
939203	1
39660989	1
1269138	1
30205998	1
74778	1
3001521	1
232346	1
32473833	1
22118314	1
31336743	1
10299353	1
1342164	1
737872	1
2901240	1
2003417	1
824684	1
41904335	1
870155	1
4684988	1
21779605	1
1639868	1
16527939	1
17789796	1
3366967	1
8015424	1
13968807	1
4960895	1
13101535	1
5576167	1
23087494	1
31439529	1
157428	1
5951699	1
792545	1
9650739	1
2387233	1
67260	1
261850	1
43997	1
35961754	1
10822481	1
400695	1
1015674	1
653318	1
11042050	1
29774025	1
320736	1
25283602	1
21034279	1
1915526	1
1487556	1
2722204	1
11171232	1
37194622	1
654611	1
1526239	1
2470228	1
4278945	1
25807137	1
1758815	1
5041941	1
21371213	1
14351707	1
8447225	1
4718199	1
202525	1
407658	1
2360464	1
87987	1
102592	1
8041728	1
1766674	1
473716	1
207914	1
50420	1
13736167	1
249107	1
5101421	1
32345224	1
5446944	1
19721127	1
24902	1
89110	1
35825513	1
24117	1
23590232	1
14575	1
3231779	1
2085941	1
10823448	1
37236091	1
42318545	1
3779149	1
500622	1
153093	1
16352214	1
23718565	1
7455909	1
3350162	1
34243690	1
17263703	1
1241914	1
5246712	1
43563496	1
126271	1
16252112	1
948105	1
3082182	1
2054378	1
2336182	1
4760510	1
3845398	1
14851312	1
161516	1
8002757	1
1072662	1
1276102	1
1440180	1
2384728	1
2039443	1
34175500	1
32895719	1
1041388	1
315833	1
18391	1
1206782	1
3247927	1
3886650	1
4865299	1
27992771	1
226198	1
33256712	1
22722099	1
2886584	1
43585816	1
35164385	1
22749867	1
2157425	1
11825477	1
104940	1
21132363	1
3081445	1
9013231	1
2158272	1
27803381	1
2787892	1
44858076	1
1245870	1
506250	1
1067381	1
859855	1
8321943	1
167969	1
8312802	1
15464450	1
81672	1
47289483	1
5690319	1
182161	1
15924	1
1019298	1
27125568	1
556745	1
59704	1
5112837	1
30241628	1
30406388	1
2966759	1
2045067	1
29478805	1
1002980	1
454655	1
1479215	1
8220976	1
42720842	1
83049	1
759293	1
2462951	1
443972	1
10058733	1
40069788	1
44507758	1
826139	1
973174	1
3968229	1
243204	1
2233015	1
602542	1
60531	1
95408	1
1162528	1
565898	1
236313	1
2932389	1
31485	1
1080090	1
4278138	1
6617452	1
11218239	1
597946	1
30855188	1
3035789	1
24315158	1
2444372	1
616304	1
4550	1
3624149	1
3119157	1
3088189	1
4432724	1
20920736	1
34080708	1
39817028	1
3374188	1
24540238	1
654926	1
214632	1
2810510	1
2090899	1
465600	1
4753227	1
11466934	1
145388	1
390863	1
5632615	1
10197311	1
26560340	1
230698	1
29218872	1
3615931	1
1697155	1
31581532	1
2071081	1
315567	1
30995289	1
366562	1
10956409	1
35403369	1
3274639	1
18956434	1
8382279	1
23649437	1
16567877	1
284525	1
864	1
40439592	1
5122340	1
48501177	1
3745287	1
644830	1
40047652	1
907187	1
11308021	1
35644709	1
2201211	1
37026702	1
38041060	1
449519	1
14104155	1
384441	1
7316877	1
67022	1
265593	1
37046322	1
10317749	1
31456917	1
8382354	1
209215	1
1250264	1
1769154	1
14621612	1
266433	1
949623	1
3158354	1
1043490	1
18324635	0
7725637	0
5558046	0
95935	0
2744110	0
39944839	0
681561	0
27041117	0
6388267	0
19017549	0
20303544	0
1357684	0
49196154	0
3240	0
3191216	0
24608053	0
34375458	0
129669	0
20864570	0
8504824	0
6891560	0
9731035	0
7529882	0
4864927	0
9873418	0
17901978	0
31472435	0
119346	0
39925554	0
18703801	0
7339534	0
19763650	0
9810406	0
2066320	0
9199877	0
677689	0
935823	0
11646280	0
23546212	0
36760651	0
126723	0
8612190	0
5137006	0
1532383	0
43011640	0
42972523	0
5328317	0
117719	0
41642865	0
37176046	0
12645330	0
35727035	0
34192374	0
5497446	0
5082414	0
48486944	0
27634140	0
1623089	0
26193602	0
19300458	0
22643284	0
4020879	0
3751948	0
1046537	0
1707728	0
2483417	0
228867	0
9421671	0
38007792	0
21242375	0
46898566	0
16615360	0
3157200	0
3141753	0
414163	0
37653756	0
1354069	0
17943298	0
7455705	0
574456	0
3771704	0
15103329	0
34307862	0
9179249	0
4364652	0
16308210	0
26491446	0
14789527	0
18336628	0
38089042	0
18564530	0
6793484	0
13385437	0
7521417	0
15129789	0
47571165	0
3890250	0
232613	0
6890750	0
2198232	0
1059818	0
18670751	0
16082360	0
12441158	0
38398925	0
476049	0
13565268	0
28993305	0
573042	0
25697045	0
44407487	0
11568969	0
6469239	0
21311903	0
311603	0
2711784	0
211246	0
33353324	0
1220279	0
21240285	0
18785548	0
3091031	0
41676289	0
13153316	0
3016071	0
15928023	0
5231601	0
10440464	0
1695171	0
42175813	0
31539011	0
359590	0
529857	0
39786909	0
27338495	0
14387567	0
12240893	0
4353812	0
10827076	0
31571993	0
45661810	0
455461	0
1708753	0
14959586	0
37687829	0
45461762	0
14271513	0
12528597	0
65880	0
1021663	0
15171323	0
5738608	0
16996915	0
4322845	0
33328450	0
4336092	0
36043197	0
16192523	0
13091857	0
994043	0
32655437	0
19866746	0
124363	0
1409652	0
4673644	0
853219	0
37058839	0
1533926	0
17686010	0
10074044	0
13849181	0
21179172	0
10730192	0
112348	0
10774598	0
26524806	0
102123	0
583375	0
13133908	0
5847310	0
1843016	0
1804444	0
14851743	0
43247828	0
24815652	0
10324774	0
8528591	0
2290211	0
4858692	0
42741924	0
53569	0
710697	0
5188190	0
3108562	0
570684	0
28518791	0
1016364	0
4282957	0
5686881	0
27504755	0
7826351	0
16968451	0
33188943	0
18454629	0
37628188	0
41515459	0
2604065	0
175754	0
15756010	0
10152552	0
46181340	0
42118291	0
31277658	0
472560	0
142073	0
26471869	0
236715	0
5231936	0
4621063	0
32772961	0
4618210	0
15384981	0
134019	0
7144315	0
29384326	0
2006796	0
3503563	0
29294751	0
46970550	0
25162407	0
19968500	0
12881746	0
31502249	0
16696582	0
31407741	0
14400	0
115439	0
3364958	0
33273397	0
1193780	0
15073394	0
153615	0
4803012	0
2528736	0
9776429	0
1450520	0
18221803	0
17421370	0
1165113	0
25003649	0
18938050	0
11383773	0
968732	0
10437225	0
41903994	0
44565796	0
129380	0
42485076	0
24306553	0
8781431	0
752782	0
22850785	0
8778544	0
12563760	0
108381	0
7538143	0
1050633	0
543637	0
1190566	0
9930913	0
6451183	0
52487	0
828416	0
30428736	0
32806254	0
24335796	0
150038	0
165433	0
25874412	0
39755513	0
44377434	0
43513286	0
13852149	0
463975	0
17028636	0
4548581	0
3113895	0
43954304	0
11636893	0
11131673	0
13493297	0
25257628	0
1284520	0
25311211	0
124565	0
31249991	0
1118217	0
6929855	0
32217196	0
5056004	0
3288510	0
13859269	0
618055	0
1557018	0
7370976	0
23834877	0
37461346	0
22619005	0
35629255	0
14847591	0
44327978	0
8929668	0
29133353	0
112881	0
1556553	0
9649914	0
12226771	0
7225835	0
1902482	0
2601235	0
48444934	0
8347657	0
7177901	0
357457	0
2673262	0
745637	0
9224690	0
5365928	0
7907026	0
4227686	0
9851885	0
30611676	0
1111223	0
15303876	0
3835833	0
33292041	0
3569860	0
7094072	0
31230168	0
28277390	0
15474115	0
49452222	0
18531155	0
4064397	0
7349912	0
332724	0
10514004	0
1373071	0
117160	0
1877601	0
6657854	0
29415148	0
3625856	0
115047	0
2981815	0
5180980	0
32559071	0
28877183	0
28146894	0
31382385	0
2910415	0
28895278	0
370200	0
21664589	0
801913	0
1418499	0
129582	0
1422593	0
328489	0
43720229	0
21555447	0
30870804	0
315245	0
1044675	0
3566611	0
2007182	0
15834188	0
4726204	0
29237196	0
4937839	0
39819314	0
1882682	0
35900839	0
12435595	0
38986082	0
5276824	0
5078569	0
17785524	0
2466089	0
1067688	0
30863077	0
1333935	0
35944948	0
49127136	0
19671152	0
26231828	0
21896483	0
2931642	0
3272467	0
4875183	0
756671	0
18734151	0
2105101	0
9650538	0
31717276	0
137752	0
5181717	0
4099111	0
5171906	0
16199766	0
5479937	0
18232	0
5106770	0
2874326	0
321005	0
28237636	0
3026758	0
289881	0
31562613	0
8855848	0
3099927	0
20442925	0
22346086	0
26551771	0
12791916	0
131426	0
5802686	0
11952383	0
19256421	0
2186447	0
1401440	0
34592809	0
43533465	0
96793	0
12351830	0
4634014	0
13239373	0
47116823	0
31155172	0
174687	0
3503732	0
21181180	0
40153310	0
5088389	0
4308246	0
6976568	0
1344940	0
512577	0
9105675	0
980088	0
7609086	0
3402901	0
43062872	0
4458389	0
34587780	0
5374511	0
20632781	0
3152282	0
28876942	0
34661210	0
38443748	0
6485880	0
16621430	0
16069319	0
15525307	0
31441141	0
4575614	0
4523492	0
16655984	0
35813643	0
12325997	0
4188939	0
2289714	0
23789430	0
104637	0
32025261	0
30644784	0
93217	0
119137	0
6068767	0
2622091	0
21806023	0
11188196	0
348356	0
3031258	0
134151	0
75831	0
34976517	0
5482674	0
2497970	0
260502	0
8879281	0
24333752	0
43795449	0
3847864	0
1631286	0
3989749	0
139610	0
2348144	0
20467439	0
