6838399	1
10331618	1
350418	1
17089493	1
5622334	1
6234705	1
20892116	1
10482	1
489324	1
34605379	1
1181772	1
4103078	1
6173130	1
1256787	1
2196650	1
3624721	1
1858170	1
10918118	1
4187931	1
1359996	1
5340614	1
31438403	1
19199205	1
409281	1
960568	1
341121	1
2271599	1
4570282	1
379611	1
1756526	1
29034777	1
2793264	1
4102881	1
14921258	1
3737665	1
4025545	1
27372704	1
2234775	1
2569556	1
1136526	1
2979324	1
4831057	1
1127850	1
9111670	1
395739	1
984711	1
2892465	1
14108489	1
198637	1
2409211	1
1796330	1
689620	1
163481	1
18501789	1
124943	1
9276836	1
27905264	1
14279259	1
8065106	1
6031098	1
19979431	1
16248707	1
594195	1
1351086	1
1642836	1
133590	1
12667761	1
846485	1
1646644	1
7179	1
217434	1
32426451	1
14583962	1
35586968	1
2675452	1
3766056	1
1033900	1
5308936	1
5704764	1
495011	1
30901030	1
1418196	1
2810369	1
526012	1
345769	1
2624681	1
9015403	1
5228695	1
2710899	1
18610405	1
123518	1
2405679	1
3856263	1
33233942	1
38476840	1
3060305	1
2424162	1
23377612	1
34701296	1
2105299	1
445353	1
7661978	1
292590	1
2737490	1
2212846	1
200669	1
886180	1
31335052	1
16295453	1
1578696	1
1990466	1
31968722	1
1472823	1
1614264	1
3131853	1
879939	1
7590600	1
24156513	1
635013	1
1701655	1
3996948	1
25293274	1
1558956	1
27237723	1
3503930	1
38349252	1
7161461	1
23615215	1
2303587	1
30628261	1
26993796	1
20197943	1
43108238	1
1354369	1
17019302	1
27960967	1
610704	1
1303939	1
16720511	1
957566	1
45600219	1
124937	1
27152	1
1629703	1
2055571	1
6830473	1
1111532	1
36113872	1
2090902	1
417935	1
17263209	1
36199050	1
24663988	1
3381687	1
1154732	1
3682917	1
6096493	1
13288936	1
1534701	1
12968597	1
707650	1
2384337	1
9209105	1
1870061	1
6312361	1
30946115	1
1165133	1
1127668	1
9043561	1
2343971	1
1411599	1
3185769	1
575015	1
22044230	1
4192022	1
2366356	1
31196801	1
3416065	1
2465685	1
13375354	1
30822652	1
361058	1
14063192	1
2377412	1
192995	1
9355587	1
2885151	1
7794532	1
9280811	1
4686493	1
29605521	1
2708055	1
6553899	1
4159163	1
2353462	1
3304549	1
3570933	1
874359	1
2157619	1
24766214	1
1145818	1
1883202	1
22844929	1
7695374	1
6042023	1
1006468	1
7607569	1
26536263	1
97646	1
3715509	1
41741976	1
16688350	1
538758	1
2496810	1
2159803	1
19456824	1
1071800	1
39381484	1
378453	1
15363034	1
37560278	1
3076402	1
2972681	1
2773572	1
3864062	1
7518981	1
426016	1
1595551	1
728838	1
512994	1
1558079	1
33677179	1
99954	1
8635920	1
5430682	1
167595	1
1261747	1
963153	1
9787696	1
22007135	1
4705518	1
20391922	1
16895696	1
942115	1
44817175	1
3116974	1
20734567	1
25359308	1
797886	1
32184033	1
4314	1
200953	1
9643264	1
7407286	1
3482286	1
964228	1
47878026	1
2387422	1
28540500	1
4207960	1
17848286	1
883993	1
5212629	1
28160180	1
10277	1
8042724	1
105780	1
10214245	1
956410	1
15524263	1
1165271	1
1770237	1
2699029	1
16441868	1
45686506	1
43848	1
7033912	1
20732624	1
1796294	1
22998331	1
40258505	1
15693819	1
4206594	1
5502243	1
2271404	1
100405	1
24449241	1
1476080	1
7047302	1
727370	1
24883133	1
18182443	1
614773	1
1752448	1
757346	1
591105	1
1958343	1
2195102	1
1636376	1
1033965	1
579068	1
1622023	1
20030932	1
572438	1
25061416	1
18878347	1
32688906	1
484127	1
2458121	1
42706326	1
32619026	1
261259	1
13622618	1
12660207	1
53891	1
17905860	1
5400575	1
17012202	1
24166639	1
11260	1
23662231	1
46384556	1
556066	1
30130023	1
74961	1
1612096	1
380483	1
4657942	1
1826289	1
15186917	1
368863	1
4127419	1
31000245	1
225040	1
7187223	1
8310561	1
2589244	1
3018835	1
1434840	1
6058524	1
53207	1
5597487	1
14298449	1
1310756	1
3104954	1
3694504	1
61163	1
18175897	1
19404384	1
25852388	1
863296	1
869673	1
752302	1
37081492	1
41599113	1
700919	1
369054	1
2514438	1
3390343	1
246629	1
157939	1
2899072	1
193868	1
660086	1
18830410	1
1373128	1
9493102	1
935484	1
1714891	1
21593355	1
526478	1
426420	1
3611674	1
35762264	1
1833524	1
2338628	1
1024408	1
555817	1
899892	1
10036447	1
1436403	1
1403386	1
28211412	1
1718239	1
4341828	1
48727801	1
21215055	1
3702501	1
4444431	1
21820369	1
22851830	1
19323424	1
3171978	1
1805551	1
26932810	1
2436259	1
1933209	1
2850736	1
36855004	1
1185918	1
32848116	1
1265579	1
44538	1
1590811	1
674102	1
2170681	1
32665	1
1329581	1
2119841	1
1776951	1
20989782	1
40358728	1
564181	1
2204594	1
7996048	1
16923032	1
12930529	1
23257145	1
7319359	1
37233257	1
17699760	1
2375783	1
315898	1
1172555	1
1138964	1
22783677	1
32588743	1
928134	1
5399474	1
423005	1
1112069	1
200559	1
15996074	1
1271407	1
423048	1
20918407	1
1064527	1
903169	1
6404173	1
14716896	1
597533	1
720314	1
720990	1
32915086	1
3424734	1
484247	1
577445	1
291410	1
5964174	1
1033757	1
1961885	1
201682	1
32516961	1
2081558	1
17782935	1
6235162	1
32496640	1
10895119	1
2476365	1
1868301	1
43448472	1
953049	1
13937497	1
50959	1
28500394	1
1630202	1
146050	1
5196222	1
44548584	1
26625876	1
39530703	1
7261539	1
5811150	1
7188211	1
2927591	1
23682104	1
23119835	1
25788483	1
1404327	1
1035403	1
1089160	1
193950	1
42756050	1
853219	1
199696	1
25730117	1
11584301	1
34877560	1
453999	1
7547115	1
807119	1
1842813	1
1617777	1
940388	1
913683	1
10042030	1
2273925	1
1938170	1
1636267	1
4470557	1
39011210	0
6736000	0
26711949	0
23614344	0
16830317	0
45467576	0
12385217	0
18301533	0
18346742	0
31568283	0
5738741	0
14100987	0
23146200	0
1525535	0
1890144	0
19999876	0
12633524	0
31862480	0
36902027	0
31947605	0
45591	0
17303381	0
575482	0
127971	0
18044596	0
125592	0
18544295	0
114808	0
19439168	0
9307504	0
1444011	0
36747946	0
21173633	0
29274661	0
7253309	0
33238074	0
10447140	0
18322743	0
8359607	0
2253457	0
17543620	0
24197725	0
30891140	0
4220475	0
47547189	0
26520339	0
4529267	0
91004	0
12141194	0
2273948	0
31198992	0
6861844	0
241926	0
34833311	0
4312765	0
1959927	0
32866550	0
1848876	0
473097	0
24603608	0
15922789	0
11855538	0
40839994	0
8832377	0
4519738	0
14569668	0
12467577	0
3793950	0
7393552	0
12503131	0
12240183	0
19257072	0
668984	0
2874550	0
23635945	0
19658803	0
25321798	0
75270	0
2910877	0
38419930	0
172074	0
13873436	0
5141764	0
25745941	0
471840	0
2807891	0
3385463	0
841643	0
470558	0
48383315	0
4104062	0
3568895	0
3938763	0
47845053	0
11208936	0
163903	0
2688009	0
13813075	0
6839540	0
44430930	0
25870968	0
87532	0
7223867	0
30305945	0
545502	0
15728098	0
883434	0
31101766	0
115567	0
9126963	0
45511908	0
43345	0
32966723	0
16893967	0
16036065	0
42736826	0
7565128	0
7048141	0
8423000	0
22197016	0
1780923	0
40737745	0
26194	0
45528934	0
2131301	0
44460946	0
17889785	0
41600350	0
46587241	0
2958015	0
25895678	0
633772	0
15088960	0
6518715	0
12579392	0
27707936	0
12864578	0
6807942	0
2736872	0
40256982	0
4927609	0
24153448	0
2251698	0
26216681	0
180785	0
132657	0
1769163	0
28726529	0
9533153	0
44191947	0
3372389	0
2009779	0
44586169	0
406306	0
44074495	0
2739946	0
47505886	0
17721855	0
10071447	0
64669	0
3594260	0
21104802	0
33196960	0
6870754	0
38346306	0
126259	0
44529782	0
2593490	0
21780743	0
1613426	0
42072447	0
2387135	0
26982570	0
433214	0
32818034	0
3043951	0
10723563	0
2529569	0
5579823	0
2864459	0
499679	0
44616441	0
174052	0
26042801	0
3138355	0
566952	0
19497060	0
4738034	0
939398	0
2169442	0
9586511	0
25340971	0
6550173	0
5103317	0
2715614	0
301401	0
46225295	0
24147026	0
43440231	0
4905485	0
2710204	0
7570243	0
30582104	0
19771479	0
1810966	0
1008682	0
32347144	0
30970749	0
12407138	0
6132547	0
3160230	0
28849962	0
20235432	0
32465552	0
5200051	0
13185022	0
5298462	0
36567139	0
6703766	0
48250822	0
7806783	0
47912895	0
2008426	0
33076497	0
39936889	0
2798936	0
18812971	0
17999916	0
5549439	0
17632168	0
1283873	0
10870000	0
2400874	0
446887	0
2524198	0
15110475	0
964457	0
7268358	0
26214502	0
2460206	0
39637076	0
4940277	0
547325	0
33561896	0
43504325	0
31407091	0
2124986	0
47934544	0
3099485	0
27130925	0
25781271	0
14430373	0
3026982	0
6752334	0
1183970	0
17936535	0
640080	0
19140814	0
42866415	0
7115178	0
19101697	0
15818786	0
2128096	0
43666871	0
26923544	0
8828279	0
2548889	0
1305075	0
99679	0
18880885	0
19860382	0
38771382	0
924230	0
6227435	0
29730775	0
4357933	0
714341	0
22636859	0
21223171	0
407982	0
33520610	0
564794	0
1219135	0
4237158	0
11544479	0
21500825	0
4643937	0
23910061	0
40224738	0
87475	0
22521221	0
2623447	0
31312907	0
28822300	0
148050	0
658551	0
43895577	0
6209756	0
28153633	0
3728121	0
12325933	0
28997816	0
2162718	0
42647917	0
15576036	0
5094341	0
418654	0
38838839	0
31734462	0
1542863	0
35617642	0
1634514	0
8365233	0
716369	0
8820947	0
34333295	0
3495003	0
20784193	0
504400	0
25412792	0
366402	0
24032	0
7453020	0
33924591	0
2656696	0
5950489	0
7977506	0
31847382	0
46701516	0
1226462	0
6064378	0
1474975	0
5362419	0
16703721	0
3160328	0
13724866	0
33425703	0
3420757	0
20568659	0
185128	0
8545234	0
33653838	0
31557702	0
4205925	0
32454660	0
11572391	0
11186353	0
3780666	0
47495649	0
699261	0
2435086	0
12024865	0
661373	0
3440127	0
8022805	0
24201775	0
37422267	0
1996622	0
41241967	0
10136496	0
8739547	0
43449879	0
24017152	0
39223504	0
4644910	0
2830976	0
2341895	0
18306234	0
10837677	0
8391924	0
26816666	0
1189229	0
385344	0
32986849	0
16872287	0
5094111	0
9130782	0
42023963	0
2182687	0
3054567	0
13807049	0
13866265	0
3224762	0
13646124	0
4093389	0
1748038	0
31842262	0
5636689	0
3663430	0
9888817	0
2218512	0
1902044	0
42940361	0
12174905	0
14728538	0
22740721	0
6937164	0
7769036	0
10506234	0
6390851	0
33862363	0
14695903	0
12255909	0
2530724	0
1155396	0
18055072	0
701254	0
27177610	0
128453	0
6318689	0
3149642	0
24435642	0
32066656	0
1745579	0
617678	0
20336873	0
966870	0
3347452	0
49051267	0
251176	0
30939246	0
34709341	0
105203	0
6969855	0
16086178	0
23346	0
404964	0
23595244	0
17238850	0
9037897	0
5372510	0
24324757	0
20951055	0
39550607	0
4653240	0
19910368	0
611117	0
8475177	0
13004738	0
426241	0
158967	0
7952254	0
16907206	0
414482	0
17653320	0
3495772	0
5375769	0
10484362	0
2602178	0
1769774	0
22370153	0
29074315	0
650973	0
1885519	0
7843332	0
37674612	0
402544	0
384095	0
9385300	0
166258	0
3736748	0
3824506	0
4128953	0
9599585	0
29302975	0
4216695	0
623799	0
18662520	0
23714654	0
40283888	0
5198989	0
16218646	0
1903586	0
19782847	0
1485008	0
3031499	0
41365537	0
9769302	0
11278241	0
10049868	0
2302530	0
2012413	0
12034036	0
9208696	0
6750630	0
47086247	0
1558541	0
21382985	0
1395342	0
10361890	0
3429549	0
6242706	0
1099509	0
6972332	0
11678605	0
8626391	0
10004751	0
2179000	0
7753596	0
129848	0
