7851929	1
26852276	1
2059842	1
80658	1
142809	1
1023559	1
12551239	1
25298168	1
4882421	1
25657397	1
969803	1
174686	1
6809271	1
401221	1
6452850	1
9549958	1
5182172	1
17178443	1
22510188	1
33705355	1
8727401	1
4336154	1
27429090	1
18413109	1
259560	1
2444	1
82417	1
14692944	1
7764310	1
937711	1
309953	1
8215460	1
21555729	1
15320504	1
11821712	1
152256	1
37882068	1
9167627	1
192486	1
27256415	1
26267121	1
259704	1
14182374	1
797742	1
3733665	1
43141407	1
11631	1
6265959	1
17704785	1
175855	1
8001318	1
420909	1
304326	1
12782075	1
1181554	1
6177018	1
1892510	1
1914090	1
46249758	1
14358748	1
1161441	1
21958077	1
95088	1
17238662	1
734249	1
210340	1
15139429	1
55290	1
176669	1
2313936	1
306181	1
22644900	1
38646961	1
42440302	1
4828938	1
4449869	1
8907778	1
18500963	1
451137	1
101460	1
11901636	1
45185	1
14671616	1
1393838	1
3295	1
336112	1
2579439	1
3834095	1
275092	1
5436183	1
3465607	1
1510446	1
23347928	1
52356	1
797363	1
2770621	1
4601726	1
19293805	1
3031886	1
655065	1
192115	1
318405	1
337472	1
5277677	1
8651742	1
31628021	1
27015245	1
6802948	1
259124	1
21465541	1
11053776	1
30875446	1
11066866	1
191130	1
26943847	1
29139026	1
58968	1
90919	1
583692	1
8169071	1
21606161	1
15456447	1
27569616	1
7563603	1
20220021	1
729144	1
2576205	1
160188	1
11267301	1
176846	1
4748160	1
31250337	1
15069847	1
18037568	1
1030112	1
9896297	1
32921465	1
12847401	1
46247	1
14501347	1
1265095	1
2885895	1
23388797	1
13760378	1
327843	1
2683260	1
32789431	1
339375	1
1481623	1
26055210	1
20917281	1
1813388	1
3230957	1
836768	1
479958	1
12246739	1
1402404	1
1687947	1
12577491	1
378863	1
1267277	1
543082	1
452985	1
1917003	1
28285756	1
6237787	1
11045638	1
197203	1
37116713	1
45276137	1
6278380	1
14142603	1
287007	1
2947481	1
235957	1
2727744	1
924179	1
6553491	1
535669	1
854364	1
7814097	1
38696082	1
14066992	1
184408	1
8957150	1
9064626	1
172065	1
28278595	1
180913	1
1064291	1
900437	1
6184756	1
67495	1
466995	1
30691832	1
9805131	1
3990931	1
2216162	1
19716158	1
250637	1
634769	1
1385706	1
26973311	1
15941133	1
1245989	1
3171814	1
18318330	1
923048	1
4832363	1
6147674	1
12593571	1
3892712	1
4824633	1
35600929	1
14484134	1
179109	1
363665	1
15871674	1
4965890	1
3981967	1
1458074	1
3469014	1
3308283	1
27858880	1
24058042	1
1648940	1
2822315	1
1284870	1
24895638	1
1839357	1
611323	1
3635151	1
4311620	1
42745324	1
42345739	1
2040210	1
6832008	1
13562887	1
7213804	1
174645	1
11503077	1
7251852	1
14358383	1
2768876	1
655340	1
870155	1
833172	1
171652	1
23347453	1
179339	1
480315	1
19058	1
221204	1
3768	1
18142636	1
21166371	1
1267369	1
41337339	1
6955106	1
12543174	1
11949898	1
34853582	1
38283269	1
14868	1
13842961	1
3293846	1
11014841	1
48321	1
42953802	1
3157953	1
43069535	1
1648746	1
9096400	1
42353824	1
17464359	1
44243190	1
2862182	1
32812439	1
4946909	1
243895	1
71571	1
3229756	1
44893	1
18174429	1
276370	1
749699	1
23181521	1
19845545	1
1183207	1
6158252	1
2092432	1
2386128	1
28724925	1
652623	1
7757067	1
30855067	1
1392731	1
17964875	1
24247408	1
43910	1
869115	1
5800283	1
19842117	1
4739242	1
31099127	1
644517	1
2965473	1
5654	1
663353	1
4110860	1
14053919	1
179438	1
502005	1
7679141	1
1870931	1
18400238	1
1881103	1
9317	1
159649	1
33309498	1
23953851	1
27063408	1
14362727	1
140355	1
65984	1
34460950	1
2928161	1
1398982	1
584613	1
2597142	1
14744768	1
9878563	1
1703245	1
5132010	1
833245	1
125065	1
254825	1
27162460	1
6260370	1
910089	1
131030	1
237051	1
94900	1
7403811	1
4676996	1
5417852	1
459801	1
10825	1
54088	1
2467905	1
5277720	1
26964837	1
23372339	1
3057331	1
21225381	1
2300305	1
2940352	1
5001421	1
8282465	1
33578682	1
9557992	1
40684745	1
806177	1
18902	1
1826607	1
860593	1
808224	1
7407401	1
2647398	1
33489333	1
246168	1
614984	1
187311	1
5888620	1
16675603	1
10447811	1
18950834	1
1326778	1
350352	1
333050	1
139176	1
292259	1
20708273	1
40423425	1
1260556	1
212263	1
23389099	1
16820833	1
624204	1
18613788	1
7839964	1
49396112	1
4251631	1
9470599	1
39235712	1
4195416	1
174316	1
9711233	1
35860950	1
3386200	1
8009865	1
30858211	1
1361315	1
19405504	1
12327653	1
5313820	1
940405	1
1217100	1
32554214	1
5859502	1
3006964	1
42874	1
25495046	1
363938	1
1958812	1
10730694	1
9239	1
26328390	1
660343	1
2741456	1
32263049	1
351724	1
36405796	1
3354	1
86249	1
6717020	1
42353816	1
7989756	1
3563437	1
46427840	1
244649	1
766657	1
2136620	1
27131510	1
10521382	1
14627648	1
25031025	1
1633405	1
2842026	1
3361400	1
2982520	1
3977865	1
902183	1
2237161	1
29386871	1
378119	1
4799111	1
19210585	1
15833310	1
42230	1
5964256	1
5304921	1
9217519	1
6776779	1
20024427	1
315989	1
2151322	1
4129413	1
2174631	1
14881836	1
2460590	1
521326	1
921111	1
7879997	1
31172240	1
3315388	1
129837	1
26991266	1
4758785	1
22298611	1
16810	1
13432162	1
10477950	1
1361960	1
768720	1
53703	1
628433	1
265561	1
3677199	1
24134662	1
1976850	1
2438311	1
4039530	1
7533142	1
33417831	1
750243	1
6151067	1
26461937	1
1343856	1
735563	1
17171654	1
21235843	1
16587050	1
12108366	1
27372245	1
2411002	1
167967	1
98577	1
1005095	1
1261548	1
18541869	0
32206158	0
2889289	0
22889202	0
7287620	0
520170	0
701088	0
7442313	0
849804	0
2060197	0
10444266	0
14191780	0
32810996	0
11893384	0
20963482	0
14101088	0
1562573	0
39950758	0
29483630	0
147422	0
240223	0
627304	0
29955215	0
46717400	0
10625733	0
93436	0
18298117	0
1551867	0
1990221	0
3202775	0
16125132	0
50208	0
18428226	0
6263618	0
9898902	0
31817995	0
8838210	0
22727316	0
23275965	0
5097132	0
7249609	0
478995	0
3973434	0
22358287	0
34409252	0
40641002	0
26551701	0
15378755	0
25598370	0
3996570	0
2146971	0
1191366	0
15386248	0
14860300	0
7426252	0
4195739	0
23807669	0
133467	0
31014946	0
2380093	0
5804522	0
21359814	0
27210013	0
7832967	0
9856128	0
24139662	0
13288465	0
161119	0
21388690	0
13201636	0
44288563	0
1783180	0
7394299	0
9496586	0
297806	0
691531	0
39281973	0
629158	0
4960006	0
23942156	0
8577950	0
7117104	0
32959598	0
23736708	0
323338	0
878666	0
2121691	0
6334370	0
36648442	0
1664759	0
180836	0
3115960	0
4057580	0
39124471	0
33712291	0
23204521	0
2866815	0
47533599	0
22821587	0
11068486	0
1639277	0
1199793	0
23947413	0
6763409	0
36278310	0
1509671	0
5802999	0
18134182	0
37669609	0
3193696	0
8431862	0
11140795	0
5112979	0
2303087	0
1031396	0
15705574	0
15301389	0
15330415	0
113869	0
138041	0
2025110	0
5009562	0
20604402	0
25412706	0
25268286	0
21806806	0
10159207	0
34160387	0
20386290	0
20936768	0
13797269	0
153000	0
8540826	0
1747516	0
555096	0
7774694	0
329620	0
12596631	0
3516637	0
33512279	0
3553812	0
17288237	0
131396	0
77954	0
656494	0
33121277	0
122016	0
39114844	0
309661	0
175267	0
14714781	0
3024815	0
672887	0
810741	0
15063650	0
6056691	0
31741692	0
1849184	0
9443013	0
1370255	0
387597	0
8619471	0
8804193	0
103266	0
205150	0
14703915	0
34915971	0
35270294	0
32645383	0
18250669	0
729193	0
2571381	0
7159346	0
11190608	0
135350	0
17111170	0
17784736	0
941481	0
35052454	0
24385883	0
4709453	0
123713	0
16473519	0
354939	0
185228	0
34257148	0
22951620	0
12462824	0
24534107	0
4284642	0
18675222	0
4664439	0
6109189	0
5919410	0
31485432	0
109816	0
41548862	0
1530595	0
5611636	0
40464413	0
846993	0
6981770	0
2362736	0
4866311	0
31998207	0
3245357	0
18396886	0
4496294	0
26362091	0
13721705	0
4906054	0
3667066	0
6223573	0
34866523	0
2769128	0
28936469	0
35132436	0
4015307	0
13408833	0
210732	0
33382091	0
4680562	0
1746690	0
35237470	0
22225106	0
1700302	0
631386	0
14806941	0
25826060	0
7655699	0
41713414	0
2406232	0
2029195	0
10618022	0
4451317	0
10439093	0
434032	0
3609047	0
969860	0
2592129	0
14979810	0
24009847	0
1636572	0
10853093	0
6139948	0
16884724	0
36060165	0
43566466	0
127264	0
704976	0
22246357	0
14881490	0
27199579	0
27887734	0
46511547	0
38294825	0
47399595	0
14943472	0
396688	0
1061968	0
25968833	0
4976832	0
8666134	0
10934344	0
21180729	0
7281941	0
11506348	0
6531595	0
144936	0
10994382	0
42018684	0
15485811	0
23078170	0
9509675	0
1953120	0
32511297	0
323177	0
136488	0
21280349	0
12838125	0
26301474	0
10328607	0
2290835	0
41478147	0
510076	0
10508051	0
1991671	0
2988497	0
7356531	0
6071690	0
3933257	0
45619626	0
23281	0
38911516	0
27682041	0
1839071	0
6209831	0
18588333	0
110702	0
4845197	0
12469612	0
22858015	0
4330237	0
13960345	0
32999633	0
12445383	0
13260739	0
30860498	0
5794534	0
31305550	0
3843580	0
9732783	0
450665	0
33092919	0
10312791	0
3277341	0
16286349	0
7793432	0
45538101	0
13676128	0
930325	0
17088831	0
15439520	0
4861073	0
1354745	0
32029025	0
1907958	0
4608013	0
19748757	0
29388924	0
239479	0
2739013	0
932704	0
3629462	0
48760688	0
930501	0
1463268	0
855901	0
220980	0
307160	0
22329149	0
19125900	0
569014	0
113946	0
20782927	0
1164050	0
11020355	0
16896467	0
32766616	0
4395873	0
136451	0
1501598	0
3938599	0
5645265	0
6981563	0
1153379	0
9636993	0
3751111	0
19399961	0
18905282	0
1552303	0
3720092	0
3970302	0
3700023	0
29475380	0
1664428	0
5712266	0
30836509	0
15123686	0
30965352	0
3561418	0
924789	0
17622393	0
215891	0
26941740	0
28731287	0
2955692	0
84878	0
3780050	0
2507540	0
24349896	0
17687220	0
2135021	0
8055458	0
90598	0
1743537	0
4496082	0
5621107	0
5653451	0
1654827	0
7110366	0
14613185	0
30873922	0
136915	0
36163428	0
6134205	0
2814872	0
9234824	0
41145406	0
2872667	0
2545986	0
6058361	0
3622524	0
3011073	0
11097429	0
8167162	0
11906772	0
18979741	0
1134282	0
45715517	0
1730687	0
24864454	0
11544610	0
22199473	0
38742024	0
5560945	0
1111540	0
25649107	0
15086289	0
127911	0
15022389	0
29609021	0
28191537	0
18131256	0
93448	0
2988725	0
4544706	0
10045774	0
17406451	0
9585229	0
2856559	0
6887522	0
2996956	0
12565036	0
9222900	0
15146093	0
35784381	0
4521040	0
16405640	0
925580	0
1924406	0
24485721	0
14335854	0
4049372	0
4108403	0
48794756	0
8054857	0
32920282	0
12714296	0
9516993	0
18012991	0
25016333	0
59752	0
116402	0
12189029	0
4405620	0
19027020	0
16510	0
1779608	0
1175765	0
24158127	0
12844839	0
4610463	0
13134794	0
2904913	0
26565177	0
10438479	0
1104730	0
11788268	0
6277078	0
2127377	0
140726	0
10525836	0
21622655	0
6816802	0
13636769	0
1213360	0
9174950	0
1517381	0
5943238	0
35851694	0
16416962	0
32163314	0
6482771	0
4728055	0
37816405	0
32073244	0
35035696	0
28033262	0
46918611	0
44195547	0
28967300	0
1800015	0
33616617	0
9706643	0
773824	0
1639025	0
5344305	0
199033	0
4273941	0
